10 0.15715317919075145 0.16576086956521738 0.08851156069364162 0.12771739130434784
5 0.22434971098265896 0.17119565217391305 0.06502890173410404 0.11277173913043478
9 0.2651734104046243 0.1766304347826087 0.057803468208092484 0.10054347826086957
18 0.3211705202312139 0.18206521739130435 0.07008670520231214 0.11548913043478261
9 0.10151734104046242 0.2921195652173913 0.11524566473988439 0.17255434782608695
2 0.18063583815028902 0.3016304347826087 0.10802023121387283 0.16032608695652173
3 0.2611994219653179 0.3111413043478261 0.108742774566474 0.16983695652173914
6 0.34790462427745666 0.3179347826086957 0.11813583815028902 0.17798913043478262
9 0.546242774566474 0.17527173913043478 0.1329479768786127 0.35054347826086957
5 0.6492052023121387 0.23233695652173914 0.13945086705202311 0.46467391304347827
5 0.7554190751445087 0.2554347826086957 0.1365606936416185 0.5054347826086957
6 0.8710260115606936 0.29483695652173914 0.15823699421965318 0.4266304347826087
17 0.9562861271676301 0.3423913043478261 0.08742774566473989 0.33152173913043476
10 0.085621387283237 0.6711956521739131 0.09573699421965318 0.2269021739130435
1 0.14017341040462428 0.7078804347826086 0.06611271676300579 0.20923913043478262
5 0.17341040462427745 0.7336956521739131 0.06719653179190752 0.21331521739130435
11 0.2138728323699422 0.7649456521739131 0.07767341040462428 0.21467391304347827
8 0.26372832369942195 0.7961956521739131 0.06683526011560693 0.20244565217391305
7 0.3002167630057804 0.8220108695652174 0.06394508670520231 0.19972826086956522
1 0.33489884393063585 0.8505434782608695 0.06322254335260116 0.19972826086956522
3 0.368135838150289 0.8722826086956522 0.06105491329479769 0.1956521739130435
10 0.666907514450867 0.6331521739130435 0.08778901734104046 0.11684782608695653
1 0.7084537572254336 0.6834239130434783 0.049132947976878616 0.08423913043478261
13 0.7507225433526011 0.7309782608695652 0.078757225433526 0.11413043478260869
1 0.5346820809248555 0.6019021739130435 0.10946531791907514 0.17391304347826086
2 0.6134393063583815 0.7010869565217391 0.13005780346820808 0.1793478260869565
4 0.6986994219653179 0.813858695652174 0.13186416184971098 0.1793478260869565
0 0.7966040462427746 0.9211956521739131 0.1510115606936416 0.15760869565217392