2 0.0739247311827957 0.16176470588235295 0.1478494623655914 0.25630252100840334
3 0.21774193548387097 0.12394957983193278 0.1827956989247312 0.24789915966386555
6 0.33602150537634407 0.09033613445378151 0.08602150537634409 0.18067226890756302
10 0.5416666666666666 0.09873949579831932 0.1639784946236559 0.19747899159663865
1 0.6720430107526881 0.10294117647058823 0.0967741935483871 0.20588235294117646
6 0.7634408602150538 0.10504201680672269 0.10215053763440861 0.21008403361344538
11 0.8830645161290323 0.10084033613445378 0.12096774193548387 0.20168067226890757
8 0.488578761424766 0.37640171887087637 0.18047118035045379 0.3029397860944441
2 0.6501822203896583 0.38040464367888877 0.16402901170814216 0.29409638109625375
9 0.803486310937333 0.37832506930532406 0.16387244351601848 0.28989470042398485
2 0.9341397849462365 0.37815126050420167 0.13172043010752688 0.3025210084033613
10 0.10887096774193548 0.6092436974789915 0.09408602150537634 0.14285714285714285
2 0.20026881720430106 0.6029411764705882 0.07258064516129033 0.13025210084033614
16 0.2674731182795699 0.6071428571428571 0.08333333333333333 0.13865546218487396
5 0.09901666532260382 0.7996607246546198 0.07424986972083132 0.19090914547565307
0 0.1617972878530475 0.7874330186638084 0.07740774634021287 0.20358752810140188
9 0.22876673664013086 0.7792969824318527 0.07772088272446018 0.2119908894459398
5 0.2932045815763272 0.7754359674811081 0.07171826586994422 0.1950374855389799
10 0.6169354838709677 0.6785714285714286 0.17204301075268819 0.14915966386554622
9 0.7473118279569892 0.6638655462184874 0.11693548387096774 0.14285714285714285
11 0.8548387096774194 0.6512605042016807 0.12096774193548387 0.13445378151260504
7 0.5295698924731183 0.8529411764705882 0.1532258064516129 0.18067226890756302
6 0.6639784946236559 0.8361344537815126 0.13844086021505375 0.18067226890756302
9 0.7983870967741935 0.8172268907563025 0.12903225806451613 0.1722689075630252
0 0.918010752688172 0.8004201680672269 0.12365591397849462 0.16176470588235295