10 0.23111510791366907 0.048561151079136694 0.12769784172661872 0.09712230215827339
1 0.322841726618705 0.05935251798561151 0.09532374100719425 0.11870503597122302
6 0.381294964028777 0.07194244604316546 0.09352517985611511 0.14388489208633093
11 0.4523381294964029 0.09172661870503597 0.12050359712230216 0.18345323741007194
8 0.1293118241798269 0.18403190332189293 0.17372547351999712 0.36438901597039025
2 0.2536043133559594 0.23813064796952288 0.16991884270175978 0.35677575433391556
7 0.3778444254030721 0.2904308314660737 0.17562878892911582 0.3681956467886277
3 0.5035971223021583 0.3435251798561151 0.17266187050359713 0.36330935251798563
0 0.6232014388489209 0.06474820143884892 0.06654676258992806 0.12949640287769784
7 0.7149280575539568 0.0683453237410072 0.08093525179856115 0.1366906474820144
7 0.7742805755395683 0.0737410071942446 0.08453237410071943 0.1474820143884892
8 0.8606115107913669 0.08093525179856115 0.08812949640287769 0.1618705035971223
7 0.664568345323741 0.26618705035971224 0.14928057553956833 0.2949640287769784
5 0.7829139324456268 0.2845629146874572 0.14866811042733577 0.3041114484268299
1 0.9034086601857254 0.30120613793654394 0.15374953110645442 0.29394860706859227
10 0.046762589928057555 0.670863309352518 0.09352517985611511 0.22661870503597123
6 0.15377697841726617 0.6834532374100719 0.1528776978417266 0.2517985611510791
0 0.2580935251798561 0.6924460431654677 0.13129496402877697 0.2697841726618705
18 0.4181654676258993 0.7266187050359713 0.17446043165467626 0.3381294964028777
2 0.09622302158273381 0.8741007194244604 0.19244604316546762 0.2517985611510791
8 0.24550359712230216 0.89568345323741 0.22482014388489208 0.20863309352517986
5 0.427158273381295 0.9190647482014388 0.22841726618705036 0.1618705035971223
3 0.6699640287769785 0.7140287769784173 0.16007194244604317 0.3129496402877698
11 0.8066546762589928 0.7535971223021583 0.21762589928057555 0.3920863309352518
3 0.9451438848920863 0.7931654676258992 0.10971223021582734 0.4136690647482014