10 0.08781674993445487 0.22725446176219857 0.09542341811203003 0.32261519251596443
1 0.17074832425110026 0.1863600299287422 0.06692932906691493 0.3041883699594469
6 0.22292342008292396 0.15725041910472184 0.06391280981397279 0.3130443720222223
11 0.2861635220125786 0.14485981308411214 0.0880503144654088 0.2897196261682243
8 0.04559748427672956 0.5794392523364486 0.09119496855345911 0.3925233644859813
2 0.13993580429057323 0.5455410035650515 0.12645084546448193 0.41138036918128124
7 0.25044716929521293 0.49568799165003796 0.13129596143166558 0.4214608520684266
3 0.36331702486589046 0.44546763548771345 0.12808723992606108 0.4162981625424168
10 0.5361635220125787 0.32242990654205606 0.09355345911949685 0.3341121495327103
8 0.6163522012578616 0.32009345794392524 0.06446540880503145 0.27102803738317754
2 0.6721698113207547 0.34813084112149534 0.055031446540880505 0.25
18 0.7185534591194969 0.3621495327102804 0.0589622641509434 0.27102803738317754
1 0.7672955974842768 0.37149532710280375 0.05110062893081761 0.25
5 0.8121069182389937 0.37616822429906543 0.06289308176100629 0.25934579439252337
4 0.8789308176100629 0.3901869158878505 0.05267295597484277 0.24299065420560748
5 0.9221698113207547 0.40420560747663553 0.0589622641509434 0.2757009345794392
9 0.2696540880503145 0.9182242990654206 0.13050314465408805 0.16355140186915887
1 0.41037735849056606 0.8878504672897196 0.10377358490566038 0.22429906542056074
3 0.5416666666666666 0.852803738317757 0.0770440251572327 0.1542056074766355
11 0.6242138364779874 0.8411214953271028 0.10377358490566038 0.1308411214953271
6 0.714622641509434 0.8130841121495327 0.08647798742138364 0.07476635514018691