5 0.11779661016949153 0.1228813559322034 0.1440677966101695 0.2457627118644068
11 0.24661016949152542 0.11016949152542373 0.15423728813559323 0.22033898305084745
6 0.3601694915254237 0.11440677966101695 0.11694915254237288 0.2288135593220339
10 0.6288135593220339 0.06779661016949153 0.11864406779661017 0.13559322033898305
8 0.7169491525423729 0.04025423728813559 0.0711864406779661 0.08050847457627118
11 0.7906779661016949 0.02754237288135593 0.09661016949152543 0.05508474576271186
8 0.5347457627118644 0.2860169491525424 0.1440677966101695 0.3008474576271186
9 0.6546703809267697 0.2593415568487228 0.13905180861283317 0.32668119785972544
2 0.7711698106962187 0.20946533788948582 0.1408850785872165 0.3310911422561849
6 0.888135593220339 0.15466101694915255 0.13898305084745763 0.3093220338983051
10 0.06949152542372881 0.8538135593220338 0.08389830508474576 0.2733050847457627
9 0.13389830508474576 0.7923728813559322 0.05254237288135593 0.22245762711864406
11 0.18559322033898304 0.7372881355932204 0.06694915254237288 0.2521186440677966
1 0.2330508474576271 0.6927966101694916 0.04915254237288136 0.24364406779661016
2 0.2745762711864407 0.6483050847457628 0.05 0.2266949152542373
2 0.3135593220338983 0.6165254237288136 0.048305084745762714 0.2330508474576271
3 0.35338983050847456 0.5847457627118644 0.053389830508474574 0.25
0 0.46779661016949153 0.8538135593220338 0.06440677966101695 0.21822033898305085
0 0.7864406779661017 0.5720338983050848 0.02457627118644068 0.11016949152542373
1 0.8050847457627118 0.565677966101695 0.026271186440677965 0.12076271186440678
2 0.5228813559322034 0.8305084745762712 0.061016949152542375 0.19703389830508475
5 0.5771186440677966 0.8220338983050848 0.0635593220338983 0.21398305084745764
11 0.6728813559322034 0.7754237288135594 0.08813559322033898 0.2266949152542373
1 0.7610169491525424 0.7415254237288136 0.0635593220338983 0.21398305084745764
9 0.8144067796610169 0.722457627118644 0.061016949152542375 0.19703389830508475
1 0.8694915254237288 0.701271186440678 0.06016949152542373 0.19703389830508475
5 0.9220338983050848 0.6779661016949152 0.0635593220338983 0.21398305084745764
10 0.5957627118644068 0.6461864406779662 0.036440677966101696 0.1228813559322034