10 0.06335616438356165 0.19754464285714285 0.1267123287671233 0.24776785714285715
5 0.20216058833821357 0.23298906863816216 0.12767428696835056 0.2677444216338852
11 0.33074984239243166 0.24120843720487797 0.13783852855777592 0.2659019711192224
6 0.4520547945205479 0.25892857142857145 0.11301369863013698 0.24107142857142858
10 0.5642123287671232 0.19754464285714285 0.0976027397260274 0.22321428571428573
5 0.646404109589041 0.21316964285714285 0.0684931506849315 0.21428571428571427
11 0.7097602739726028 0.22321428571428573 0.07277397260273973 0.22879464285714285
4 0.7799657534246576 0.23995535714285715 0.07448630136986302 0.21875
6 0.8476027397260274 0.24665178571428573 0.07448630136986302 0.21875
5 0.9058219178082192 0.2578125 0.06678082191780822 0.22544642857142858
3 0.9674657534246576 0.26450892857142855 0.06506849315068493 0.22544642857142858
0 0.0547945205479452 0.7689732142857143 0.1095890410958904 0.18080357142857142
4 0.2066263781003967 0.7111599885941917 0.10688650841183912 0.15778488312016506
7 0.2880832236128184 0.6819439302673346 0.1189825407950165 0.1604716670435347
8 0.4340753424657534 0.6171875 0.14897260273972604 0.16741071428571427
3 0.20205479452054795 0.9341517857142857 0.20205479452054795 0.13169642857142858
1 0.3801369863013699 0.9029017857142857 0.1917808219178082 0.19419642857142858
3 0.4845890410958904 0.8448660714285714 0.04794520547945205 0.20758928571428573
10 0.6172945205479452 0.7109375 0.0761986301369863 0.3046875
1 0.6797945205479452 0.7466517857142857 0.045376712328767124 0.2857142857142857
1 0.7183219178082192 0.7511160714285714 0.04023972602739726 0.27455357142857145
11 0.7654109589041096 0.7756696428571429 0.059931506849315065 0.2924107142857143
6 0.8227739726027398 0.8180803571428571 0.04280821917808219 0.3002232142857143
9 0.8595890410958904 0.8102678571428571 0.04280821917808219 0.29575892857142855
2 0.8946917808219178 0.8270089285714286 0.03767123287671233 0.2890625
3 0.928082191780822 0.84375 0.036815068493150686 0.27455357142857145