10 0.10327635327635327 0.08658008658008658 0.20655270655270655 0.17316017316017315
4 0.25071225071225073 0.09415584415584416 0.150997150997151 0.18831168831168832
11 0.36894586894586895 0.09307359307359307 0.1396011396011396 0.18614718614718614
7 0.051994301994301995 0.2803030303030303 0.10398860398860399 0.25757575757575757
1 0.14886039886039887 0.29329004329004327 0.18091168091168092 0.23160173160173161
4 0.3005698005698006 0.2943722943722944 0.19943019943019943 0.22943722943722944
0 0.4045584045584046 0.3041125541125541 0.06837606837606838 0.20995670995670995
10 0.49145299145299143 0.1396103896103896 0.10398860398860399 0.2326839826839827
2 0.5740740740740741 0.1645021645021645 0.07905982905982906 0.20454545454545456
1 0.6331908831908832 0.1774891774891775 0.07336182336182336 0.2077922077922078
11 0.6972934472934473 0.1937229437229437 0.08903133903133903 0.2077922077922078
2 0.7649572649572649 0.20887445887445888 0.07193732193732194 0.2002164502164502
6 0.8205128205128205 0.2132034632034632 0.07051282051282051 0.19047619047619047
7 0.8753561253561254 0.22294372294372294 0.07336182336182336 0.20346320346320346
0 0.9294871794871795 0.2326839826839827 0.06623931623931624 0.19696969696969696
10 0.06196581196581197 0.577922077922078 0.08404558404558404 0.2727272727272727
1 0.11823361823361823 0.6028138528138528 0.05413105413105413 0.25757575757575757
5 0.15313390313390313 0.6201298701298701 0.05626780626780627 0.26515151515151514
11 0.19586894586894588 0.6406926406926406 0.06623931623931624 0.262987012987013
8 0.24715099715099714 0.6601731601731602 0.05626780626780627 0.25216450216450215
7 0.2849002849002849 0.6764069264069265 0.053418803418803416 0.24891774891774893
1 0.3212250712250712 0.6991341991341992 0.051994301994301995 0.24891774891774893
3 0.3561253561253561 0.711038961038961 0.05056980056980057 0.2435064935064935
3 0.7215099715099715 0.54004329004329 0.02849002849002849 0.10281385281385282
0 0.7585470085470085 0.5627705627705628 0.027777777777777776 0.10714285714285714
1 0.7806267806267806 0.5833333333333334 0.03276353276353276 0.12121212121212122
0 0.4829059829059829 0.5670995670995671 0.06552706552706553 0.22835497835497837
2 0.5363247863247863 0.5974025974025974 0.06837606837606838 0.22835497835497837
3 0.5904558404558404 0.6277056277056277 0.06695156695156695 0.22835497835497837
11 0.6723646723646723 0.6774891774891775 0.08831908831908832 0.25216450216450215
5 0.7485754985754985 0.7175324675324676 0.06552706552706553 0.22402597402597402
0 0.8005698005698005 0.762987012987013 0.06054131054131054 0.21536796536796537
2 0.8525641025641025 0.788961038961039 0.0641025641025641 0.22402597402597402
8 0.905982905982906 0.8225108225108225 0.06837606837606838 0.22402597402597402