10 0.341029733392716 0.21809266033159025 0.21446119813183165 0.29823001344365135
4 0.4813752789493951 0.15075225194147404 0.15753570796218766 0.26549419926575474
11 0.5971467391304348 0.10185185185185185 0.1644021739130435 0.2037037037037037
7 0.2873641304347826 0.49691358024691357 0.24864130434782608 0.2654320987654321
1 0.44089673913043476 0.4609053497942387 0.19157608695652173 0.3374485596707819
4 0.5774456521739131 0.38065843621399176 0.20380434782608695 0.35802469135802467
0 0.6555706521739131 0.29218106995884774 0.04755434782608696 0.345679012345679
10 0.7384510869565217 0.47016460905349794 0.06114130434782609 0.2962962962962963
2 0.7805706521739131 0.42489711934156377 0.046875 0.3549382716049383
11 0.8179347826086957 0.3549382716049383 0.050271739130434784 0.36728395061728397
8 0.8586956521739131 0.26954732510288065 0.050271739130434784 0.36213991769547327
0 0.8926630434782609 0.2006172839506173 0.042119565217391304 0.35390946502057613
5 0.9266304347826086 0.1574074074074074 0.04755434782608696 0.3148148148148148
4 0.9639945652173914 0.1183127572016461 0.04891304347826087 0.2366255144032922
0 0.16508152173913043 0.7736625514403292 0.18885869565217392 0.147119341563786
6 0.3423913043478261 0.7170781893004116 0.12364130434782608 0.1286008230452675
13 0.4904891304347826 0.6882716049382716 0.16576086956521738 0.11728395061728394
1 0.12907608695652173 0.9156378600823045 0.16304347826086957 0.16152263374485595
4 0.27241847826086957 0.8744855967078189 0.16847826086956522 0.16769547325102882
4 0.4205163043478261 0.8323045267489712 0.16847826086956522 0.16563786008230452
7 0.5618206521739131 0.7901234567901234 0.17051630434782608 0.17181069958847736
2 0.7139945652173914 0.8981481481481481 0.06929347826086957 0.2037037037037037
9 0.7577118700226294 0.8425922876133163 0.1406218759208441 0.24994088860202449
18 0.9089673913043478 0.7366255144032922 0.18206521739130435 0.2139917695473251
7 0.8783967391304348 0.926954732510288 0.24320652173913043 0.14609053497942387