6 0.2099236641221374 0.035326086956521736 0.13740458015267176 0.07065217391304347
11 0.34923664122137404 0.057065217391304345 0.17938931297709923 0.11413043478260869
6 0.04580152671755725 0.1766304347826087 0.0916030534351145 0.32065217391304346
7 0.19083969465648856 0.21739130434782608 0.22137404580152673 0.33695652173913043
4 0.37213740458015265 0.24456521739130435 0.1717557251908397 0.2826086956521739
3 0.5057251908396947 0.26902173913043476 0.09541984732824428 0.23369565217391305
11 0.5992366412213741 0.27717391304347827 0.12213740458015267 0.21739130434782608
6 0.6984732824427481 0.2826086956521739 0.09923664122137404 0.20652173913043478
1 0.7824427480916031 0.2907608695652174 0.0916030534351145 0.19021739130434784
5 0.8664122137404581 0.2907608695652174 0.09923664122137404 0.19021739130434784
0 0.9522900763358778 0.296195652173913 0.09541984732824428 0.1793478260869565
10 0.2774203052917142 0.5986841468002272 0.19000366123694323 0.2878035332776723
4 0.42366412213740456 0.6168478260869565 0.06870229007633588 0.29891304347826086
3 0.1946564885496183 0.8668478260869565 0.19083969465648856 0.266304347826087
2 0.366412213740458 0.8885869565217391 0.183206106870229 0.22282608695652173
10 0.77047738546381 0.5611343083474226 0.24765542577310828 0.3074296374269449
11 0.9484732824427481 0.625 0.10305343511450382 0.2826086956521739
0 0.6245667820674683 0.8220731070914391 0.228704741687199 0.3117571679279121
7 0.8225190839694656 0.8614130434782609 0.1946564885496183 0.27717391304347827
7 0.9561068702290076 0.8831521739130435 0.08778625954198473 0.23369565217391305