10 0.15853658536585366 0.1214622641509434 0.11178861788617886 0.14858490566037735
1 0.23915989159891599 0.12735849056603774 0.06029810298102981 0.13679245283018868
6 0.2994579945799458 0.12853773584905662 0.06639566395663957 0.1403301886792453
11 0.37398373983739835 0.1332547169811321 0.08807588075880758 0.14858490566037735
9 0.08807588075880758 0.25943396226415094 0.1043360433604336 0.14268867924528303
6 0.19037940379403795 0.2606132075471698 0.10230352303523035 0.1474056603773585
7 0.29471544715447157 0.2653301886792453 0.10975609756097561 0.15330188679245282
4 0.40311653116531165 0.27240566037735847 0.10772357723577236 0.14858490566037735
1 0.8434959349593496 0.1403301886792453 0.14498644986449866 0.2806603773584906
1 0.9532520325203252 0.1544811320754717 0.09349593495934959 0.3089622641509434
10 0.06910569105691057 0.6426886792452831 0.07452574525745258 0.294811320754717
1 0.1294037940379404 0.6591981132075472 0.03929539295392954 0.2617924528301887
6 0.16802168021680217 0.6639150943396226 0.041327913279132794 0.294811320754717
11 0.21883468834688347 0.6639150943396226 0.05623306233062331 0.29127358490566035
5 0.28319783197831977 0.6698113207547169 0.06368563685636856 0.30542452830188677
5 0.33739837398373984 0.6875 0.05962059620596206 0.30424528301886794
4 0.39498644986449866 0.6851415094339622 0.05758807588075881 0.27240566037735847
9 0.4532520325203252 0.6863207547169812 0.06368563685636856 0.2865566037735849
10 0.5657181571815718 0.6391509433962265 0.06707317073170732 0.2806603773584906
18 0.7540650406504065 0.6639150943396226 0.05962059620596206 0.2358490566037736
6 0.6443089430894309 0.6544811320754716 0.03929539295392954 0.23231132075471697
3 0.6971544715447154 0.6627358490566038 0.04878048780487805 0.23349056603773585
4 0.8306233062330624 0.6768867924528302 0.044715447154471545 0.2205188679245283
5 0.8956639566395664 0.6992924528301887 0.03726287262872629 0.21933962264150944
7 0.9363143631436315 0.7028301886792453 0.041327913279132794 0.2134433962264151
2 0.9769647696476965 0.7264150943396226 0.044715447154471545 0.23938679245283018