2 0.11855843584081636 0.16517102383297158 0.14116298846618522 0.2710797967491633
3 0.18505154639175259 0.1274131274131274 0.06907216494845361 0.2548262548262548
10 0.29896907216494845 0.3088803088803089 0.14948453608247422 0.22007722007722008
4 0.411340206185567 0.27606177606177607 0.14123711340206185 0.22683397683397682
11 0.5103092783505154 0.24324324324324326 0.16752577319587628 0.25386100386100385
1 0.6134020618556701 0.2055984555984556 0.15 0.2384169884169884
2 0.7036082474226805 0.1611969111969112 0.1438144329896907 0.23455598455598456
3 0.7938144329896907 0.12644787644787644 0.1438144329896907 0.23455598455598456
3 0.8917525773195877 0.10714285714285714 0.1618556701030928 0.2133204633204633
4 0.10979381443298969 0.721042471042471 0.21958762886597938 0.4922779922779923
10 0.30412371134020616 0.8754826254826255 0.16030927835051548 0.24806949806949807
1 0.4025773195876289 0.8407335907335908 0.11752577319587629 0.2972972972972973
7 0.47989690721649486 0.7934362934362934 0.12474226804123711 0.34266409266409265
11 0.5711340206185567 0.7152509652509652 0.15051546391752577 0.37934362934362936
2 0.6721649484536083 0.6167953667953668 0.1231958762886598 0.34266409266409265
7 0.7463917525773196 0.5762548262548263 0.12010309278350516 0.3137065637065637
5 0.815979381443299 0.5434362934362934 0.11443298969072165 0.24903474903474904
4 0.8902061855670103 0.5019305019305019 0.11494845360824742 0.16602316602316602