13 0.0706896551724138 0.3582089552238806 0.1413793103448276 0.27860696517412936
1 0.45775862068965517 0.2810945273631841 0.07844827586206897 0.25
1 0.5232758620689655 0.32587064676616917 0.08448275862068966 0.2574626865671642
11 0.603448275862069 0.3681592039800995 0.1103448275862069 0.26492537313432835
3 0.7103448275862069 0.4166666666666667 0.10344827586206896 0.2325870646766169
2 0.7982758620689655 0.4552238805970149 0.0896551724137931 0.22885572139303484
4 0.881896551724138 0.472636815920398 0.09741379310344828 0.19402985074626866
4 0.9612068965517241 0.4975124378109453 0.07758620689655173 0.14427860696517414
10 0.10086206896551723 0.7761194029850746 0.09568965517241379 0.1417910447761194
5 0.17844827586206896 0.7699004975124378 0.05862068965517241 0.14054726368159204
11 0.23706896551724138 0.7562189054726368 0.06896551724137931 0.13681592039800994
5 0.056896551724137934 0.9154228855721394 0.09051724137931035 0.16417910447761194
6 0.16379310344827586 0.9166666666666666 0.11293103448275862 0.1654228855721393
4 0.27844827586206894 0.904228855721393 0.11206896551724138 0.19154228855721392
18 0.7517241379310344 0.736318407960199 0.10344827586206896 0.09203980099502487
10 0.5258620689655172 0.7910447761194029 0.12327586206896551 0.10199004975124377
4 0.6258620689655172 0.7723880597014925 0.075 0.07960199004975124
1 0.6870689655172414 0.7587064676616916 0.07241379310344828 0.07960199004975124
3 0.4870689655172414 0.917910447761194 0.12586206896551724 0.12189054726368159
2 0.6120689655172413 0.8880597014925373 0.1103448275862069 0.10696517412935323
1 0.7379310344827587 0.8644278606965174 0.12844827586206897 0.1256218905472637
8 0.8405172413793104 0.8407960199004975 0.12155172413793103 0.11069651741293532