10 0.09128065395095368 0.07528409090909091 0.18256130790190736 0.15056818181818182
2 0.2561307901907357 0.056818181818181816 0.14168937329700274 0.11363636363636363
1 0.1178474114441417 0.375 0.2356948228882834 0.44886363636363635
0 0.3106267029972752 0.3622159090909091 0.19618528610354224 0.4744318181818182
10 0.6158038147138964 0.2372159090909091 0.14168937329700274 0.1690340909090909
5 0.739100817438692 0.22443181818181818 0.10149863760217984 0.16761363636363635
11 0.8446866485013624 0.2059659090909091 0.11989100817438691 0.17329545454545456
4 0.5074931880108992 0.4744318181818182 0.1771117166212534 0.22017045454545456
4 0.6600817438692098 0.4559659090909091 0.1566757493188011 0.2315340909090909
9 0.7963215258855586 0.4346590909090909 0.1369209809264305 0.20880681818181818
3 0.9134877384196185 0.41051136363636365 0.13010899182561309 0.20880681818181818
10 0.0497275204359673 0.8948863636363636 0.09264305177111716 0.20880681818181818
4 0.12670299727520437 0.8806818181818182 0.06267029972752043 0.20738636363636365
16 0.20572207084468666 0.8636363636363636 0.09196185286103542 0.19602272727272727
7 0.27997275204359673 0.8522727272727273 0.0681198910081744 0.21448863636363635
3 0.3385558583106267 0.8394886363636364 0.06403269754768393 0.22017045454545456
1 0.3862397820163488 0.8366477272727273 0.036103542234332424 0.21732954545454544
10 0.5926430517711172 0.7457386363636364 0.12465940054495912 0.14914772727272727
1 0.7043596730245232 0.7414772727272727 0.08446866485013624 0.14914772727272727
8 0.7683923705722071 0.7386363636363636 0.082425068119891 0.14914772727272727
11 0.8583106267029973 0.7386363636363636 0.11239782016348773 0.15625
6 0.5143051771117166 0.9133522727272727 0.14850136239782016 0.17329545454545456
1 0.6423705722070845 0.9133522727272727 0.14509536784741145 0.17045454545454544
0 0.7745231607629428 0.9119318181818182 0.14509536784741145 0.1690340909090909
0 0.9066757493188011 0.9076704545454546 0.1369209809264305 0.17045454545454544