1 0.05425824175824176 0.29022988505747127 0.10851648351648352 0.3390804597701149
0 0.16826923076923078 0.22988505747126436 0.2815934065934066 0.45977011494252873
7 0.34684065934065933 0.1781609195402299 0.2239010989010989 0.3563218390804598
10 0.49381868131868134 0.40373563218390807 0.06868131868131869 0.11063218390804598
2 0.5618131868131868 0.37212643678160917 0.07074175824175824 0.16954022988505746
1 0.6119505494505495 0.34195402298850575 0.07348901098901099 0.22270114942528735
11 0.6820054945054945 0.2672413793103448 0.09821428571428571 0.2672413793103448
4 0.7520604395604396 0.1939655172413793 0.07898351648351648 0.2442528735632184
2 0.8042582417582418 0.14080459770114942 0.07898351648351648 0.25
5 0.8523351648351648 0.10344827586206896 0.07898351648351648 0.20689655172413793
3 0.9065934065934066 0.07327586206896551 0.08035714285714286 0.14511494252873564
10 0.07074175824175824 0.7241379310344828 0.1407967032967033 0.2672413793103448
1 0.14903846153846154 0.6795977011494253 0.09134615384615384 0.22413793103448276
6 0.20810439560439561 0.6436781609195402 0.09958791208791208 0.23132183908045978
11 0.28296703296703296 0.6020114942528736 0.12225274725274725 0.25862068965517243
9 0.05837912087912088 0.9152298850574713 0.0989010989010989 0.16810344827586207
6 0.1407967032967033 0.882183908045977 0.13392857142857142 0.22988505747126436
7 0.24519230769230768 0.8376436781609196 0.14285714285714285 0.2744252873563218
4 0.35302197802197804 0.7787356321839081 0.1407967032967033 0.2629310344827586
10 0.49244505494505497 0.8232758620689655 0.06662087912087912 0.24856321839080459
1 0.5425824175824175 0.8189655172413793 0.10782967032967034 0.2557471264367816
9 0.5975274725274725 0.7945402298850575 0.10164835164835165 0.2442528735632184
11 0.6648351648351648 0.7701149425287356 0.12843406593406592 0.2744252873563218
8 0.7493131868131868 0.75 0.10782967032967034 0.2557471264367816
0 0.8076923076923077 0.7169540229885057 0.10508241758241758 0.2557471264367816
7 0.8653846153846154 0.6997126436781609 0.10508241758241758 0.25
1 0.929945054945055 0.6810344827586207 0.11813186813186813 0.2672413793103448