10 0.1947314049586777 0.17574257425742573 0.09349173553719008 0.1349009900990099
8 0.26084710743801653 0.1967821782178218 0.05785123966942149 0.10643564356435643
11 0.31663223140495866 0.21534653465346534 0.07747933884297521 0.1188118811881188
8 0.11518595041322315 0.2896039603960396 0.11828512396694214 0.2376237623762376
9 0.20506198347107438 0.32301980198019803 0.11415289256198347 0.22400990099009901
2 0.29235537190082644 0.35148514851485146 0.11518595041322315 0.22772277227722773
6 0.38171487603305787 0.37995049504950495 0.11260330578512397 0.21905940594059406
10 0.5469609275967167 0.1973682647533605 0.12804367878116749 0.31194254339523086
7 0.6379824024540182 0.22466360678608097 0.08482768926352045 0.277992895716872
11 0.704912539957107 0.23858898225110575 0.10368753600639471 0.2886715867285253
7 0.780590568518163 0.251643981606947 0.0851586960392206 0.2903691333406344
1 0.835872245474986 0.27373585893663893 0.08412563818798106 0.29032592773437654
5 0.8896374363325193 0.29700055161932015 0.08419183954312101 0.292801175259129
0 0.943906074200172 0.30050646971023953 0.08166231435466142 0.2753880313733456
4 0.07283057851239669 0.6398514851485149 0.14566115702479338 0.27970297029702973
5 0.22210743801652894 0.7128712871287128 0.23553719008264462 0.42574257425742573
1 0.38326446280991733 0.7623762376237624 0.15289256198347106 0.4752475247524752
10 0.5532024793388429 0.6423267326732673 0.10175619834710743 0.24504950495049505
1 0.6275826446280992 0.6967821782178217 0.06353305785123967 0.2141089108910891
9 0.6745867768595041 0.7289603960396039 0.06714876033057851 0.2141089108910891
11 0.7577479338842975 0.7871287128712872 0.0893595041322314 0.22524752475247525
8 0.8305785123966942 0.8341584158415841 0.06353305785123967 0.19925742574257427
1 0.8775826446280992 0.8712871287128713 0.05991735537190083 0.1943069306930693
6 0.9225206611570248 0.9022277227722773 0.06198347107438017 0.19554455445544555
0 0.96900826446281 0.9170792079207921 0.061466942148760334 0.1646039603960396