10 0.18337730870712401 0.2482876712328767 0.10751978891820581 0.1327054794520548
8 0.2631926121372032 0.2320205479452055 0.06530343007915568 0.11386986301369863
11 0.33047493403693934 0.22174657534246575 0.08839050131926121 0.12157534246575342
8 0.09366754617414248 0.4203767123287671 0.12928759894459102 0.238013698630137
9 0.2038258575197889 0.4160958904109589 0.12598944591029024 0.24315068493150685
2 0.3106860158311346 0.3981164383561644 0.1279683377308707 0.2457191780821918
6 0.4182058047493404 0.3767123287671233 0.12467018469656992 0.2363013698630137
10 0.5468337730870713 0.2654109589041096 0.09300791556728233 0.2953767123287671
4 0.612796833773087 0.261986301369863 0.10092348284960422 0.2868150684931507
16 0.6939313984168866 0.2654109589041096 0.10290237467018469 0.2910958904109589
5 0.7664907651715039 0.261986301369863 0.09234828496042216 0.285958904109589
0 0.8324538258575198 0.2602739726027397 0.08509234828496043 0.2782534246575342
5 0.8970976253298153 0.2602739726027397 0.08970976253298153 0.285958904109589
9 0.9564643799472295 0.2645547945205479 0.07717678100263853 0.2928082191780822
10 0.1503957783641161 0.7131849315068494 0.07849604221635884 0.1506849315068493
1 0.2434036939313984 0.7183219178082192 0.052770448548812667 0.14726027397260275
2 0.28034300791556727 0.7200342465753424 0.05079155672823219 0.14897260273972604
11 0.3496042216358839 0.7131849315068494 0.0679419525065963 0.13784246575342465
5 0.07783641160949868 0.8921232876712328 0.12071240105540897 0.2106164383561644
4 0.19261213720316622 0.8784246575342466 0.1279683377308707 0.1909246575342466
4 0.32189973614775724 0.8827054794520548 0.13720316622691292 0.2054794520547945
1 0.42480211081794195 0.8904109589041096 0.08970976253298153 0.19434931506849315
10 0.7689624655481884 0.7375734498085575 0.22484004618497475 0.18257233542495102
3 0.9492084432717678 0.7054794520547946 0.10158311345646438 0.14726027397260275
9 0.6411609498680739 0.916095890410959 0.23482849604221637 0.1678082191780822
1 0.8476253298153035 0.896404109589041 0.22031662269129287 0.2071917808219178
5 0.9630606860158312 0.8767123287671232 0.07387862796833773 0.2465753424657534