10 0.2623659268818229 0.2365791299583205 0.14342902461648954 0.24322565853847666
1 0.34006773021503633 0.31619448574114434 0.10649737136621464 0.21123503139010208
6 0.39524323205871636 0.3651414300347396 0.10346426743004579 0.20239976825317818
11 0.4642857142857143 0.42467248908296945 0.13157894736842105 0.2074235807860262
1 0.12343358395989974 0.37336244541484714 0.19172932330827067 0.31004366812227074
1 0.2299498746867168 0.42358078602620086 0.18421052631578946 0.2096069868995633
5 0.33771929824561403 0.4683406113537118 0.19924812030075187 0.12008733624454149
10 0.7105263157894737 0.2052401746724891 0.07205513784461152 0.1091703056768559
4 0.7675438596491229 0.21069868995633187 0.05513784461152882 0.09934497816593886
11 0.8082706766917294 0.21724890829694324 0.07142857142857142 0.12336244541484716
3 0.6585213032581454 0.3165938864628821 0.09210526315789473 0.1615720524017467
7 0.7199248120300752 0.32860262008733626 0.08959899749373433 0.1408296943231441
2 0.7863408521303258 0.3296943231441048 0.08771929824561403 0.1462882096069869
7 0.8521303258145363 0.31986899563318777 0.10025062656641603 0.15611353711790393
10 0.12719298245614036 0.7161572052401747 0.12593984962406016 0.18013100436681223
1 0.18671679197994986 0.722707423580786 0.09147869674185463 0.1703056768558952
6 0.23057644110275688 0.7237991266375546 0.09022556390977443 0.15829694323144106
11 0.27882205513784464 0.7237991266375546 0.10839598997493734 0.17139737991266377
3 0.34899749373433586 0.730349344978166 0.09398496240601503 0.16266375545851527
6 0.39598997493734334 0.7292576419213974 0.09774436090225563 0.16266375545851527
4 0.44611528822055135 0.7314410480349345 0.09837092731829573 0.17139737991266377
6 0.4931077694235589 0.7368995633187773 0.10087719298245613 0.16266375545851527
10 0.7355889724310777 0.6462882096069869 0.11466165413533834 0.185589519650655
1 0.793233082706767 0.6812227074235808 0.08020050125313283 0.15938864628820962
6 0.8339598997493735 0.7096069868995634 0.08020050125313283 0.1615720524017467
11 0.8834586466165414 0.7456331877729258 0.10150375939849623 0.17467248908296942
9 0.6541353383458647 0.759825327510917 0.11591478696741854 0.1812227074235808
6 0.7261904761904762 0.8056768558951966 0.11278195488721804 0.18340611353711792
7 0.800125313283208 0.8493449781659389 0.11904761904761904 0.18340611353711792
4 0.8759398496240601 0.898471615720524 0.11466165413533834 0.18340611353711792