10 0.19173441734417343 0.10966981132075472 0.13956639566395665 0.21933962264150944
1 0.29471544715447157 0.10377358490566038 0.1016260162601626 0.20754716981132076
6 0.3638211382113821 0.09433962264150944 0.0989159891598916 0.18867924528301888
11 0.45663956639566394 0.09669811320754718 0.12737127371273713 0.19339622641509435
5 0.40447154471544716 0.1733490566037736 0.1937669376693767 0.09198113207547169
4 0.5318428184281843 0.1615566037735849 0.15582655826558264 0.11556603773584906
10 0.6436314363143631 0.1544811320754717 0.06775067750677506 0.12971698113207547
2 0.709349593495935 0.125 0.12059620596205962 0.18867924528301888
13 0.8177506775067751 0.10377358490566038 0.16937669376693767 0.20754716981132076
7 0.9281842818428184 0.1544811320754717 0.14363143631436315 0.12971698113207547
0 0.06300813008130081 0.8903301886792453 0.10636856368563685 0.21933962264150944
10 0.1497289972899729 0.8337264150943396 0.07723577235772358 0.33254716981132076
9 0.21883468834688347 0.7712264150943396 0.09552845528455285 0.37971698113207547
3 0.2926829268292683 0.6745283018867925 0.08333333333333333 0.3632075471698113
5 0.3529810298102981 0.5860849056603774 0.08468834688346884 0.3714622641509434
1 0.41937669376693765 0.4964622641509434 0.08130081300813008 0.38207547169811323
10 0.48644986449864497 0.4363207547169811 0.08672086720867209 0.3136792452830189
2 0.7513550135501355 0.5825471698113207 0.025067750677506776 0.16037735849056603
0 0.782520325203252 0.5082547169811321 0.026422764227642278 0.16863207547169812
3 0.8048780487804879 0.46462264150943394 0.023712737127371274 0.17688679245283018
0 0.8333333333333334 0.40212264150943394 0.026422764227642278 0.17688679245283018
0 0.8536585365853658 0.35495283018867924 0.025067750677506776 0.16037735849056603
1 0.8746612466124661 0.33962264150943394 0.027777777777777776 0.12028301886792453
11 0.9058265582655827 0.31014150943396224 0.032520325203252036 0.04834905660377359
2 0.7059620596205962 0.8844339622641509 0.07317073170731707 0.23113207547169812
6 0.774390243902439 0.8113207547169812 0.07046070460704607 0.36674528301886794
2 0.8428184281842819 0.6450471698113207 0.06910569105691057 0.3419811320754717
8 0.9092140921409214 0.5011792452830188 0.06910569105691057 0.33372641509433965