10 0.1614713216957606 0.07333333333333333 0.18079800498753118 0.14666666666666667
5 0.2942643391521197 0.10777777777777778 0.1396508728179551 0.21555555555555556
11 0.4270573566084788 0.14 0.16084788029925187 0.28
4 0.06109725685785536 0.23444444444444446 0.12219451371571072 0.35777777777777775
4 0.19373657215681545 0.32235638953822215 0.19698136695372861 0.372100640629217
7 0.3403990024937656 0.37555555555555553 0.16708229426433915 0.30666666666666664
9 0.456359102244389 0.4166666666666667 0.10723192019950124 0.22444444444444445
10 0.5729426433915212 0.23666666666666666 0.10162094763092269 0.2733333333333333
9 0.6527431421446384 0.27555555555555555 0.06920199501246883 0.25222222222222224
11 0.713216957605985 0.3022222222222222 0.08416458852867831 0.27444444444444444
1 0.7805486284289277 0.33666666666666667 0.06920199501246883 0.25222222222222224
5 0.8360349127182045 0.3655555555555556 0.06795511221945137 0.26222222222222225
7 0.8933915211970075 0.3844444444444444 0.07169576059850374 0.2388888888888889
0 0.9513715710723192 0.4077777777777778 0.06733167082294264 0.23333333333333334
10 0.07917705735660847 0.8522222222222222 0.11907730673316708 0.15888888888888889
1 0.16895261845386533 0.82 0.0798004987531172 0.12444444444444444
1 0.2238154613466334 0.7911111111111111 0.07044887780548628 0.11555555555555555
11 0.2805486284289277 0.7611111111111111 0.09351620947630923 0.1411111111111111
9 0.3559850374064838 0.7311111111111112 0.07481296758104738 0.11555555555555555
9 0.40399002493765584 0.7133333333333334 0.06296758104738155 0.11888888888888889
1 0.4445137157107232 0.6866666666666666 0.05798004987531172 0.11
7 0.4825436408977556 0.67 0.05486284289276808 0.10666666666666667
10 0.6645885286783042 0.6477777777777778 0.13154613466334164 0.21555555555555556
1 0.7587281795511222 0.6644444444444444 0.10162094763092269 0.2222222222222222
11 0.8485037406483791 0.6955555555555556 0.12281795511221945 0.24444444444444444
8 0.5729426433915212 0.8411111111111111 0.1128428927680798 0.2733333333333333
3 0.6839152119700748 0.8711111111111111 0.12905236907730674 0.2577777777777778
0 0.8023690773067331 0.89 0.14089775561097256 0.22
0 0.9145885286783042 0.91 0.13216957605985039 0.17888888888888888