9 0.10817307692307693 0.09871244635193133 0.17067307692307693 0.19742489270386265
10 0.6256009615384616 0.08369098712446352 0.14002403846153846 0.16738197424892703
11 0.7355769230769231 0.10300429184549356 0.08653846153846154 0.157725321888412
17 0.8167067307692307 0.10836909871244635 0.11598557692307693 0.15987124463519314
0 0.5420673076923077 0.24141630901287553 0.12980769230769232 0.1759656652360515
7 0.6508413461538461 0.2542918454935622 0.11057692307692307 0.17167381974248927
7 0.7493990384615384 0.26716738197424894 0.10216346153846154 0.17381974248927037
4 0.8515625 0.2939914163090129 0.109375 0.18454935622317598
10 0.037259615384615384 0.7757510729613734 0.07451923076923077 0.259656652360515
1 0.09555288461538461 0.7478540772532188 0.05588942307692308 0.24356223175965666
2 0.13942307692307693 0.7167381974248928 0.05228365384615385 0.2553648068669528
11 0.19230769230769232 0.6952789699570815 0.06911057692307693 0.2703862660944206
8 0.25721153846153844 0.6545064377682404 0.06129807692307692 0.2510729613733906
9 0.3046875 0.628755364806867 0.05228365384615385 0.24248927038626608
4 0.35336538461538464 0.601931330472103 0.05348557692307692 0.23068669527896996
3 0.4026442307692308 0.5697424892703863 0.059495192307692304 0.2317596566523605
10 0.5537421982526355 0.5975512114090011 0.14846637627792003 0.19614331938098462
8 0.6711400075399574 0.5835144399853841 0.09562698288995705 0.1682404069613426
0 0.7531562743782053 0.5831057730851249 0.09537145160598265 0.18745376372411565
18 0.852840701442664 0.5641304527950192 0.11820799006752125 0.18935277493099814
9 0.5326949238017099 0.8194308119726402 0.16258869992037012 0.24006125389917674
7 0.6852339999272796 0.808883344020786 0.17121247074615362 0.24505273510053782
2 0.8457659190166672 0.8062199313482574 0.17372147154366063 0.24739855376383277