10 0.3242915338732788 0.22830578512396693 0.18341332870497257 0.20454545454545456
7 0.473743497627556 0.1621900826446281 0.11648287000488408 0.16322314049586778
9 0.5622982076925236 0.11983471074380166 0.11074509061430711 0.1652892561983471
18 0.6678779069767442 0.07334710743801653 0.13517441860465115 0.14669421487603307
8 0.4680232558139535 0.33367768595041325 0.2180232558139535 0.13016528925619836
9 0.6409883720930233 0.2975206611570248 0.22093023255813954 0.2024793388429752
2 0.7456395348837209 0.2365702479338843 0.046511627906976744 0.25
10 0.7906976744186046 0.19731404958677687 0.04142441860465116 0.16012396694214875
2 0.8241279069767442 0.1993801652892562 0.025436046511627907 0.16012396694214875
0 0.8481104651162791 0.1993801652892562 0.024709302325581394 0.15082644628099173
11 0.876453488372093 0.21074380165289255 0.036337209302325583 0.16322314049586778
2 0.9178779069767442 0.21487603305785125 0.030523255813953487 0.16735537190082644
3 0.9454941860465116 0.22004132231404958 0.029069767441860465 0.16735537190082644
3 0.9752906976744186 0.2262396694214876 0.03343023255813953 0.1652892561983471
8 0.9941860465116279 0.22830578512396693 0.011627906976744186 0.17148760330578514
10 0.1308139534883721 0.5630165289256198 0.12936046511627908 0.19731404958677687
6 0.22747093023255813 0.6167355371900827 0.07340116279069768 0.1890495867768595
7 0.29651162790697677 0.631198347107438 0.08139534883720931 0.18491735537190082
18 0.39026162790697677 0.6911157024793388 0.09956395348837209 0.1890495867768595
7 0.5465116279069767 0.7675619834710744 0.1068313953488372 0.1683884297520661
2 0.6293604651162791 0.8171487603305785 0.06758720930232558 0.17665289256198347
2 0.6947674418604651 0.8398760330578512 0.07412790697674419 0.21384297520661158
1 0.7456395348837209 0.8729338842975206 0.046511627906976744 0.1756198347107438
10 0.8052325581395349 0.6890495867768595 0.0377906976744186 0.22520661157024793
2 0.845203488372093 0.6962809917355371 0.023982558139534885 0.22520661157024793
1 0.8662790697674418 0.6890495867768595 0.02180232558139535 0.23863636363636365
11 0.8997093023255814 0.6921487603305785 0.03125 0.23243801652892562
4 0.9287790697674418 0.6859504132231405 0.025436046511627907 0.2190082644628099
2 0.9520348837209303 0.6890495867768595 0.023982558139534885 0.23863636363636365
5 0.9738372093023255 0.6859504132231405 0.025436046511627907 0.259297520661157
3 0.9927325581395349 0.6890495867768595 0.014534883720930232 0.2665289256198347