10 0.2221249575791874 0.194410122691796 0.15761618851803194 0.22642872480005827
7 0.32598904636041776 0.09942151201721583 0.10261104054027052 0.173880134343119
9 0.38676148796498905 0.06296992481203008 0.09737417943107221 0.12593984962406016
18 0.4589715536105033 0.02725563909774436 0.11925601750547046 0.05451127819548872
5 0.21283038345846422 0.4431224113220369 0.18303969021437685 0.29750943448293093
8 0.3448948647020984 0.31975003054550366 0.18950852099826543 0.296089286485537
9 0.4650951938411859 0.21135620069376496 0.19021973034826137 0.28864708136817685
2 0.5607221006564551 0.1099624060150376 0.11706783369803063 0.2199248120300752
10 0.7724288840262582 0.19454887218045114 0.08479212253829321 0.25093984962406013
4 0.837527352297593 0.16165413533834586 0.05142231947483589 0.22274436090225563
11 0.8867614879649891 0.1193609022556391 0.0661925601750547 0.22556390977443608
3 0.7171772428884027 0.45864661654135336 0.0836980306345733 0.2800751879699248
7 0.7981400437636762 0.4201127819548872 0.087527352297593 0.29229323308270677
2 0.87527352297593 0.37124060150375937 0.08041575492341356 0.2857142857142857
7 0.9513129102844639 0.30357142857142855 0.08698030634573305 0.2866541353383459
10 0.162472647702407 0.7772556390977443 0.1673960612691466 0.19736842105263158
4 0.2735229759299781 0.7443609022556391 0.12035010940919037 0.13157894736842105
11 0.36925601750547044 0.7218045112781954 0.1301969365426696 0.08646616541353383
7 0.12527352297592997 0.9464285714285714 0.18708971553610504 0.10714285714285714
1 0.2510940919037199 0.9229323308270677 0.14770240700218817 0.15413533834586465
4 0.36433260393873085 0.8909774436090225 0.16411378555798686 0.21804511278195488
0 0.47921225382932164 0.8637218045112782 0.15098468271334792 0.2725563909774436
10 0.7264770240700219 0.7650375939849624 0.08807439824945296 0.09022556390977443
18 0.9206783369803063 0.7640977443609023 0.07056892778993436 0.09022556390977443
7 0.8036105032822757 0.7631578947368421 0.05525164113785558 0.07612781954887218
7 0.8572210065645515 0.7622180451127819 0.056345733041575495 0.07424812030075188
5 0.7751641137855579 0.8740601503759399 0.09956236323851203 0.1362781954887218
4 0.887855579868709 0.8646616541353384 0.09573304157549234 0.1193609022556391