10 0.10416723472989695 0.22937373611556425 0.15308605184935276 0.2143715489235568
9 0.23512613401784882 0.1284557081128701 0.11300710509531453 0.192998738094407
3 0.30249272193783994 0.09360801999562791 0.09276999166514935 0.17825827862577803
18 0.39759036144578314 0.060810810810810814 0.12349397590361445 0.12162162162162163
1 0.14457831325301204 0.42567567567567566 0.18373493975903615 0.12702702702702703
6 0.32228915662650603 0.35945945945945945 0.1897590361445783 0.2594594594594595
7 0.4933802517745198 0.2672374078152154 0.18138032590316797 0.24039472149342564
0 0.6445783132530121 0.372972972972973 0.05120481927710843 0.23243243243243245
11 0.7063253012048193 0.37567567567567567 0.12349397590361445 0.22702702702702704
3 0.8064759036144579 0.40675675675675677 0.12198795180722892 0.16486486486486487
8 0.9051204819277109 0.42027027027027025 0.1355421686746988 0.13783783783783785
10 0.29147949390794253 0.7348391913972698 0.18177560600945977 0.24850282960153375
2 0.42340747791936606 0.6999958089236632 0.1272952184687191 0.23969972770503933
13 0.5384036144578314 0.6662162162162162 0.16114457831325302 0.24594594594594596
4 0.21310240963855423 0.9324324324324325 0.17620481927710843 0.13513513513513514
6 0.3742469879518072 0.9108108108108108 0.1822289156626506 0.1783783783783784
7 0.5225903614457831 0.8932432432432432 0.18674698795180722 0.21351351351351353
10 0.7213855421686747 0.7054054054054054 0.06400602409638555 0.1635135135135135
8 0.7658132530120482 0.7094594594594594 0.05120481927710843 0.16216216216216217
11 0.8004518072289156 0.7135135135135136 0.058734939759036146 0.15945945945945947
6 0.8411144578313253 0.7243243243243244 0.04894578313253012 0.16216216216216217
3 0.8719879518072289 0.7216216216216216 0.04894578313253012 0.14864864864864866
8 0.901355421686747 0.7297297297297297 0.058734939759036146 0.15945945945945947
2 0.9352409638554217 0.7297297297297297 0.053463855421686746 0.15135135135135136