10 0.14342166861956168 0.23604468209861593 0.1441302458619762 0.23164283787042803
9 0.27008310249307477 0.10135135135135136 0.10803324099722991 0.20270270270270271
3 0.3344875346260388 0.07027027027027027 0.08725761772853186 0.14054054054054055
1 0.16551246537396122 0.4135135135135135 0.1703601108033241 0.12972972972972974
6 0.32894736842105265 0.32297297297297295 0.16204986149584488 0.3054054054054054
3 0.4916897506925208 0.35135135135135137 0.13573407202216067 0.25405405405405407
11 0.6128808864265928 0.3216216216216216 0.1592797783933518 0.31351351351351353
4 0.7404588660775405 0.273572734980355 0.14333359074416283 0.31765708083688765
4 0.8532666131153579 0.22711708340918296 0.1418435970199186 0.3147969636275093
5 0.9439058171745153 0.1891891891891892 0.11218836565096953 0.32972972972972975
10 0.07825484764542937 0.6121621621621621 0.10941828254847645 0.14864864864864866
2 0.16759002770083103 0.5851351351351352 0.08448753462603878 0.13243243243243244
16 0.23337950138504154 0.5635135135135135 0.09903047091412742 0.15135135135135136
5 0.07409972299168975 0.772972972972973 0.09210526315789473 0.17027027027027028
0 0.13504155124653738 0.7472972972972973 0.09833795013850416 0.18513513513513513
9 0.20152354570637118 0.7189189189189189 0.09903047091412742 0.1918918918918919
5 0.26523545706371193 0.6972972972972973 0.09210526315789473 0.17432432432432432
10 0.5526315789473685 0.6229729729729729 0.11980609418282548 0.13378378378378378
4 0.6627423822714681 0.6310810810810811 0.07825484764542937 0.10270270270270271
11 0.7430747922437673 0.6283783783783784 0.12326869806094183 0.14054054054054055
4 0.5263157894736842 0.722972972972973 0.12396121883656509 0.15135135135135136
3 0.6322714681440443 0.7351351351351352 0.12742382271468145 0.17297297297297298
1 0.7416897506925207 0.7472972972972973 0.13227146814404434 0.1662162162162162
6 0.8601108033240997 0.7486486486486487 0.14127423822714683 0.17297297297297298