4 0.095 0.07040229885057471 0.134 0.14080459770114942
2 0.204 0.06465517241379311 0.136 0.12931034482758622
18 0.321 0.05028735632183908 0.154 0.10057471264367816
5 0.081 0.28879310344827586 0.162 0.3074712643678161
9 0.23443767069079025 0.2641032034892275 0.21318683728143492 0.29487554586195763
8 0.4072573179666506 0.22100907210603113 0.2172217442603005 0.3035296713206413
10 0.682 0.22126436781609196 0.078 0.1939655172413793
7 0.748 0.21982758620689655 0.054 0.15660919540229884
9 0.793 0.21264367816091953 0.051 0.16379310344827586
18 0.855 0.19540229885057472 0.065 0.17672413793103448
6 0.652 0.4224137931034483 0.083 0.257183908045977
0 0.728 0.4281609195402299 0.086 0.2442528735632184
9 0.809 0.40804597701149425 0.094 0.25287356321839083
0 0.889 0.40086206896551724 0.091 0.25287356321839083
10 0.048 0.7025862068965517 0.088 0.13936781609195403
6 0.106 0.7485632183908046 0.07 0.1278735632183908
7 0.16 0.7686781609195402 0.077 0.1278735632183908
18 0.23 0.8204022988505747 0.092 0.1336206896551724
7 0.347 0.8922413793103449 0.096 0.1206896551724138
2 0.409 0.9367816091954023 0.064 0.1206896551724138
2 0.458 0.9439655172413793 0.072 0.11206896551724138
1 0.514 0.9640804597701149 0.08 0.07183908045977011
10 0.633 0.7485632183908046 0.046 0.15660919540229884
7 0.675 0.7686781609195402 0.06 0.14942528735632185
3 0.727 0.8204022988505747 0.053 0.13793103448275862
18 0.774 0.8505747126436781 0.056 0.13793103448275862
5 0.818 0.8764367816091954 0.047 0.1336206896551724
2 0.855 0.8994252873563219 0.044 0.14080459770114942
1 0.902 0.9353448275862069 0.053 0.12643678160919541
9 0.94 0.9454022988505747 0.048 0.10919540229885058