10 0.024725274725274724 0.13026315789473683 0.04945054945054945 0.24473684210526317
4 0.09730217449028708 0.12030552183853743 0.13050689500884913 0.19376123180233937
2 0.19613933542461598 0.11173482723011627 0.13240233480712107 0.19908564037695914
18 0.30494505494505497 0.09605263157894736 0.152014652014652 0.19210526315789472
5 0.07692307692307693 0.3223684210526316 0.15384615384615385 0.25526315789473686
9 0.21336996336996336 0.3157894736842105 0.20695970695970695 0.26842105263157895
8 0.3742972470358978 0.2979600251192389 0.21047629513205848 0.2963950110373102
10 0.575091575091575 0.11052631578947368 0.08699633699633699 0.21710526315789475
2 0.6391941391941391 0.16710526315789473 0.06776556776556776 0.20921052631578949
1 0.6804029304029304 0.19605263157894737 0.06776556776556776 0.22105263157894736
11 0.7371794871794872 0.24605263157894736 0.08699633699633699 0.21710526315789475
2 0.7994505494505495 0.29210526315789476 0.07142857142857142 0.21710526315789475
8 0.8470695970695971 0.31842105263157894 0.07692307692307693 0.23289473684210527
6 0.902014652014652 0.3460526315789474 0.07417582417582418 0.16973684210526316
8 0.9551282051282052 0.3631578947368421 0.08333333333333333 0.13026315789473683
10 0.1620879120879121 0.5815789473684211 0.08608058608058608 0.1763157894736842
18 0.3727106227106227 0.6605263157894737 0.0815018315018315 0.1763157894736842
6 0.24633699633699635 0.6236842105263158 0.07875457875457875 0.1868421052631579
3 0.30494505494505497 0.6460526315789473 0.07142857142857142 0.19210526315789472
4 0.09798534798534798 0.7947368421052632 0.11538461538461539 0.25263157894736843
5 0.20238095238095238 0.8289473684210527 0.12087912087912088 0.2578947368421053
7 0.3076923076923077 0.8605263157894737 0.10531135531135531 0.2513157894736842
2 0.4056776556776557 0.8789473684210526 0.1043956043956044 0.20526315789473684
10 0.5668498168498168 0.6868421052631579 0.0989010989010989 0.3105263157894737
1 0.6446886446886447 0.7355263157894737 0.06501831501831502 0.2644736842105263
2 0.6904761904761905 0.7684210526315789 0.06227106227106227 0.26973684210526316
11 0.7463369963369964 0.7947368421052632 0.08058608058608059 0.30394736842105263
5 0.8177655677655677 0.8381578947368421 0.06776556776556776 0.2710526315789474
1 0.8681318681318682 0.8578947368421053 0.06227106227106227 0.22236842105263158
4 0.9157509157509157 0.8671052631578947 0.06135531135531135 0.19605263157894737
1 0.9652014652014652 0.8802631578947369 0.06593406593406594 0.15921052631578947