10 0.06896551724137931 0.2055084745762712 0.0625 0.10805084745762712
18 0.2665229885057471 0.21610169491525424 0.05603448275862069 0.11228813559322035
3 0.1285919540229885 0.2076271186440678 0.04956896551724138 0.08898305084745763
3 0.1997126436781609 0.2097457627118644 0.04597701149425287 0.0826271186440678
5 0.3886494252873563 0.2245762711864407 0.05747126436781609 0.09957627118644068
0 0.43462643678160917 0.2309322033898305 0.05387931034482758 0.08898305084745763
8 0.48204022988505746 0.23728813559322035 0.05316091954022988 0.09322033898305085
10 0.5603448275862069 0.2733050847457627 0.10344827586206896 0.2669491525423729
6 0.6426712410544059 0.2460274906481689 0.07587913289357157 0.2366010301548917
2 0.7243792396243931 0.23545571649177727 0.07156878806598535 0.23637914373631258
18 0.7829101792931032 0.21971140436441747 0.07731591450276705 0.23667499229441802
5 0.8531867760409108 0.21184997139203332 0.0755020265852701 0.2238891657481121
4 0.9266782205034055 0.19109176866405364 0.060379997876713457 0.19772581553928928
0 0.9762931034482759 0.1716101694915254 0.04741379310344827 0.2076271186440678
3 0.09482758620689655 0.7817796610169492 0.13793103448275862 0.4364406779661017
11 0.21810097249416732 0.7366927261806777 0.16506640657820312 0.4865795839723004
4 0.3464327297389949 0.6727957627230349 0.14901040467151952 0.4772914241663239
4 0.4475574712643678 0.635593220338983 0.1221264367816092 0.4322033898305085
10 0.5796860177885906 0.7973342559996172 0.09087545949936127 0.2585270922281213
8 0.6533031643538524 0.7808133414072307 0.0716944901687525 0.24061643187190593
11 0.7155517601483182 0.7691214120666483 0.07481945759267764 0.249238932422145
1 0.7807996212639419 0.7615188465826064 0.07194589437428682 0.24909100814309235
5 0.8347688118995313 0.7375218446026391 0.0788243397359726 0.28752244992153664
7 0.8935511557737759 0.7302521087464656 0.07519656390097902 0.2619507968289247
7 0.9546143741645805 0.7271087178165959 0.08600824778194961 0.28789226061916845