10 0.030732860520094562 0.28 0.040780141843971635 0.14363636363636365
18 0.15839243498817968 0.2672727272727273 0.03546099290780142 0.14272727272727273
3 0.06973995271867613 0.27454545454545454 0.031914893617021274 0.11636363636363636
3 0.11524822695035461 0.2690909090909091 0.02955082742316785 0.10909090909090909
5 0.23817966903073287 0.26181818181818184 0.03664302600472813 0.12818181818181817
0 0.26773049645390073 0.26545454545454544 0.03368794326241135 0.12090909090909091
8 0.2990543735224586 0.2672727272727273 0.03486997635933806 0.12454545454545454
0 0.4083924349881797 0.42363636363636364 0.1111111111111111 0.1709090909090909
10 0.5029550827423168 0.39 0.07919621749408984 0.2381818181818182
9 0.5780141843971631 0.3463636363636364 0.10047281323877069 0.2381818181818182
3 0.6578014184397163 0.29545454545454547 0.08687943262411348 0.2290909090909091
5 0.7239952718676123 0.24636363636363637 0.08747044917257683 0.23454545454545456
1 0.7955082742316785 0.19545454545454546 0.08451536643026004 0.24181818181818182
10 0.8687943262411347 0.15181818181818182 0.08983451536643026 0.22454545454545455
10 0.06205673758865248 0.8036363636363636 0.12411347517730496 0.3236363636363636
4 0.16594921616546293 0.7893565029554507 0.12858107469818914 0.25049353291837956
4 0.2680953644724856 0.7684849512482438 0.13455313198932212 0.26717463082285
3 0.12588652482269502 0.9327272727272727 0.2044917257683215 0.13454545454545455
4 0.27364066193853426 0.9263636363636364 0.13120567375886524 0.14727272727272728
10 0.4846335697399527 0.7381818181818182 0.13416075650118203 0.16090909090909092
18 0.733451536643026 0.5954545454545455 0.11288416075650118 0.13272727272727272
6 0.5809692671394799 0.6836363636363636 0.08865248226950355 0.12181818181818181
8 0.648936170212766 0.6436363636363637 0.09219858156028368 0.12727272727272726
3 0.46749408983451535 0.9081818181818182 0.12706855791962174 0.17363636363636364
1 0.5904255319148937 0.8363636363636363 0.14479905437352245 0.17909090909090908
3 0.7145390070921985 0.79 0.1483451536643026 0.19727272727272727
0 0.8321513002364066 0.7109090909090909 0.14479905437352245 0.18818181818181817