9 0.11055276381909548 0.15441176470588236 0.22110552763819097 0.3088235294117647
2 0.26884422110552764 0.10845588235294118 0.23115577889447236 0.21691176470588236
7 0.4108040201005025 0.0661764705882353 0.17839195979899497 0.1323529411764706
4 0.5946100946412605 0.1828041795916844 0.1161699395233466 0.18117746045034816
11 0.6736663230123683 0.13710158803421196 0.11879952683125553 0.18496090540710744
8 0.8153266331658291 0.08455882352941177 0.13819095477386933 0.16911764705882354
1 0.5904522613065326 0.3602941176470588 0.18090452261306533 0.17647058823529413
18 0.7361809045226131 0.3290441176470588 0.18592964824120603 0.23897058823529413
4 0.8950403514668841 0.25468654045100747 0.201776075745955 0.26926643814105045
10 0.09798994974874371 0.7886029411764706 0.07788944723618091 0.19669117647058823
8 0.157035175879397 0.7444852941176471 0.06281407035175879 0.1801470588235294
11 0.20351758793969849 0.7113970588235294 0.07537688442211055 0.20036764705882354
7 0.2600502512562814 0.6654411764705882 0.07035175879396985 0.18933823529411764
0 0.30527638190954776 0.6305147058823529 0.06281407035175879 0.19301470588235295
6 0.3530150753768844 0.5955882352941176 0.0678391959798995 0.19301470588235295
0 0.3969849246231156 0.5496323529411765 0.06909547738693467 0.18933823529411764
10 0.6394472361809045 0.7003676470588235 0.0992462311557789 0.2113970588235294
8 0.7324120603015075 0.6231617647058824 0.07412060301507538 0.17463235294117646
2 0.7788944723618091 0.5772058823529411 0.07035175879396985 0.17095588235294118
18 0.8505025125628141 0.5330882352941176 0.08793969849246232 0.16911764705882354
8 0.6293969849246231 0.9007352941176471 0.13316582914572864 0.19301470588235295
5 0.7273869346733668 0.8566176470588235 0.12939698492462312 0.2665441176470588
4 0.8190954773869347 0.7830882352941176 0.12562814070351758 0.2702205882352941
1 0.9183417085427136 0.7003676470588235 0.13190954773869346 0.2849264705882353