10 0.16520100502512564 0.0677710843373494 0.08668341708542714 0.1355421686746988
5 0.23618090452261306 0.06927710843373494 0.0678391959798995 0.13855421686746988
11 0.3046482412060301 0.07379518072289157 0.07914572864321608 0.14759036144578314
8 0.09383427817481768 0.27431827935962083 0.1003749043565516 0.2621548162795005
9 0.18766852972281342 0.27912436503255283 0.09664993044887794 0.26469330020164167
2 0.2769961205626064 0.27695282187262543 0.09279334560090872 0.25819563954546954
7 0.3695082852334192 0.2773986900132774 0.09669380076230973 0.26770534839441273
10 0.5213567839195979 0.3057228915662651 0.09610552763819095 0.20481927710843373
1 0.6011306532663316 0.28313253012048195 0.06344221105527638 0.17921686746987953
2 0.6520100502512562 0.27710843373493976 0.0571608040201005 0.20180722891566266
11 0.7091708542713567 0.2469879518072289 0.07349246231155779 0.2033132530120482
1 0.7701005025125628 0.22740963855421686 0.056532663316582916 0.18373493975903615
3 0.8172110552763819 0.22289156626506024 0.05527638190954774 0.19126506024096385
1 0.8636934673366834 0.20783132530120482 0.055904522613065326 0.20933734939759036
2 0.9114321608040201 0.1927710843373494 0.06092964824120603 0.1852409638554217
0 0.10615577889447236 0.6596385542168675 0.13944723618090452 0.26506024096385544
7 0.22298994974874373 0.6626506024096386 0.09673366834170855 0.2710843373493976
9 0.3335427135678392 0.6897590361445783 0.11934673366834171 0.3253012048192771
10 0.5452261306532663 0.6957831325301205 0.0829145728643216 0.2183734939759036
1 0.6074120603015075 0.6987951807228916 0.05150753768844221 0.21385542168674698
5 0.6494974874371859 0.6927710843373494 0.05150753768844221 0.19578313253012047
11 0.7016331658291457 0.7018072289156626 0.06595477386934673 0.2063253012048193
6 0.7625628140703518 0.6942771084337349 0.04962311557788945 0.2003012048192771
3 0.803391959798995 0.6867469879518072 0.0471105527638191 0.1852409638554217
7 0.8448492462311558 0.6897590361445783 0.048994974874371856 0.18674698795180722
0 0.8869346733668342 0.6867469879518072 0.04522613065326633 0.1897590361445783