11 0.47150259067357514 0.03618421052631579 0.14507772020725387 0.07236842105263158
8 0.10233160621761658 0.14144736842105263 0.20466321243523317 0.28289473684210525
9 0.2551813471502591 0.19078947368421054 0.22538860103626943 0.3815789473684211
2 0.41580310880829013 0.24671052631578946 0.22538860103626943 0.4934210526315789
6 0.5544041450777202 0.2894736842105263 0.17098445595854922 0.4342105263157895
11 0.6904145077720207 0.16776315789473684 0.10103626943005181 0.3355263157894737
6 0.7797927461139896 0.20723684210526316 0.18134715025906736 0.4144736842105263
8 0.8999325899412776 0.2554551015110159 0.17626092689971176 0.45869365338870544
0 0.9637305699481865 0.2993421052631579 0.07253886010362694 0.375
10 0.12564766839378239 0.6118421052631579 0.22927461139896374 0.20723684210526316
7 0.2266839378238342 0.6842105263157895 0.19430051813471502 0.20394736842105263
11 0.3121761658031088 0.7467105263157895 0.21632124352331605 0.22039473684210525
2 0.405440414507772 0.819078947368421 0.19300518134715025 0.19736842105263158
9 0.49740932642487046 0.9046052631578947 0.19818652849740934 0.18092105263157895
8 0.5647668393782384 0.930921052631579 0.15025906735751296 0.12828947368421054
11 0.7396373056994818 0.5493421052631579 0.13730569948186527 0.08552631578947369
2 0.8303108808290155 0.5657894736842105 0.11139896373056994 0.11842105263157894
9 0.9028497409326425 0.5888157894736842 0.10621761658031088 0.16447368421052633
0 0.9598445595854922 0.5921052631578947 0.08031088082901554 0.17105263157894737