2 0.13198757763975155 0.1574074074074074 0.2515527950310559 0.3148148148148148
6 0.32919254658385094 0.16049382716049382 0.2546583850931677 0.30864197530864196
6 0.5605590062111802 0.2006172839506173 0.10248447204968944 0.22839506172839505
3 0.6459627329192547 0.25617283950617287 0.12422360248447205 0.11728395061728394
10 0.05124223602484472 0.7345679012345679 0.10093167701863354 0.3055555555555556
6 0.12267080745341614 0.7345679012345679 0.10248447204968944 0.3055555555555556
11 0.19875776397515527 0.7283950617283951 0.10403726708074534 0.29012345679012347
4 0.28726708074534163 0.7222222222222222 0.09006211180124224 0.26851851851851855
9 0.35093167701863354 0.7160493827160493 0.09006211180124224 0.2839506172839506
2 0.4161490683229814 0.7160493827160493 0.09006211180124224 0.27469135802469136
1 0.4673913043478261 0.7037037037037037 0.06521739130434782 0.25925925925925924
10 0.6972049689440993 0.5401234567901234 0.14130434782608695 0.20987654320987653
5 0.7748447204968945 0.6111111111111112 0.11180124223602485 0.19444444444444445
11 0.8509316770186336 0.691358024691358 0.14130434782608695 0.22530864197530864
6 0.5822981366459627 0.6574074074074074 0.14596273291925466 0.24074074074074073
9 0.6661490683229814 0.7438271604938271 0.15372670807453417 0.24074074074074073
2 0.7453416149068323 0.8302469135802469 0.13664596273291926 0.24074074074074073
5 0.827639751552795 0.8888888888888888 0.15838509316770186 0.2222222222222222