10 0.13601823708206687 0.11787564766839378 0.1778115501519757 0.23575129533678757
5 0.27193715533907914 0.19613065629293813 0.1253863700160171 0.22517939954419092
11 0.385258358662614 0.25906735751295334 0.1534954407294833 0.19689119170984457
4 0.044832826747720364 0.211139896373057 0.08966565349544073 0.2927461139896373
6 0.13601823708206687 0.2694300518134715 0.19300911854103345 0.17616580310880828
5 0.2773556231003039 0.3225388601036269 0.196048632218845 0.06994818652849741
10 0.7484802431610942 0.05181347150259067 0.11094224924012158 0.10362694300518134
8 0.8262407150601847 0.06463481594837221 0.06934631474555687 0.10495333251979203
11 0.890273052601097 0.089232049814787 0.09245229405835637 0.11835887863905696
8 0.6816109422492401 0.13989637305699482 0.06534954407294832 0.23316062176165803
9 0.748195148298512 0.18101827541282903 0.13596274254251506 0.2227997424827494
2 0.8499427427557771 0.21802717077335548 0.13906418156616918 0.22545070649036125
6 0.9422492401215805 0.25 0.11550151975683891 0.21502590673575128
10 0.2013677811550152 0.4637305699481865 0.18085106382978725 0.21243523316062177
2 0.32552857358299514 0.4853497799823606 0.11760180978396065 0.2172566527375965
11 0.42442243039997646 0.5145263641850162 0.13602466788835751 0.22539041605787893
5 0.056990881458966566 0.6437823834196891 0.11398176291793313 0.3704663212435233
1 0.17816765474868682 0.7027384561498233 0.21237889017717618 0.36932443306957863
0 0.3396360176135172 0.7538914554275228 0.1984533772436538 0.3586904318228902
7 0.5002825767130521 0.8076200556722314 0.19966350735334681 0.34576720916348364
10 0.76087956844942 0.5754044706681459 0.19600474021710954 0.31980018297970597
6 0.9043895133036725 0.6145376962628688 0.14017883779133544 0.27208283084269286
11 0.9711246200607903 0.633419689119171 0.057750759878419454 0.28756476683937826
9 0.7066869300911854 0.8264248704663213 0.11550151975683891 0.3471502590673575
8 0.8465045592705167 0.8471502590673575 0.20364741641337386 0.30569948186528495
4 0.9726443768996961 0.8704663212435233 0.0547112462006079 0.25906735751295334