10 0.17431688421811564 0.2022232312221161 0.15678171306209165 0.3235655467147452
5 0.31976808198713025 0.28071429052615443 0.1077275087542118 0.27366154077373595
11 0.4430391301692779 0.3551472846381729 0.1353038191194499 0.295222127448887
4 0.06574923547400612 0.4357638888888889 0.13149847094801223 0.4131944444444444
6 0.20336391437308868 0.4930555555555556 0.16819571865443425 0.3333333333333333
5 0.3547400611620795 0.5381944444444444 0.1712538226299694 0.24305555555555555
9 0.5129969418960245 0.5833333333333334 0.172782874617737 0.1527777777777778
10 0.6636085626911316 0.4774305555555556 0.046636085626911315 0.296875
1 0.7071865443425076 0.4340277777777778 0.05581039755351682 0.2552083333333333
5 0.7545871559633027 0.390625 0.052752293577981654 0.2621527777777778
11 0.8019877675840978 0.3506944444444444 0.06498470948012232 0.2760416666666667
8 0.8539755351681957 0.3072916666666667 0.052752293577981654 0.2690972222222222
5 0.8952599388379205 0.2673611111111111 0.052752293577981654 0.2482638888888889
6 0.9380733944954128 0.2309027777777778 0.04357798165137615 0.234375
8 0.9762996941896025 0.19791666666666666 0.04357798165137615 0.234375
0 0.12003058103975535 0.7361111111111112 0.18042813455657492 0.12152777777777778
6 0.3073394495412844 0.7586805555555556 0.11085626911314984 0.11284722222222222
13 0.4610091743119266 0.7829861111111112 0.1536697247706422 0.1267361111111111
1 0.06116207951070336 0.8628472222222222 0.12003058103975535 0.14756944444444445
4 0.19648318042813456 0.8819444444444444 0.15214067278287463 0.14756944444444445
4 0.3516819571865443 0.9079861111111112 0.1536697247706422 0.14756944444444445
7 0.49923547400611623 0.9253472222222222 0.1559633027522936 0.14756944444444445
10 0.6551987767584098 0.7378472222222222 0.03211009174311927 0.1284722222222222
18 0.828564323933666 0.8757107008097947 0.052334702389338315 0.13679036742343362
7 0.7381901328991137 0.8108269259671698 0.04614732832437247 0.10885097779191853
7 0.7810836504347385 0.8432082089433308 0.047676380312140096 0.10889138075535285
5 0.9059282294258384 0.9350427171298947 0.04467165092202654 0.1296439081618176
4 0.9480122324159022 0.9548611111111112 0.04892966360856269 0.09027777777777778