3 0.048 0.15441176470588236 0.096 0.3088235294117647
6 0.196 0.18995098039215685 0.312 0.3799019607843137
3 0.42133333333333334 0.18995098039215685 0.2773333333333333 0.3799019607843137
10 0.6033333333333334 0.1090686274509804 0.08666666666666667 0.21691176470588236
1 0.6646666666666666 0.1409313725490196 0.06666666666666667 0.20833333333333334
6 0.7086666666666667 0.16666666666666666 0.06533333333333333 0.20588235294117646
11 0.7586666666666667 0.20098039215686275 0.08466666666666667 0.2193627450980392
5 0.822 0.23774509803921567 0.06666666666666667 0.20220588235294118
7 0.866 0.2659313725490196 0.064 0.20465686274509803
1 0.9073333333333333 0.27818627450980393 0.062 0.18504901960784315
5 0.9506666666666667 0.29044117647058826 0.06466666666666666 0.15808823529411764
10 0.076 0.5281862745098039 0.11066666666666666 0.2696078431372549
1 0.14333333333333334 0.5882352941176471 0.076 0.23284313725490197
2 0.19066666666666668 0.616421568627451 0.07066666666666667 0.22916666666666666
11 0.24133333333333334 0.6507352941176471 0.092 0.2647058823529412
7 0.318 0.7205882352941176 0.078 0.23284313725490197
2 0.364 0.75 0.07466666666666667 0.2549019607843137
8 0.4126666666666667 0.7745098039215687 0.082 0.2512254901960784
8 0.4673333333333333 0.8075980392156863 0.09 0.25612745098039214
10 0.6713333333333333 0.5024509803921569 0.12866666666666668 0.24509803921568626
1 0.7546666666666667 0.5428921568627451 0.08533333333333333 0.23774509803921567
6 0.8113333333333334 0.5759803921568627 0.08666666666666667 0.2340686274509804
11 0.89 0.6029411764705882 0.10133333333333333 0.24142156862745098
8 0.6133333333333333 0.7377450980392157 0.10666666666666667 0.3088235294117647
2 0.698 0.7904411764705882 0.13333333333333333 0.2977941176470588
9 0.7966666666666666 0.8333333333333334 0.13333333333333333 0.29411764705882354
2 0.894 0.8602941176470589 0.138 0.2647058823529412