1 0.05256723716381418 0.2702702702702703 0.10513447432762836 0.3153153153153153
3 0.14274455332535532 0.31263464764498117 0.11708285007928743 0.30951508133341477
11 0.29627422013117954 0.3595834234169237 0.16852716501492732 0.3454524269167603
10 0.5776283618581907 0.19932432432432431 0.08557457212713937 0.3918918918918919
3 0.6552567237163814 0.25563063063063063 0.059290953545232276 0.36824324324324326
16 0.7218826405867971 0.30855855855855857 0.08985330073349633 0.39864864864864863
3 0.7988997555012225 0.36824324324324326 0.061124694376528114 0.36824324324324326
9 0.8502444987775061 0.3885135135135135 0.061124694376528114 0.3400900900900901
9 0.9003667481662592 0.40765765765765766 0.061124694376528114 0.30067567567567566
6 0.9498777506112469 0.42567567567567566 0.061124694376528114 0.26576576576576577
10 0.06418092909535453 0.8164414414414415 0.09963325183374083 0.22409909909909909
1 0.13814180929095354 0.8367117117117117 0.05990220048899755 0.19144144144144143
14 0.22921760391198043 0.8468468468468469 0.1069682151589242 0.23198198198198197
5 0.30684596577017115 0.8569819819819819 0.061124694376528114 0.20382882882882883
8 0.36185819070904646 0.8761261261261262 0.061124694376528114 0.19144144144144143
1 0.41381418092909533 0.8761261261261262 0.05623471882640587 0.21396396396396397
9 0.4676039119804401 0.8918918918918919 0.06418092909535453 0.19256756756756757
10 0.5984107579462102 0.7398648648648649 0.09718826405867971 0.25900900900900903
7 0.6742053789731052 0.7927927927927928 0.07273838630806846 0.25563063063063063
11 0.738997555012225 0.8243243243243243 0.07396088019559902 0.24887387387387389
6 0.7952322738386308 0.8592342342342343 0.06418092909535453 0.25788288288288286
1 0.8453545232273839 0.8851351351351351 0.05684596577017115 0.2286036036036036
3 0.8924205378973105 0.9009009009009009 0.059290953545232276 0.19707207207207209
9 0.9449877750611247 0.9132882882882883 0.06356968215158924 0.17342342342342343