10 0.14906832298136646 0.1678082191780822 0.11231884057971014 0.14269406392694065
6 0.2525879917184265 0.1552511415525114 0.07712215320910973 0.12899543378995434
0 0.31573498964803315 0.1461187214611872 0.06366459627329192 0.1232876712328767
18 0.4135610766045549 0.12899543378995434 0.08850931677018634 0.13812785388127855
9 0.11335403726708075 0.3378995433789954 0.11801242236024845 0.1632420091324201
2 0.2236024844720497 0.3264840182648402 0.11594202898550725 0.17009132420091325
8 0.32401656314699795 0.3139269406392694 0.11542443064182195 0.17579908675799086
5 0.43478260869565216 0.29337899543379 0.11956521739130435 0.17009132420091325
10 0.6112836438923396 0.3230593607305936 0.09161490683229814 0.2728310502283105
2 0.6847826086956522 0.3150684931506849 0.05745341614906832 0.24885844748858446
1 0.7329192546583851 0.3059360730593607 0.052795031055900624 0.2534246575342466
11 0.7841614906832298 0.2990867579908676 0.06677018633540373 0.24885844748858446
2 0.8390269151138716 0.2853881278538813 0.05227743271221532 0.24315068493150685
6 0.8840579710144928 0.2671232876712329 0.05124223602484472 0.23401826484018265
7 0.9280538302277432 0.2522831050228311 0.052795031055900624 0.24885844748858446
0 0.9715320910973085 0.2408675799086758 0.046583850931677016 0.24315068493150685
10 0.2080745341614907 0.6712328767123288 0.10921325051759834 0.1187214611872146
6 0.3059006211180124 0.6723744292237442 0.07712215320910973 0.12899543378995434
11 0.37732919254658387 0.6689497716894978 0.09006211180124224 0.13926940639269406
8 0.12888198757763975 0.8321917808219178 0.11335403726708075 0.1906392694063927
6 0.2334368530020704 0.8424657534246576 0.11128364389233955 0.1872146118721461
2 0.3302277432712215 0.841324200913242 0.10093167701863354 0.17922374429223745
0 0.42857142857142855 0.8447488584474886 0.11490683229813664 0.182648401826484
9 0.6490683229813664 0.6438356164383562 0.14906832298136646 0.1917808219178082
2 0.7644927536231884 0.6335616438356164 0.12732919254658384 0.17123287671232876
6 0.8819875776397516 0.6221461187214612 0.14285714285714285 0.14840182648401826