10 0.02197802197802198 0.13975155279503104 0.04395604395604396 0.2546583850931677
6 0.12454212454212454 0.10559006211180125 0.12087912087912088 0.2111801242236025
0 0.23076923076923078 0.08850931677018634 0.0989010989010989 0.17701863354037267
18 0.3708791208791209 0.06987577639751552 0.09706959706959707 0.13975155279503104
2 0.09432234432234432 0.3136645962732919 0.184981684981685 0.14906832298136646
8 0.2619047619047619 0.2888198757763975 0.18315018315018314 0.19875776397515527
5 0.38461538461538464 0.26242236024844723 0.0695970695970696 0.2515527950310559
10 0.49633699633699635 0.13043478260869565 0.1163003663003663 0.12888198757763975
7 0.5924908424908425 0.15993788819875776 0.08791208791208792 0.12732919254658384
11 0.6721611721611722 0.18167701863354038 0.09981684981684982 0.13975155279503104
2 0.7591575091575091 0.2111801242236025 0.09340659340659341 0.12422360248447205
9 0.8534798534798534 0.2515527950310559 0.1043956043956044 0.11335403726708075
8 0.9404761904761905 0.2717391304347826 0.0989010989010989 0.12422360248447205
10 0.08333333333333333 0.65527950310559 0.076007326007326 0.16770186335403728
4 0.13736263736263737 0.6257763975155279 0.04395604395604396 0.13975155279503104
11 0.184981684981685 0.5962732919254659 0.055860805860805864 0.15683229813664595
2 0.23351648351648352 0.5714285714285714 0.04395604395604396 0.15062111801242237
9 0.27289377289377287 0.5559006211180124 0.040293040293040296 0.15062111801242237
0 0.3086080586080586 0.5279503105590062 0.040293040293040296 0.14285714285714285
1 0.3498168498168498 0.5217391304347826 0.04395604395604396 0.15527950310559005
10 0.63003663003663 0.5636645962732919 0.13095238095238096 0.2422360248447205
4 0.7316849816849816 0.5357142857142857 0.08791208791208792 0.22826086956521738
16 0.826007326007326 0.5093167701863354 0.11538461538461539 0.2204968944099379
5 0.5714285714285714 0.8027950310559007 0.12087912087912088 0.2639751552795031
0 0.6785714285714286 0.7779503105590062 0.10805860805860806 0.2562111801242236
6 0.7847985347985348 0.7562111801242236 0.11355311355311355 0.26242236024844723
4 0.8891941391941391 0.7282608695652174 0.1163003663003663 0.2577639751552795