10 0.3579447322970639 0.2571059431524548 0.14248704663212436 0.23772609819121446
10 0.5129533678756477 0.10723514211886305 0.10103626943005181 0.19056847545219638
1 0.5785837651122625 0.14470284237726097 0.05872193436960276 0.16085271317829458
6 0.6213298791018999 0.16666666666666666 0.06174438687392055 0.17958656330749354
11 0.677461139896373 0.19186046511627908 0.08031088082901554 0.18152454780361757
5 0.7474093264248705 0.22545219638242894 0.08678756476683938 0.19315245478036175
5 0.8078583765112263 0.2622739018087855 0.08246977547495682 0.1925064599483204
4 0.8713298791018999 0.2900516795865633 0.07987910189982729 0.17377260981912146
9 0.9356649395509499 0.3029715762273902 0.0885146804835924 0.15310077519379844
10 0.07081174438687392 0.5555555555555556 0.14162348877374784 0.2558139534883721
1 0.17786840038737406 0.5834733722720958 0.09295143640306029 0.22030729665262486
9 0.25199022927604625 0.6053841456914223 0.11281326714572004 0.22169133052419876
11 0.3464224020003689 0.6190492058874232 0.1230318145145304 0.2391491254002003
4 0.025906735751295335 0.7835917312661499 0.05181347150259067 0.3165374677002584
2 0.11829633299352134 0.8208472280442307 0.18725553449354249 0.29128537074314337
3 0.2651122625215889 0.8527131782945736 0.17443868739205526 0.29457364341085274
9 0.3791018998272884 0.8669250645994832 0.1001727115716753 0.2661498708010336
10 0.5112262521588946 0.5038759689922481 0.1118307426597582 0.2409560723514212
2 0.5984455958549223 0.6040051679586563 0.06994818652849741 0.20607235142118863
13 0.6675302245250432 0.6866925064599483 0.10751295336787564 0.26744186046511625
4 0.7469775474956822 0.7784237726098191 0.0729706390328152 0.22093023255813954
1 0.8078583765112263 0.8527131782945736 0.07469775474956822 0.22157622739018087
4 0.8721934369602763 0.9069767441860465 0.07383419689119171 0.18604651162790697
3 0.9399827288428325 0.9386304909560723 0.07772020725388601 0.1227390180878553