10 0.2884967209241623 0.22436826200544 0.18772493224713777 0.25856990275131425
1 0.4131818181818182 0.24455040871934605 0.053636363636363635 0.22479564032697547
4 0.19545454545454546 0.4427792915531335 0.21818181818181817 0.29427792915531337
7 0.34863636363636363 0.4591280653950954 0.18272727272727274 0.2615803814713896
10 0.6240909090909091 0.16212534059945505 0.1318181818181818 0.19754768392370572
4 0.7381818181818182 0.2050408719346049 0.11818181818181818 0.20027247956403268
16 0.8595454545454545 0.24182561307901906 0.15272727272727274 0.22479564032697547
3 0.5486363636363636 0.3583106267029973 0.14272727272727273 0.27452316076294275
2 0.6481818181818182 0.4039509536784741 0.14045454545454544 0.26430517711171664
2 0.7445454545454545 0.4311989100817439 0.13363636363636364 0.2574931880108992
6 0.8486363636363636 0.4645776566757493 0.14272727272727273 0.25
10 0.16 0.7159400544959128 0.10727272727272727 0.1362397820163488
5 0.24181818181818182 0.7452316076294278 0.07772727272727273 0.1273841961852861
11 0.3131818181818182 0.7663487738419619 0.09 0.13215258855585832
4 0.07 0.8331062670299727 0.13318181818181818 0.17779291553133514
4 0.17045454545454544 0.8685286103542235 0.11863636363636364 0.1771117166212534
9 0.26272727272727275 0.8944141689373297 0.10318181818181818 0.15803814713896458
3 0.34954545454545455 0.9196185286103542 0.11818181818181818 0.16076294277929154
10 0.5236363636363637 0.7595367847411444 0.14045454545454544 0.2608991825613079
4 0.610909090909091 0.7949591280653951 0.1009090909090909 0.23228882833787465
11 0.6754545454545454 0.8242506811989101 0.12545454545454546 0.2622615803814714
2 0.7536363636363637 0.8589918256130791 0.1 0.24250681198910082
1 0.8081818181818182 0.8807901907356949 0.11 0.23773841961852862
6 0.8695454545454545 0.8903269754768393 0.10636363636363637 0.21934604904632152
6 0.935 0.9019073569482289 0.11 0.19618528610354224