10 0.07240437158469945 0.10253456221198157 0.14207650273224043 0.20506912442396313
9 0.18126857873068272 0.13720038909723217 0.09522319555741161 0.20935993043148618
4 0.24766590009016645 0.1661397833419176 0.0924034101588111 0.20692169527831333
18 0.32865281904681154 0.20586243263124884 0.11222945291045684 0.2262934888159614
3 0.08401639344262295 0.3836405529953917 0.1680327868852459 0.35253456221198154
5 0.2151639344262295 0.41359447004608296 0.18442622950819673 0.2926267281105991
1 0.3572404371584699 0.4435483870967742 0.17896174863387979 0.23271889400921658
10 0.7096994535519126 0.21774193548387097 0.07103825136612021 0.3076036866359447
7 0.7622950819672131 0.2626728110599078 0.05396174863387978 0.3052995391705069
11 0.8060109289617486 0.28225806451612906 0.0546448087431694 0.2960829493087558
6 0.8456284153005464 0.3087557603686636 0.04781420765027322 0.3087557603686636
1 0.8797814207650273 0.33064516129032256 0.04234972677595628 0.2764976958525346
3 0.9118852459016393 0.358294930875576 0.04439890710382514 0.27764976958525345
9 0.9480874316939891 0.3721198156682028 0.04781420765027322 0.27764976958525345
10 0.2301912568306011 0.6624423963133641 0.1557377049180328 0.1347926267281106
7 0.34084699453551914 0.6808755760368663 0.10724043715846994 0.12096774193548387
11 0.44603825136612024 0.695852534562212 0.13456284153005466 0.12788018433179724
3 0.1133879781420765 0.7972350230414746 0.15710382513661203 0.15668202764976957
8 0.23292349726775957 0.8133640552995391 0.15778688524590165 0.16359447004608296
9 0.3531420765027322 0.8271889400921659 0.15778688524590165 0.16013824884792627
9 0.47950819672131145 0.847926267281106 0.17144808743169399 0.16013824884792627
10 0.7588797814207651 0.7488479262672811 0.05396174863387978 0.08179723502304148
4 0.8080601092896175 0.738479262672811 0.03825136612021858 0.07949308755760369
11 0.842896174863388 0.7338709677419355 0.05191256830601093 0.0967741935483871
3 0.7274590163934426 0.8525345622119815 0.06557377049180328 0.12672811059907835
7 0.7800546448087432 0.8456221198156681 0.06489071038251366 0.10714285714285714
2 0.8360655737704918 0.8306451612903226 0.06215846994535519 0.11405529953917051
7 0.8913934426229508 0.8052995391705069 0.07240437158469945 0.11981566820276497