10 0.053519061583577714 0.06311881188118812 0.10703812316715543 0.12623762376237624
9 0.1532258064516129 0.06311881188118812 0.10117302052785923 0.12623762376237624
4 0.2287390029325513 0.06806930693069307 0.09970674486803519 0.13613861386138615
18 0.3225806451612903 0.07920792079207921 0.12023460410557185 0.15841584158415842
6 0.027126099706744868 0.29455445544554454 0.054252199413489736 0.3712871287128713
3 0.1105040884415055 0.3083845156277968 0.19572867556165116 0.3716722068552425
5 0.2687106909696477 0.3275775421633485 0.2005639793639162 0.3793572620742405
1 0.40542521994134895 0.34034653465346537 0.14809384164222875 0.37376237623762376
10 0.5549853372434017 0.400990099009901 0.10703812316715543 0.4542079207920792
1 0.6348973607038123 0.3997524752475248 0.07917888563049853 0.4368811881188119
9 0.6935483870967742 0.3910891089108911 0.07917888563049853 0.4158415841584158
11 0.7683284457478006 0.375 0.09530791788856305 0.452970297029703
9 0.8526392961876833 0.36757425742574257 0.07624633431085044 0.42945544554455445
0 0.907624633431085 0.3613861386138614 0.07111436950146628 0.40717821782178215
0 0.9582111436950147 0.3589108910891089 0.06744868035190615 0.40717821782178215
2 0.9860703812316716 0.3527227722772277 0.02785923753665689 0.4034653465346535
3 0.29472140762463345 0.7710396039603961 0.03812316715542522 0.07178217821782178
0 0.34017595307917886 0.7462871287128713 0.030058651026392963 0.06188118811881188
1 0.3680351906158358 0.7326732673267327 0.03152492668621701 0.06188118811881188
0 0.0872434017595308 0.9492574257425742 0.062316715542521994 0.10024752475247525
2 0.1378299120234604 0.9356435643564357 0.056451612903225805 0.12004950495049505
4 0.19208211143695014 0.905940594059406 0.062316715542521994 0.1051980198019802
11 0.25146627565982405 0.8811881188118812 0.06671554252199413 0.1150990099009901
9 0.3181818181818182 0.8477722772277227 0.062316715542521994 0.1051980198019802
4 0.3724340175953079 0.8267326732673267 0.056451612903225805 0.11386138613861387
1 0.41715542521994137 0.801980198019802 0.045454545454545456 0.10024752475247525
9 0.4574780058651026 0.780940594059406 0.04398826979472141 0.11386138613861387
10 0.626099706744868 0.8205445544554455 0.11803519061583578 0.11138613861386139
1 0.7089442815249267 0.7995049504950495 0.08870967741935484 0.11262376237623763
5 0.7705278592375366 0.7846534653465347 0.09530791788856305 0.11014851485148515
11 0.8497067448680352 0.7660891089108911 0.10557184750733138 0.1150990099009901
8 0.6143695014662757 0.9368811881188119 0.13709677419354838 0.12623762376237624
8 0.7199413489736071 0.9257425742574258 0.12756598240469208 0.14603960396039603
8 0.8233137829912024 0.8997524752475248 0.125366568914956 0.14603960396039603
4 0.9237536656891495 0.8725247524752475 0.13343108504398826 0.14356435643564355