10 0.10044642857142858 0.13006756756756757 0.20089285714285715 0.26013513513513514
1 0.25469703024148355 0.18817765459146607 0.14164235075123294 0.3183848076766841
8 0.3646574112207549 0.26712445378149563 0.1338551878496258 0.30388745349644797
11 0.45907738095238093 0.3125 0.09970238095238096 0.2939189189189189
4 0.03869047619047619 0.2702702702702703 0.07738095238095238 0.3783783783783784
5 0.1644345238095238 0.34290540540540543 0.2604166666666667 0.23310810810810811
1 0.3705357142857143 0.4155405405405405 0.24404761904761904 0.08783783783783784
0 0.6599702380952381 0.16554054054054054 0.10267857142857142 0.1570945945945946
1 0.7455357142857143 0.19763513513513514 0.07068452380952381 0.14358108108108109
7 0.8043154761904762 0.21452702702702703 0.0900297619047619 0.14864864864864866
8 0.8869047619047619 0.23479729729729729 0.0974702380952381 0.14695945945945946
4 0.6175595238095238 0.32094594594594594 0.12276785714285714 0.20608108108108109
5 0.7098214285714286 0.35135135135135137 0.11235119047619048 0.20777027027027026
6 0.7991071428571429 0.36824324324324326 0.11681547619047619 0.18243243243243243
1 0.8973214285714286 0.38006756756756754 0.1130952380952381 0.15878378378378377
10 0.20907738095238096 0.6452702702702703 0.13392857142857142 0.23479729729729729
4 0.31473214285714285 0.706081081081081 0.11904761904761904 0.22804054054054054
11 0.41220238095238093 0.7618243243243243 0.13392857142857142 0.23986486486486486
5 0.09672619047619048 0.8209459459459459 0.15104166666666666 0.3125
0 0.21205357142857142 0.8682432432432432 0.14508928571428573 0.2635135135135135
8 0.3229166666666667 0.9003378378378378 0.14285714285714285 0.19932432432432431
4 0.4263392857142857 0.9341216216216216 0.11755952380952381 0.13175675675675674
10 0.6086309523809523 0.7820945945945946 0.12946428571428573 0.3766891891891892
5 0.6860119047619048 0.8378378378378378 0.08630952380952381 0.32432432432432434
11 0.7470238095238095 0.8530405405405406 0.10639880952380952 0.2922297297297297
1 0.8244047619047619 0.8834459459459459 0.07886904761904762 0.23141891891891891
4 0.8727678571428571 0.902027027027027 0.078125 0.19425675675675674
8 0.921875 0.9172297297297297 0.07589285714285714 0.16554054054054054
1 0.9605654761904762 0.9358108108108109 0.05952380952380952 0.1266891891891892