10 0.06376811594202898 0.152317880794702 0.12753623188405797 0.304635761589404
1 0.17971014492753623 0.09105960264900662 0.14202898550724638 0.18211920529801323
8 0.28695652173913044 0.054635761589403975 0.13333333333333333 0.10927152317880795
4 0.04927536231884058 0.3294701986754967 0.09855072463768116 0.2152317880794702
5 0.18333333333333332 0.26158940397350994 0.2594202898550725 0.3509933774834437
1 0.38115942028985506 0.2185430463576159 0.2463768115942029 0.4370860927152318
3 0.5028985507246376 0.20860927152317882 0.0927536231884058 0.41721854304635764
10 0.6572463768115943 0.25662251655629137 0.12318840579710146 0.1870860927152318
2 0.7507246376811594 0.20860927152317882 0.08840579710144927 0.15562913907284767
16 0.8434782608695652 0.15066225165562913 0.1246376811594203 0.19370860927152317
4 0.6471014492753623 0.37748344370860926 0.11956521739130435 0.11754966887417219
0 0.7289855072463768 0.3576158940397351 0.1108695652173913 0.15894039735099338
5 0.8108695652173913 0.33112582781456956 0.11304347826086956 0.2052980132450331
6 0.8971014492753623 0.27980132450331124 0.11884057971014493 0.20860927152317882
10 0.03985507246376811 0.8990066225165563 0.07971014492753623 0.20198675496688742
5 0.09492753623188406 0.8824503311258278 0.08478260869565217 0.23344370860927152
9 0.17391304347826086 0.8543046357615894 0.09202898550724638 0.2582781456953642
18 0.23768115942028986 0.8195364238410596 0.09057971014492754 0.2764900662251656
5 0.2971014492753623 0.7814569536423841 0.09202898550724638 0.30132450331125826
5 0.37971014492753624 0.7599337748344371 0.09420289855072464 0.2913907284768212
3 0.427536231884058 0.7384105960264901 0.09057971014492754 0.31456953642384106
6 0.486231884057971 0.7201986754966887 0.1 0.31125827814569534
0 0.6094202898550725 0.7152317880794702 0.12028985507246377 0.31125827814569534
6 0.7032957642605124 0.6653602640792664 0.09885706397989455 0.26566050389797125
9 0.792376275060246 0.625324031027311 0.12677282231923748 0.29949353477126844
4 0.5891304347826087 0.9221854304635762 0.07971014492753623 0.15562913907284767
4 0.6673913043478261 0.8973509933774835 0.15507246376811595 0.2052980132450331
10 0.7840579710144927 0.8675496688741722 0.1565217391304348 0.26490066225165565
11 0.8971014492753623 0.8443708609271523 0.15072463768115943 0.31125827814569534