10 0.03333333333333333 0.31798245614035087 0.06666666666666667 0.3026315789473684
1 0.10166666666666667 0.3092105263157895 0.08333333333333333 0.3201754385964912
5 0.16583333333333333 0.3026315789473684 0.085 0.3333333333333333
11 0.24416666666666667 0.2982456140350877 0.105 0.34210526315789475
8 0.3383333333333333 0.2894736842105263 0.08666666666666667 0.35964912280701755
7 0.4075 0.28289473684210525 0.08166666666666667 0.37280701754385964
1 0.4475 0.2807017543859649 0.025 0.37719298245614036
10 0.6075 0.23464912280701755 0.17833333333333334 0.4692982456140351
1 0.7516666666666667 0.23464912280701755 0.09333333333333334 0.4692982456140351
9 0.8325 0.23464912280701755 0.105 0.4692982456140351
11 0.9433333333333334 0.23026315789473684 0.11333333333333333 0.4605263157894737
10 0.14837442813754284 0.6173929840444263 0.1455495578313322 0.19497658438183557
5 0.2727837755020011 0.5893036000243098 0.09917410800201547 0.20169843604883048
11 0.37083333333333335 0.5614035087719298 0.125 0.18421052631578946
6 0.10988804505018573 0.8172805256027699 0.14533897535141516 0.2605361993849801
8 0.2528248703062106 0.7778907662663663 0.1517144251807319 0.24829773937240193
9 0.39166666666666666 0.7368421052631579 0.13666666666666666 0.24561403508771928
10 0.5225 0.8640350877192983 0.10916666666666666 0.22807017543859648
1 0.6 0.8135964912280702 0.07 0.17982456140350878
5 0.6616666666666666 0.7653508771929824 0.06583333333333333 0.18640350877192982
11 0.7233333333333334 0.7214912280701754 0.08333333333333333 0.19736842105263158
8 0.7883333333333333 0.6754385964912281 0.06666666666666667 0.19078947368421054
5 0.8433333333333334 0.6337719298245614 0.06583333333333333 0.17543859649122806
6 0.8966666666666666 0.5942982456140351 0.056666666666666664 0.16447368421052633
8 0.9475 0.5592105263157895 0.056666666666666664 0.16447368421052633