10 0.10932203389830508 0.24056603773584906 0.16101694915254236 0.39622641509433965
1 0.211864406779661 0.21933962264150944 0.10847457627118644 0.4386792452830189
5 0.27627118644067794 0.20047169811320756 0.10847457627118644 0.4009433962264151
11 0.3398305084745763 0.1721698113207547 0.1 0.3443396226415094
9 0.4322033898305085 0.13679245283018868 0.0847457627118644 0.27358490566037735
1 0.5440677966101695 0.07547169811320754 0.1288135593220339 0.1509433962264151
10 0.03898305084745763 0.8160377358490566 0.07796610169491526 0.36792452830188677
2 0.10254237288135593 0.7570754716981132 0.06016949152542373 0.31839622641509435
13 0.15932203389830507 0.6886792452830188 0.08813559322033898 0.37735849056603776
4 0.22203389830508474 0.6108490566037735 0.06271186440677966 0.32547169811320753
4 0.2677966101694915 0.5849056603773585 0.061016949152542375 0.29245283018867924
7 0.31271186440677967 0.5566037735849056 0.06271186440677966 0.2358490566037736
5 0.3559322033898305 0.5330188679245284 0.059322033898305086 0.18632075471698112
0 0.5135593220338983 0.6438679245283019 0.12372881355932204 0.18396226415094338
1 0.6152542372881356 0.5801886792452831 0.0847457627118644 0.17452830188679244
7 0.6864406779661016 0.5306603773584906 0.1059322033898305 0.18160377358490565
8 0.7838983050847458 0.49528301886792453 0.12796610169491526 0.11320754716981132
4 0.5203389830508475 0.8514150943396226 0.14915254237288136 0.25943396226415094
5 0.6279661016949153 0.7759433962264151 0.14067796610169492 0.25943396226415094
6 0.7372881355932204 0.7075471698113207 0.14067796610169492 0.2617924528301887
1 0.8533898305084746 0.6179245283018868 0.14067796610169492 0.24764150943396226