10 0.17349137931034483 0.1891025641025641 0.10129310344827586 0.10576923076923077
18 0.37823275862068967 0.11538461538461539 0.08620689655172414 0.10256410256410256
6 0.2650862068965517 0.16025641025641027 0.06788793103448276 0.11217948717948718
5 0.32004310344827586 0.14102564102564102 0.06573275862068965 0.11217948717948718
8 0.15086206896551724 0.36217948717948717 0.1271551724137931 0.17307692307692307
1 0.24892241379310345 0.3301282051282051 0.11961206896551724 0.1891025641025641
9 0.35129310344827586 0.30128205128205127 0.13038793103448276 0.1891025641025641
1 0.4558189655172414 0.266025641025641 0.13469827586206898 0.1858974358974359
3 0.6290127370909012 0.20977661247944843 0.047140127666581134 0.16182280206955624
0 0.690171739907235 0.18521489758285278 0.04267926228084084 0.14885310907636287
1 0.7287766926578183 0.1678466350030866 0.04698960710842705 0.1490022892490434
0 0.7846606548582847 0.15308677993772635 0.04052408986704798 0.14877851899002253
2 0.8223009118205872 0.14537119701651494 0.04267926228084109 0.1488531090763629
3 0.8597906482247354 0.12483510127479068 0.04275452255991801 0.1552633654866193
11 0.9112137450394615 0.09740391356159818 0.06438150697692596 0.16241952276027855
0 0.6303879310344828 0.3782051282051282 0.10129310344827586 0.24358974358974358
7 0.8049568965517241 0.33653846153846156 0.1875 0.3269230769230769
3 0.9655172413793104 0.266025641025641 0.06896551724137931 0.3269230769230769
3 0.07758620689655173 0.907051282051282 0.11637931034482758 0.1858974358974359
11 0.17456896551724138 0.8621794871794872 0.12931034482758622 0.27564102564102566
6 0.28448275862068967 0.8301282051282052 0.125 0.33974358974358976
7 0.38469827586206895 0.8044871794871795 0.11422413793103449 0.391025641025641
2 0.47737068965517243 0.7724358974358975 0.10991379310344827 0.4551282051282051
4 0.5463362068965517 0.7339743589743589 0.0668103448275862 0.46794871794871795
10 0.6454741379310345 0.875 0.07974137931034483 0.25
6 0.7046592979507935 0.8192052484943614 0.06974549571159085 0.2523122926765488
11 0.7589012218512857 0.7564057653952482 0.07167488728815287 0.2331561135321199
4 0.8227285311952315 0.6836552422922191 0.06290367707482637 0.22003724036624597
9 0.8685002859987053 0.6339746323589799 0.06089902521918736 0.23278316310041847
2 0.915948275862069 0.5961538461538461 0.0603448275862069 0.19230769230769232
1 0.9612068965517241 0.5673076923076923 0.0603448275862069 0.1346153846153846