10 0.11605504587155964 0.19838056680161945 0.08256880733944955 0.1214574898785425
18 0.27339449541284405 0.09615384615384616 0.07018348623853211 0.11639676113360324
6 0.1871559633027523 0.15789473684210525 0.05917431192660551 0.12246963562753037
5 0.2298165137614679 0.1305668016194332 0.05688073394495413 0.12246963562753037
8 0.09220183486238533 0.3765182186234818 0.10366972477064221 0.19129554655870445
1 0.16743119266055045 0.3319838056680162 0.10045871559633028 0.20647773279352227
9 0.24587155963302754 0.28846153846153844 0.10825688073394496 0.2074898785425101
1 0.3256880733944954 0.24190283400809717 0.11192660550458716 0.2034412955465587
0 0.6197247706422019 0.15688259109311742 0.12935779816513762 0.16497975708502025
6 0.7188073394495413 0.13157894736842105 0.08440366972477065 0.14777327935222673
9 0.8004587155963303 0.11336032388663968 0.11146788990825689 0.16396761133603238
4 0.5509174311926606 0.35526315789473684 0.13577981651376148 0.2257085020242915
4 0.658256880733945 0.3319838056680162 0.13440366972477064 0.2257085020242915
10 0.7651376146788991 0.3076923076923077 0.1353211009174312 0.23380566801619435
11 0.8701834862385321 0.2823886639676113 0.12981651376146788 0.22975708502024292
10 0.05825688073394496 0.8036437246963563 0.09587155963302753 0.2783400809716599
2 0.12568807339449542 0.7672064777327935 0.06192660550458716 0.23987854251012145
13 0.18440366972477065 0.7317813765182186 0.09174311926605505 0.2732793522267207
4 0.24724770642201835 0.6983805668016194 0.06330275229357799 0.23987854251012145
4 0.2940366972477064 0.6639676113360324 0.061467889908256884 0.23481781376518218
7 0.33899082568807337 0.638663967611336 0.06009174311926606 0.23481781376518218
5 0.3830275229357798 0.6255060728744939 0.06467889908256881 0.2145748987854251
11 0.46376146788990824 0.854251012145749 0.04862385321100918 0.291497975708502
9 0.551136980512569 0.8041562491894068 0.15629770911325294 0.3686762945906995
2 0.6523097515853684 0.7373406763779028 0.13666752294426854 0.3585991878710583
6 0.755045871559633 0.6852226720647774 0.15229357798165138 0.3340080971659919
8 0.8435779816513761 0.6346153846153846 0.14954128440366973 0.23279352226720648