10 0.08812260536398467 0.34210526315789475 0.17624521072796934 0.34210526315789475
9 0.2595785440613027 0.21888803544988783 0.14559386973180077 0.2934584675859448
11 0.3879310344827586 0.14144736842105263 0.1743295019157088 0.28289473684210525
5 0.20881226053639848 0.4769736842105263 0.23754789272030652 0.10526315789473684
2 0.3850574712643678 0.4144736842105263 0.22988505747126436 0.23026315789473684
10 0.6781609195402298 0.18179236626835363 0.12835249042145594 0.21036020030256763
5 0.7863984674329502 0.10730558305955051 0.10727969348659004 0.19285997888604242
11 0.8773946360153256 0.0805921052631579 0.12260536398467432 0.1611842105263158
1 0.6647509578544061 0.3980263157894737 0.14559386973180077 0.2631578947368421
5 0.7681992337164751 0.3318990757183199 0.13793103448275862 0.2601808751091222
1 0.8706896551724138 0.26592311844608113 0.14942528735632185 0.2772025269822508
0 0.9511494252873564 0.20723684210526316 0.09770114942528736 0.2631578947368421
0 0.11781609195402298 0.8388130217671186 0.1781609195402299 0.2917961303492827
4 0.2567049808429119 0.69207113180892 0.12643678160919541 0.23000132849915148
7 0.3333333333333333 0.6348684210526315 0.13409961685823754 0.21052631578947367
8 0.4386973180076628 0.5707236842105263 0.12260536398467432 0.08223684210526316
5 0.29022988505747127 0.8947368421052632 0.23563218390804597 0.21052631578947367
17 0.4157088122605364 0.8092105263157895 0.1685823754789272 0.3815789473684211
10 0.6053639846743295 0.8601973684210527 0.13409961685823754 0.2746710526315789
7 0.6886973180076629 0.8207236842105263 0.09674329501915709 0.3042763157894737
11 0.7653256704980843 0.7648026315789473 0.11973180076628352 0.33223684210526316
3 0.8505747126436781 0.7006578947368421 0.09291187739463602 0.2993421052631579
4 0.9061302681992337 0.6661184210526315 0.09482758620689655 0.2730263157894737
3 0.9588122605363985 0.6414473684210527 0.08141762452107279 0.2236842105263158