10 0.22646239293968606 0.20830198515868426 0.19242305703157248 0.309617115105395
9 0.4171937083324623 0.16685486482854153 0.12541123459979076 0.27337677913129127
11 0.4944237918215613 0.13782051282051283 0.048327137546468404 0.27564102564102566
5 0.32806691449814124 0.3974358974358974 0.2100371747211896 0.10256410256410256
2 0.4628252788104089 0.3766025641025641 0.11152416356877323 0.14423076923076922
3 0.7862453531598513 0.1891025641025641 0.04368029739776952 0.125
0 0.8410780669144982 0.17147435897435898 0.039962825278810406 0.1201923076923077
1 0.8745353159851301 0.16506410256410256 0.041821561338289966 0.1201923076923077
0 0.5762081784386617 0.3685897435897436 0.05947955390334572 0.16025641025641027
2 0.6273234200743495 0.3605769230769231 0.06505576208178439 0.1762820512820513
4 0.6802973977695167 0.3573717948717949 0.05947955390334572 0.18269230769230768
11 0.7369888475836431 0.34775641025641024 0.0762081784386617 0.20192307692307693
3 0.8039033457249071 0.34134615384615385 0.06319702602230483 0.20993589743589744
6 0.8596654275092936 0.3317307692307692 0.06319702602230483 0.21474358974358973
5 0.9107806691449815 0.3092948717948718 0.06505576208178439 0.20993589743589744
3 0.95817843866171 0.296474358974359 0.0604089219330855 0.20512820512820512
10 0.08364312267657993 0.8685897435897436 0.09572490706319703 0.26121794871794873
9 0.15985130111524162 0.8413461538461539 0.06412639405204461 0.23237179487179488
11 0.21933085501858737 0.8221153846153846 0.08085501858736059 0.26121794871794873
1 0.2843866171003718 0.8012820512820513 0.06691449814126393 0.23717948717948717
5 0.33736059479553904 0.7884615384615384 0.06598513011152417 0.2548076923076923
7 0.3949814126394052 0.7596153846153846 0.06691449814126393 0.2419871794871795
0 0.44981412639405205 0.7403846153846154 0.06412639405204461 0.23717948717948717
10 0.6802973977695167 0.7403846153846154 0.08921933085501858 0.16185897435897437
1 0.7425650557620818 0.7131410256410257 0.05855018587360595 0.15064102564102563
0 0.7843866171003717 0.6955128205128205 0.056691449814126396 0.15705128205128205
11 0.837360594795539 0.6714743589743589 0.08364312267657993 0.16346153846153846
3 0.6561338289962825 0.9006410256410257 0.10594795539033457 0.1987179487179487
9 0.741635687732342 0.8814102564102564 0.10594795539033457 0.20673076923076922
7 0.8271375464684015 0.8509615384615384 0.10223048327137546 0.1971153846153846
4 0.9107806691449815 0.8108974358974359 0.10408921933085502 0.20673076923076922