10 0.40474468141639414 0.14497041420118342 0.14299509706030925 0.24260355029585798
1 0.4777227722772277 0.23372781065088757 0.04455445544554455 0.23076923076923078
1 0.2807316000282678 0.34615384615384615 0.18092798207587554 0.33727810650887574
1 0.4141914191419142 0.41124260355029585 0.1716171617161716 0.2958579881656805
10 0.6666666666666666 0.0695266272189349 0.14521452145214522 0.1390532544378698
1 0.7788778877887789 0.08284023668639054 0.10561056105610561 0.16568047337278108
8 0.844059405940594 0.09171597633136094 0.10396039603960396 0.1834319526627219
11 0.933993399339934 0.11390532544378698 0.132013201320132 0.22781065088757396
6 0.5897967965379203 0.27366863905325445 0.1750975696169835 0.3520710059171598
1 0.7199953281381419 0.3180473372781065 0.17164319006255735 0.34911242603550297
0 0.8534941897713668 0.3624260355029586 0.17133509101971145 0.3431952662721893
0 0.9529702970297029 0.39497041420118345 0.09405940594059406 0.32840236686390534
10 0.06353135313531354 0.8017751479289941 0.09653465346534654 0.14053254437869822
1 0.13283828382838284 0.8062130177514792 0.06930693069306931 0.13165680473372782
2 0.1806930693069307 0.8047337278106509 0.06765676567656766 0.14053254437869822
11 0.24422442244224424 0.8062130177514792 0.08003300330033003 0.15236686390532544
6 0.3234323432343234 0.8002958579881657 0.07673267326732673 0.13165680473372782
8 0.3795379537953795 0.8002958579881657 0.07013201320132013 0.13609467455621302
9 0.43481848184818483 0.7958579881656804 0.07260726072607261 0.13609467455621302
1 0.4768976897689769 0.7958579881656804 0.0462046204620462 0.13165680473372782
0 0.5973597359735974 0.7544378698224852 0.04702970297029703 0.13609467455621302
1 0.6270627062706271 0.7633136094674556 0.04867986798679868 0.12721893491124261
0 0.6782178217821783 0.8002958579881657 0.04702970297029703 0.13609467455621302
2 0.7103960396039604 0.8165680473372781 0.04537953795379538 0.14053254437869822
2 0.7417491749174917 0.8328402366863905 0.04950495049504951 0.15236686390532544
11 0.7821782178217822 0.8476331360946746 0.07343234323432343 0.16863905325443787
8 0.8267326732673267 0.878698224852071 0.06105610561056106 0.17751479289940827
0 0.8613861386138614 0.893491124260355 0.05033003300330033 0.1819526627218935
4 0.8935643564356436 0.908284023668639 0.057755775577557754 0.1834319526627219
1 0.9265676567656765 0.9186390532544378 0.05115511551155116 0.16272189349112426
3 0.8679867986798679 0.7751479289940828 0.04950495049504951 0.09911242603550297