1 0.0617379941524794 0.1604075831803806 0.08453000679691772 0.23735952745740616
6 0.13478698814313583 0.19395778074504305 0.08620519992663102 0.23448831821188776
11 0.2283130200563066 0.25098029663177807 0.1133632882434752 0.24342701906408212
1 0.025423728813559324 0.32621951219512196 0.05084745762711865 0.2621951219512195
5 0.11694915254237288 0.3628048780487805 0.1694915254237288 0.18902439024390244
4 0.26101694915254237 0.4054878048780488 0.16610169491525423 0.10365853658536585
10 0.5915254237288136 0.17378048780487804 0.0635593220338983 0.19359756097560976
1 0.6398305084745762 0.20426829268292682 0.03983050847457627 0.1676829268292683
2 0.6771186440677966 0.22865853658536586 0.04576271186440678 0.17835365853658536
11 0.7288135593220338 0.25609756097560976 0.06186440677966102 0.18902439024390244
8 0.7906779661016949 0.2926829268292683 0.05084745762711865 0.17835365853658536
9 0.8406779661016949 0.32926829268292684 0.05677966101694915 0.1798780487804878
4 0.8906779661016949 0.3628048780487805 0.05593220338983051 0.18902439024390244
3 0.9432203389830508 0.38109756097560976 0.05677966101694915 0.15091463414634146
0 0.15048378577824276 0.5936050367690774 0.14887762008436284 0.23496089320087976
6 0.2778193732158019 0.6404594653064212 0.09117161294219961 0.21672834901191806
9 0.3831013402237526 0.6819566872062351 0.12516852864956468 0.23552367629667312
4 0.05593220338983051 0.8292682926829268 0.11186440677966102 0.32926829268292684
4 0.17457627118644067 0.8628048780487805 0.14576271186440679 0.27439024390243905
10 0.31271186440677967 0.8871951219512195 0.14745762711864407 0.22560975609756098
11 0.44745762711864406 0.913109756097561 0.13898305084745763 0.17378048780487804
10 0.7395950304351055 0.6545956812096418 0.11801414726666197 0.17688656205923428
6 0.8505330910895524 0.6540314756281903 0.08072601167344164 0.17297999472893055
11 0.9242816267733983 0.6648046051554595 0.08419473068001164 0.18553025916472313
1 0.6136695749010033 0.8257290575503469 0.10477037922514566 0.22424647992582003
6 0.728894229002353 0.8332307312941238 0.1115697623666187 0.22800554538277107
4 0.8839099473292312 0.8388077682560248 0.11162892874019024 0.23715188684618568
3 0.9754237288135593 0.8292682926829268 0.04915254237288136 0.22560975609756098