10 0.06420233463035019 0.22625698324022347 0.12840466926070038 0.3016759776536313
5 0.20170280428089019 0.2461692599044741 0.13277248583889514 0.3054181328378411
11 0.35530874939008017 0.24270205540684303 0.16761083520124392 0.2848275570022306
8 0.12354085603112841 0.4273743016759777 0.1926070038910506 0.08379888268156424
10 0.6089494163424124 0.29748603351955305 0.10408560311284047 0.21089385474860337
1 0.6770428015564203 0.2946927374301676 0.05544747081712062 0.18016759776536312
2 0.7266536964980544 0.2751396648044693 0.0622568093385214 0.18016759776536312
11 0.7898832684824902 0.2611731843575419 0.07587548638132295 0.19972067039106145
4 0.8433852140077821 0.25139664804469275 0.06031128404669261 0.18994413407821228
5 0.8939688715953308 0.24860335195530725 0.053501945525291826 0.19273743016759776
6 0.9396887159533074 0.2346368715083799 0.058365758754863814 0.20251396648044692
4 0.9766536964980544 0.21787709497206703 0.04669260700389105 0.1787709497206704
10 0.06809338521400778 0.6689944134078212 0.11575875486381323 0.31424581005586594
2 0.1614785992217899 0.7122905027932961 0.06906614785992218 0.2779329608938548
13 0.24124513618677043 0.7472067039106145 0.10992217898832685 0.30726256983240224
4 0.32879377431906615 0.7905027932960894 0.07101167315175097 0.27932960893854747
4 0.39299610894941633 0.8142458100558659 0.06906614785992218 0.2723463687150838
7 0.45428015564202334 0.8393854748603352 0.06712062256809338 0.2723463687150838
5 0.5087548638132295 0.861731843575419 0.05933852140077821 0.2751396648044693
4 0.5924124513618677 0.6368715083798883 0.10700389105058365 0.18435754189944134
2 0.6896681222646748 0.6135143362562078 0.12406221698241164 0.190502816977598
18 0.8005836575875487 0.5698324022346368 0.14202334630350194 0.2011173184357542
5 0.5982490272373541 0.86731843575419 0.11867704280155641 0.26536312849162014
9 0.7333192940628486 0.8404718685022204 0.1947576363415623 0.2750199893287235
8 0.898168264432909 0.7845173025994233 0.19869396339786224 0.2808016696052137