10 0.11514778325123153 0.17982456140350878 0.12130541871921183 0.17982456140350878
5 0.22660098522167488 0.17105263157894737 0.08805418719211823 0.18421052631578946
11 0.3312807881773399 0.14912280701754385 0.11330049261083744 0.17105263157894737
1 0.07881773399014778 0.3881578947368421 0.12992610837438423 0.22807017543859648
8 0.19088669950738915 0.3793859649122807 0.12869458128078817 0.22039473684210525
3 0.31342364532019706 0.37609649122807015 0.13916256157635468 0.23135964912280702
0 0.44519704433497537 0.3607456140350877 0.1434729064039409 0.24342105263157895
0 0.6816502463054187 0.14364035087719298 0.06096059113300493 0.13048245614035087
3 0.7598522167487685 0.14912280701754385 0.038177339901477834 0.11842105263157894
3 0.7967980295566502 0.1513157894736842 0.04187192118226601 0.12719298245614036
9 0.8583743842364532 0.1524122807017544 0.054187192118226604 0.13596491228070176
18 0.6447044334975369 0.3618421052631579 0.09113300492610837 0.23574561403508773
3 0.7309113300492611 0.3651315789473684 0.08497536945812807 0.24013157894736842
3 0.8183497536945813 0.37280701754385964 0.08497536945812807 0.23793859649122806
1 0.9045566502463054 0.3782894736842105 0.08866995073891626 0.2412280701754386
18 0.3368226600985222 0.6677631578947368 0.07881773399014778 0.08881578947368421
10 0.15578817733990147 0.7401315789473685 0.09421182266009852 0.09758771929824561
4 0.23645320197044334 0.7138157894736842 0.05480295566502463 0.0756578947368421
1 0.28448275862068967 0.694078947368421 0.05233990147783251 0.0756578947368421
3 0.12253694581280788 0.8651315789473685 0.09421182266009852 0.11732456140350878
2 0.2229064039408867 0.8256578947368421 0.08312807881773399 0.10307017543859649
1 0.32389162561576357 0.7894736842105263 0.0960591133004926 0.11951754385964912
8 0.40455665024630544 0.756578947368421 0.0917487684729064 0.10635964912280702
10 0.5954433497536946 0.8037280701754386 0.11206896551724138 0.26535087719298245
5 0.7034555002842421 0.827271652986661 0.11911503804994888 0.2743795200285793
11 0.834588058899589 0.8376647224920504 0.13884813080763816 0.28355973243100324