10 0.16152597402597402 0.16551724137931034 0.0836038961038961 0.09827586206896552
7 0.24594155844155843 0.16034482758620688 0.06412337662337662 0.0896551724137931
11 0.3246753246753247 0.15344827586206897 0.07142857142857142 0.09827586206896552
3 0.08847402597402597 0.30517241379310345 0.10714285714285714 0.14655172413793102
8 0.18344155844155843 0.30344827586206896 0.10470779220779221 0.15
1 0.2840909090909091 0.30517241379310345 0.10470779220779221 0.15862068965517243
9 0.37662337662337664 0.29482758620689653 0.09496753246753246 0.15344827586206897
10 0.6436688311688312 0.1482758620689655 0.10876623376623376 0.12586206896551724
5 0.7386363636363636 0.15689655172413794 0.08279220779220779 0.12586206896551724
11 0.8206168831168831 0.15344827586206897 0.09496753246753246 0.12931034482758622
2 0.5819805194805194 0.3120689655172414 0.10227272727272728 0.1706896551724138
9 0.6777597402597403 0.30689655172413793 0.10470779220779221 0.16379310344827586
2 0.7694805194805194 0.3086206896551724 0.09415584415584416 0.17413793103448275
3 0.8660714285714286 0.31724137931034485 0.11525974025974026 0.18448275862068966
13 0.07894680452364108 0.6724137931034483 0.15561180448049594 0.3689655172413793
4 0.21550884575225362 0.746551724137931 0.11733786583442446 0.33793103448275863
7 0.3166686933693836 0.8103448275862069 0.12628699455878234 0.36551724137931035
6 0.41883116883116883 0.85 0.11038961038961038 0.3
2 0.48133116883116883 0.8724137931034482 0.056818181818181816 0.25517241379310346
9 0.551948051948052 0.7637931034482759 0.08441558441558442 0.2793103448275862
1 0.6726743808948522 0.7741379310344828 0.10503795316237874 0.30689655172413793
6 0.7849474446601752 0.7655172413793103 0.1184410889531293 0.32068965517241377
1 0.916097400996198 0.75 0.12331121882325917 0.32068965517241377
6 0.984577922077922 0.743103448275862 0.030844155844155844 0.3