10 0.18623737373737373 0.12009803921568628 0.08585858585858586 0.11029411764705882
7 0.26515151515151514 0.12663398692810457 0.06755050505050506 0.10212418300653595
11 0.3383838383838384 0.13316993464052287 0.07449494949494949 0.10947712418300654
3 0.11994949494949494 0.24428104575163398 0.11047979797979798 0.16258169934640523
8 0.20896464646464646 0.25735294117647056 0.10858585858585859 0.16584967320261437
1 0.3023989898989899 0.27450980392156865 0.10921717171717171 0.17320261437908496
9 0.38825757575757575 0.2785947712418301 0.09974747474747475 0.16584967320261437
10 0.55239898989899 0.13316993464052287 0.11300505050505051 0.26633986928104575
1 0.6281565656565656 0.15849673202614378 0.07323232323232323 0.27941176470588236
9 0.6818181818181818 0.18382352941176472 0.07386363636363637 0.2687908496732026
11 0.7474747474747475 0.21405228758169934 0.09659090909090909 0.30637254901960786
7 0.8143939393939394 0.25245098039215685 0.07702020202020202 0.2875816993464052
5 0.8699494949494949 0.27450980392156865 0.07702020202020202 0.2908496732026144
2 0.9223484848484849 0.2875816993464052 0.07512626262626262 0.2687908496732026
3 0.9684343434343434 0.29820261437908496 0.06313131313131314 0.24019607843137256
3 0.06628787878787878 0.5106209150326797 0.13257575757575757 0.12254901960784313
11 0.21843434343434343 0.5147058823529411 0.15404040404040403 0.13071895424836602
1 0.030303030303030304 0.6740196078431373 0.06060606060606061 0.2630718954248366
5 0.13087348039738833 0.6750300631766877 0.23335327995848235 0.2630773601914308
2 0.31663414192179384 0.671890417787363 0.2121464058833637 0.2265591757546118
10 0.5574494949494949 0.6021241830065359 0.12247474747474747 0.3055555555555556
1 0.6281565656565656 0.6380718954248366 0.07007575757575757 0.27369281045751637
3 0.6761363636363636 0.6650326797385621 0.08333333333333333 0.27369281045751637
11 0.73989898989899 0.6911764705882353 0.0946969696969697 0.28022875816993464
6 0.8005050505050505 0.7173202614379085 0.07828282828282829 0.2630718954248366
1 0.851010101010101 0.7467320261437909 0.07196969696969698 0.2622549019607843
5 0.9008838383838383 0.7745098039215687 0.08333333333333333 0.2687908496732026
0 0.9539141414141414 0.7900326797385621 0.08080808080808081 0.2630718954248366