10 0.0875 0.20642201834862386 0.08636363636363636 0.38073394495412843
3 0.15 0.28440366972477066 0.060227272727272727 0.3463302752293578
11 0.20681818181818182 0.35091743119266056 0.075 0.3555045871559633
6 0.2681818181818182 0.41743119266055045 0.06477272727272727 0.31880733944954126
8 0.3181818181818182 0.4793577981651376 0.06136363636363636 0.33256880733944955
0 0.3625 0.5252293577981652 0.05795454545454545 0.3256880733944954
7 0.40795454545454546 0.555045871559633 0.06136363636363636 0.26605504587155965
10 0.6284090909090909 0.21788990825688073 0.1125 0.23394495412844038
6 0.7193181818181819 0.2545871559633027 0.07954545454545454 0.22477064220183487
1 0.7738636363636363 0.2798165137614679 0.07272727272727272 0.22247706422018348
18 0.8386363636363636 0.29128440366972475 0.09772727272727273 0.22477064220183487
2 0.5727272727272728 0.4243119266055046 0.11931818181818182 0.2889908256880734
9 0.6681818181818182 0.45871559633027525 0.11931818181818182 0.28211009174311924
3 0.7625 0.5229357798165137 0.12613636363636363 0.32339449541284404
7 0.8704545454545455 0.5389908256880734 0.14204545454545456 0.2958715596330275
0 0.2159090909090909 0.963302752293578 0.045454545454545456 0.07339449541284404
1 0.24545454545454545 0.9678899082568807 0.045454545454545456 0.06422018348623854
11 0.05113636363636364 0.9518348623853211 0.10227272727272728 0.0963302752293578
10 0.6011363636363637 0.768348623853211 0.16136363636363638 0.16055045871559634
2 0.7193181818181819 0.805045871559633 0.1159090909090909 0.23394495412844038
11 0.8079545454545455 0.841743119266055 0.1340909090909091 0.3073394495412844
8 0.5102272727272728 0.8509174311926605 0.08409090909090909 0.2981651376146789
3 0.5943181818181819 0.9013761467889908 0.17954545454545454 0.19724770642201836
7 0.7329545454545454 0.9426605504587156 0.18409090909090908 0.11467889908256881