3 0.041666666666666664 0.32633587786259544 0.08333333333333333 0.27099236641221375
11 0.12091703978790067 0.28024970071176175 0.11297528526652313 0.2763722637211091
6 0.21002446664295216 0.2247365827405323 0.09680354290339291 0.2483218526718058
8 0.28312031967875867 0.18506618349099177 0.09378702365045079 0.25568886969858634
0 0.34907663359889785 0.14861279392575336 0.0891981773534835 0.2629226013456274
7 0.4164451060191769 0.12183467447307887 0.09478274393648894 0.22147101004015787
1 0.7366352201257862 0.4446564885496183 0.11163522012578617 0.08778625954198473
5 0.7987421383647799 0.42938931297709926 0.11006289308176101 0.1183206106870229
11 0.8710691823899371 0.40076335877862596 0.1320754716981132 0.17557251908396945
4 0.9528301886792453 0.3702290076335878 0.09433962264150944 0.2366412213740458
10 0.10141509433962265 0.8148854961832062 0.08490566037735849 0.2595419847328244
1 0.1540880503144654 0.7862595419847328 0.059748427672955975 0.24618320610687022
5 0.18946540880503146 0.7595419847328244 0.05738993710691824 0.22519083969465647
11 0.23270440251572327 0.7442748091603053 0.07075471698113207 0.2480916030534351
6 0.28459119496855345 0.7061068702290076 0.05581761006289308 0.23091603053435114
3 0.31839622641509435 0.6793893129770993 0.05345911949685535 0.2099236641221374
7 0.3529874213836478 0.6603053435114504 0.05581761006289308 0.21564885496183206
0 0.3891509433962264 0.6374045801526718 0.05188679245283019 0.21564885496183206
10 0.6234276729559748 0.6851145038167938 0.13050314465408805 0.16984732824427481
7 0.7248427672955975 0.6507633587786259 0.09512578616352202 0.15267175572519084
11 0.8183962264150944 0.6106870229007634 0.1069182389937107 0.15076335877862596
2 0.6108490566037735 0.8797709923664122 0.1391509433962264 0.23473282442748092
7 0.7044025157232704 0.8473282442748091 0.1360062893081761 0.23091603053435114
8 0.7963836477987422 0.8110687022900763 0.1391509433962264 0.2366412213740458
5 0.889937106918239 0.7767175572519084 0.13757861635220126 0.24236641221374045