7 0.07636887608069164 0.12942477876106195 0.15273775216138327 0.2588495575221239
4 0.21902017291066284 0.12942477876106195 0.23631123919308358 0.2588495575221239
10 0.49855907780979825 0.0752212389380531 0.12680115273775217 0.07743362831858407
3 0.6023054755043228 0.06858407079646017 0.10590778097982709 0.07632743362831858
1 0.6743515850144092 0.05641592920353982 0.09221902017291066 0.07079646017699115
18 0.7809798270893372 0.0420353982300885 0.13184438040345822 0.06637168141592921
1 0.4538904899135447 0.1581858407079646 0.14337175792507204 0.09070796460176991
4 0.5655619596541787 0.15265486725663716 0.15994236311239193 0.10619469026548672
5 0.6959654178674352 0.14380530973451328 0.16570605187319884 0.12389380530973451
2 0.8249279538904899 0.12721238938053098 0.17579250720461095 0.11283185840707964
10 0.10590778097982709 0.41261061946902655 0.09870317002881844 0.2920353982300885
2 0.19020172910662825 0.4668141592920354 0.07276657060518732 0.3019911504424779
11 0.25864553314121036 0.5210176991150443 0.09221902017291066 0.3307522123893805
8 0.04755043227665706 0.6581858407079646 0.09438040345821326 0.3827433628318584
6 0.13112391930835735 0.7378318584070797 0.10230547550432277 0.3838495575221239
9 0.21181556195965417 0.797566371681416 0.10230547550432277 0.39048672566371684
1 0.2946685878962536 0.8373893805309734 0.10086455331412104 0.3241150442477876
10 0.5734870317002881 0.4303097345132743 0.13544668587896252 0.2411504424778761
8 0.6693083573487032 0.4723451327433628 0.08573487031700289 0.19469026548672566
11 0.75 0.5143805309734514 0.10878962536023054 0.22013274336283187
8 0.4538904899135447 0.629424778761062 0.14913544668587897 0.4026548672566372
9 0.5763688760806917 0.6935840707964602 0.1585014409221902 0.3893805309734513
2 0.7082132564841499 0.7477876106194691 0.15706051873198848 0.3938053097345133
6 0.8357348703170029 0.8053097345132744 0.15706051873198848 0.3838495575221239