2 0.0559593023255814 0.29888888888888887 0.1119186046511628 0.2866666666666667
9 0.11285495449533052 0.2128045621644935 0.15089313080521516 0.266272026086969
18 0.27325581395348836 0.11333333333333333 0.21511627906976744 0.22666666666666666
0 0.12936046511627908 0.41888888888888887 0.25872093023255816 0.1
7 0.28343023255813954 0.35444444444444445 0.29941860465116277 0.2288888888888889
4 0.40988372093023256 0.28555555555555556 0.15988372093023256 0.36666666666666664
10 0.6649709302325582 0.19333333333333333 0.11409883720930232 0.16
8 0.7572674418604651 0.16 0.09375 0.14888888888888888
11 0.8502906976744186 0.13 0.10247093023255814 0.15444444444444444
7 0.6213662790697675 0.37555555555555553 0.14098837209302326 0.18666666666666668
0 0.7252906976744186 0.35333333333333333 0.13444767441860464 0.2311111111111111
6 0.8270348837209303 0.32555555555555554 0.13662790697674418 0.24555555555555555
0 0.9200581395348837 0.28555555555555556 0.12790697674418605 0.24
10 0.06831395348837209 0.9033333333333333 0.09375 0.19333333333333333
2 0.14752906976744187 0.8766666666666667 0.0625 0.24666666666666667
1 0.1882267441860465 0.85 0.06613372093023256 0.26
11 0.25290697674418605 0.78 0.07921511627906977 0.25555555555555554
4 0.313953488372093 0.7333333333333333 0.0690406976744186 0.24222222222222223
2 0.35901162790697677 0.6877777777777778 0.06758720930232558 0.2477777777777778
5 0.404796511627907 0.6533333333333333 0.07122093023255814 0.26666666666666666
3 0.45058139534883723 0.6288888888888889 0.0690406976744186 0.23666666666666666
10 0.5675872093023255 0.8911111111111111 0.11337209302325581 0.21777777777777776
1 0.6460755813953488 0.8766666666666667 0.07703488372093023 0.24666666666666667
6 0.6962209302325582 0.8622222222222222 0.07776162790697674 0.27444444444444444
11 0.7536337209302325 0.8344444444444444 0.09956395348837209 0.31555555555555553
5 0.8263081395348837 0.7844444444444445 0.07776162790697674 0.2811111111111111
7 0.876453488372093 0.7522222222222222 0.07630813953488372 0.29
1 0.9236918604651163 0.7211111111111111 0.07340116279069768 0.29444444444444445
5 0.9665697674418605 0.6944444444444444 0.06686046511627906 0.3088888888888889