1 0.07112970711297072 0.09027777777777778 0.1087866108786611 0.18055555555555555
2 0.1401673640167364 0.10416666666666667 0.10460251046025104 0.20833333333333334
11 0.27405857740585776 0.10648148148148148 0.13807531380753138 0.21296296296296297
4 0.038702928870292884 0.3287037037037037 0.07740585774058577 0.39814814814814814
4 0.19351464435146443 0.3587962962962963 0.27405857740585776 0.33796296296296297
1 0.36610878661087864 0.40046296296296297 0.13807531380753138 0.25462962962962965
10 0.6893305439330544 0.16435185185185186 0.11820083682008369 0.1574074074074074
2 0.7918410041841004 0.16898148148148148 0.08472803347280335 0.16203703703703703
14 0.8807531380753139 0.1736111111111111 0.11506276150627615 0.14814814814814814
3 0.6035564853556485 0.3587962962962963 0.12656903765690378 0.2361111111111111
7 0.7196652719665272 0.3726851851851852 0.14330543933054393 0.24768518518518517
4 0.8378661087866108 0.37962962962962965 0.13912133891213388 0.2361111111111111
9 0.9330543933054394 0.3726851851851852 0.10251046025104603 0.24074074074074073
10 0.05753138075313807 0.7106481481481481 0.11506276150627615 0.3194444444444444
8 0.16005324898156117 0.7509398352515182 0.1510760369197069 0.306178607501547
11 0.2983630408972046 0.7933911748357338 0.1794336722025552 0.3303772919648193
1 0.40481171548117156 0.8125 0.0899581589958159 0.3194444444444444
10 0.5146443514644351 0.7199074074074074 0.12238493723849372 0.26851851851851855
1 0.5951882845188284 0.7407407407407407 0.06903765690376569 0.24305555555555555
7 0.6516736401673641 0.7546296296296297 0.08054393305439331 0.25
11 0.7154811715481172 0.7777777777777778 0.09309623430962342 0.26157407407407407
1 0.7866108786610879 0.8032407407407407 0.08472803347280335 0.26157407407407407
0 0.8493723849372385 0.8125 0.07531380753138076 0.22916666666666666
9 0.9173640167364017 0.8425925925925926 0.09518828451882845 0.2569444444444444
3 0.9696652719665272 0.8495370370370371 0.04497907949790795 0.2222222222222222