10 0.28422053231939165 0.11328125 0.14638783269961977 0.2265625
1 0.44309961623970334 0.15690260523769117 0.09724939180541856 0.29463185306127837
2 0.5063729475861122 0.1900070991673407 0.09344711043659748 0.294404532528165
5 0.1340011598917962 0.3514939273220621 0.21895736896957838 0.4385111998543507
4 0.33192357456628296 0.41610580017723753 0.23182281340701547 0.4080568217202476
4 0.49809885931558934 0.5078125 0.14068441064638784 0.3984375
10 0.7157794676806084 0.1875 0.09125475285171103 0.2578125
4 0.7832699619771863 0.2421875 0.058935361216730035 0.21875
8 0.8250950570342205 0.263671875 0.051330798479087454 0.1953125
18 0.8802281368821293 0.31640625 0.06749049429657794 0.234375
5 0.6492395437262357 0.3984375 0.0779467680608365 0.31640625
2 0.7195817490494296 0.4609375 0.07509505703422054 0.30078125
9 0.8032319391634981 0.51171875 0.08650190114068441 0.31640625
2 0.8840304182509505 0.576171875 0.08935361216730038 0.26171875
5 0.2709125475285171 0.74609375 0.10456273764258556 0.078125
4 0.36216730038022815 0.759765625 0.10836501901140684 0.10546875
8 0.4629277566539924 0.783203125 0.12737642585551331 0.15234375
5 0.0655893536121673 0.859375 0.1311787072243346 0.28125
10 0.18250950570342206 0.884765625 0.1520912547528517 0.23046875
4 0.3231939163498099 0.908203125 0.1634980988593156 0.18359375
17 0.46387832699619774 0.93359375 0.16730038022813687 0.1328125
1 0.596958174904943 0.82421875 0.057034220532319393 0.21875
7 0.6559793699393046 0.8554302357144745 0.0887044308167213 0.22777096199505165
11 0.7414448669201521 0.890625 0.11787072243346007 0.21875
4 0.8307984790874525 0.91796875 0.08745247148288973 0.1640625
4 0.9020912547528517 0.9375 0.09315589353612168 0.125
9 0.9667300380228137 0.962890625 0.06653992395437262 0.07421875