10 0.056338028169014086 0.23125 0.11267605633802817 0.4625
3 0.1623506212648612 0.31621705793806243 0.1441722466310334 0.47588629497183665
11 0.28456713702495046 0.4077514971330564 0.16890481572947535 0.503359849477502
4 0.3732394366197183 0.4625 0.07323943661971831 0.4083333333333333
10 0.4964788732394366 0.10625 0.09929577464788733 0.20416666666666666
7 0.5556338028169014 0.14166666666666666 0.07042253521126761 0.19166666666666668
7 0.6091549295774648 0.20833333333333334 0.07535211267605633 0.20833333333333334
18 0.6859154929577465 0.3020833333333333 0.10070422535211268 0.2375
9 0.8105633802816902 0.45625 0.07676056338028169 0.19166666666666668
1 0.8845070422535212 0.5541666666666667 0.06619718309859154 0.19166666666666668
7 0.930281690140845 0.5916666666666667 0.06619718309859154 0.15
1 0.9746478873239437 0.6208333333333333 0.05070422535211268 0.08333333333333333
10 0.0528169014084507 0.75625 0.08591549295774648 0.17916666666666667
1 0.11626401743567163 0.7924074584322877 0.05494960905526519 0.1842592788842132
9 0.15571957666792877 0.8193254632698838 0.0577665104637159 0.18455028529664444
11 0.2247715402028656 0.8721429505015666 0.07633933866084903 0.19477516031078074
8 0.2852112676056338 0.9145833333333333 0.054929577464788736 0.17083333333333334
1 0.32535211267605635 0.9333333333333333 0.05070422535211268 0.13333333333333333
6 0.36338028169014086 0.9458333333333333 0.05352112676056338 0.10833333333333334
0 0.39225352112676054 0.9583333333333334 0.035211267605633804 0.08333333333333333
10 0.4950704225352113 0.8375 0.11901408450704225 0.17708333333333334
1 0.5732394366197183 0.85 0.09084507042253522 0.16041666666666668
2 0.6309859154929578 0.8541666666666666 0.08873239436619719 0.1625
11 0.702112676056338 0.86875 0.11126760563380282 0.17916666666666667
8 0.7908450704225352 0.8770833333333333 0.09859154929577464 0.16458333333333333
9 0.8535211267605634 0.8854166666666666 0.08591549295774648 0.15625
4 0.9176056338028169 0.89375 0.08732394366197183 0.14791666666666667
3 0.9683098591549296 0.9 0.06338028169014084 0.15208333333333332