11 0.06609195402298851 0.3389830508474576 0.13218390804597702 0.5
4 0.17294557307677036 0.277014050260525 0.1608203458748967 0.5301506507811368
4 0.28663793103448276 0.2288135593220339 0.15948275862068967 0.4576271186440678
5 0.39727011494252873 0.2076271186440678 0.16235632183908047 0.4152542372881356
9 0.5114942528735632 0.1716101694915254 0.16091954022988506 0.3432203389830508
10 0.6810344827586207 0.3220338983050847 0.08548850574712644 0.1864406779661017
3 0.7341954022988506 0.2478813559322034 0.07327586206896551 0.18008474576271186
1 0.7679597701149425 0.1843220338983051 0.06465517241379311 0.1673728813559322
18 0.8160919540229885 0.09745762711864407 0.08836206896551724 0.15677966101694915
1 0.694683908045977 0.4957627118644068 0.09626436781609195 0.1864406779661017
4 0.7514367816091954 0.4385593220338983 0.10632183908045977 0.2521186440677966
5 0.8175287356321839 0.3453389830508475 0.11422413793103449 0.2902542372881356
2 0.8793103448275862 0.23728813559322035 0.11781609195402298 0.2711864406779661
10 0.0668103448275862 0.9427966101694916 0.1336206896551724 0.11228813559322035
6 0.14870689655172414 0.9173728813559322 0.125 0.1652542372881356
11 0.22772988505747127 0.8813559322033898 0.125 0.1843220338983051
4 0.3204022988505747 0.8177966101694916 0.11135057471264367 0.1694915254237288
9 0.3879310344827586 0.7754237288135594 0.11135057471264367 0.17372881355932204
2 0.4583333333333333 0.7330508474576272 0.10775862068965517 0.1694915254237288
1 0.5251436781609196 0.6949152542372882 0.10344827586206896 0.13983050847457626
10 0.6645114942528736 0.8771186440677966 0.09051724137931035 0.2457627118644068
2 0.7363306595130407 0.799423449994949 0.09156260850298698 0.28599407647541947
6 0.7916666666666666 0.7309322033898306 0.10057471264367816 0.2838983050847458
18 0.853448275862069 0.6885593220338984 0.1206896551724138 0.19915254237288135
3 0.7535919540229885 0.9427966101694916 0.1307471264367816 0.11440677966101695
7 0.826867816091954 0.8919491525423728 0.13649425287356323 0.21610169491525424
5 0.9267241379310345 0.8241525423728814 0.14080459770114942 0.3516949152542373