10 0.12767857142857142 0.13073394495412843 0.1455357142857143 0.1743119266055046
1 0.2080357142857143 0.10779816513761468 0.1 0.14908256880733944
6 0.26875 0.0963302752293578 0.1 0.1536697247706422
11 0.34017857142857144 0.08486238532110092 0.12589285714285714 0.15137614678899083
9 0.08571428571428572 0.28211009174311924 0.14732142857142858 0.16972477064220184
6 0.18839285714285714 0.2545871559633027 0.14107142857142857 0.16972477064220184
7 0.29375 0.22706422018348624 0.14910714285714285 0.1720183486238532
4 0.39107142857142857 0.19954128440366972 0.11964285714285715 0.16972477064220184
3 0.5732142857142857 0.13302752293577982 0.20714285714285716 0.26605504587155965
7 0.7142857142857143 0.08027522935779817 0.22857142857142856 0.16055045871559634
10 0.12053571428571429 0.5504587155963303 0.14642857142857144 0.2545871559633027
7 0.21428571428571427 0.5137614678899083 0.10714285714285714 0.22018348623853212
11 0.30178571428571427 0.49311926605504586 0.12678571428571428 0.20642201834862386
3 0.075 0.823394495412844 0.15 0.286697247706422
8 0.175 0.7775229357798165 0.15357142857142858 0.2981651376146789
9 0.2767857142857143 0.7293577981651376 0.15089285714285713 0.29357798165137616
9 0.37589285714285714 0.6834862385321101 0.15089285714285713 0.2981651376146789
3 0.6982142857142857 0.6169724770642202 0.04196428571428571 0.1834862385321101
0 0.7348214285714286 0.5642201834862385 0.033928571428571426 0.1628440366972477
1 0.7589285714285714 0.5389908256880734 0.04107142857142857 0.17660550458715596
0 0.7964285714285714 0.5045871559633027 0.03482142857142857 0.16972477064220184
2 0.8196428571428571 0.4908256880733945 0.03482142857142857 0.13761467889908258
3 0.8410714285714286 0.48623853211009177 0.03571428571428571 0.11926605504587157
11 0.875 0.46788990825688076 0.04375 0.07568807339449542
7 0.54375 0.8715596330275229 0.12767857142857142 0.25688073394495414
0 0.6785714285714286 0.8142201834862385 0.11875 0.37155963302752293
7 0.8116071428571429 0.6811926605504587 0.12857142857142856 0.43577981651376146
3 0.9401785714285714 0.591743119266055 0.11875 0.31422018348623854