10 0.26464435146443516 0.21964285714285714 0.19351464435146443 0.23214285714285715
1 0.38493723849372385 0.1982142857142857 0.12447698744769875 0.2
6 0.47280334728033474 0.18571428571428572 0.12761506276150628 0.20357142857142857
11 0.5794979079497908 0.175 0.16631799163179917 0.21785714285714286
9 0.20815899581589958 0.4017857142857143 0.19560669456066945 0.19642857142857142
6 0.3608786610878661 0.3892857142857143 0.18723849372384938 0.21964285714285714
7 0.5156903765690377 0.36607142857142855 0.19874476987447698 0.22678571428571428
4 0.6223849372384938 0.3482142857142857 0.08577405857740586 0.20892857142857144
7 0.8723849372384938 0.425 0.16736401673640167 0.15
11 0.9476987447698745 0.3821428571428571 0.10460251046025104 0.2357142857142857
10 0.11401673640167365 0.7785714285714286 0.11715481171548117 0.1732142857142857
9 0.20920502092050208 0.7982142857142858 0.0899581589958159 0.14821428571428572
0 0.2824267782426778 0.7964285714285714 0.0899581589958159 0.15357142857142858
18 0.3922594142259414 0.8267857142857142 0.10669456066945607 0.175
1 0.6202928870292888 0.8642857142857143 0.07531380753138076 0.1375
1 0.6600418410041841 0.8714285714285714 0.011506276150627616 0.10714285714285714
2 0.8765690376569037 0.625 0.038702928870292884 0.0875
0 0.9194560669456067 0.6017857142857143 0.036610878661087864 0.09285714285714286
1 0.948744769874477 0.5875 0.036610878661087864 0.09285714285714286
0 0.7667364016736402 0.8035714285714286 0.07112970711297072 0.18928571428571428
2 0.8263598326359832 0.7732142857142857 0.07322175732217573 0.18928571428571428
2 0.9853556485355649 0.8571428571428571 0.02510460251046025 0.18035714285714285
3 0.8891213389121339 0.7428571428571429 0.07845188284518828 0.19107142857142856
3 0.7552301255230126 0.9232142857142858 0.10146443514644352 0.15178571428571427
11 0.9581589958158996 0.7107142857142857 0.08263598326359832 0.20714285714285716
7 0.8462343096234309 0.9142857142857143 0.09205020920502092 0.17142857142857143
4 0.9361924686192469 0.8892857142857142 0.09728033472803348 0.20892857142857144