5 0.17796610169491525 0.4791666666666667 0.16101694915254236 0.3194444444444444
4 0.29733472347718726 0.44085618656388736 0.15412574091373252 0.3272652496261625
3 0.42522195957401715 0.3761631606795979 0.14692891268450992 0.3081808022525828
3 0.2567502601938168 0.17442061782722285 0.0878499107990926 0.21531312254575563
10 0.162664419180111 0.21676328945138637 0.1297859401388937 0.25593437566484717
11 0.34013776886531044 0.1288199166298091 0.10119244722524685 0.23033386914476692
10 0.5508474576271186 0.4930555555555556 0.1016949152542373 0.2916666666666667
1 0.6260593220338984 0.48842592592592593 0.125 0.30092592592592593
1 0.6946625062051257 0.4490621549622756 0.12425449995812181 0.3199946186729137
11 0.7779449028733904 0.4011466389500471 0.1524275448588522 0.3363358659337347
6 0.8809257681711988 0.36881779839189116 0.13103088017442807 0.3298198067872342
9 0.9459745762711864 0.31712962962962965 0.10805084745762712 0.2916666666666667
2 0.9766949152542372 0.2824074074074074 0.046610169491525424 0.2777777777777778
10 0.11758474576271187 0.7870370370370371 0.1673728813559322 0.21064814814814814
1 0.2065677966101695 0.7314814814814815 0.1016949152542373 0.1550925925925926
14 0.3103813559322034 0.7175925925925926 0.1641949152542373 0.12731481481481483
3 0.09216101694915255 0.9398148148148148 0.13665254237288135 0.12037037037037036
4 0.20127118644067796 0.9027777777777778 0.17372881355932204 0.19444444444444445
7 0.3326271186440678 0.8680555555555556 0.1843220338983051 0.26157407407407407
9 0.4332627118644068 0.8148148148148148 0.13241525423728814 0.27546296296296297
10 0.6096983174851958 0.8353494290940254 0.13381300426802875 0.2516820319385918
1 0.6822033898305084 0.7569444444444444 0.1059322033898305 0.2361111111111111
5 0.7383474576271186 0.7268518518518519 0.11228813559322035 0.17592592592592593
11 0.809322033898305 0.6921296296296297 0.1228813559322034 0.10648148148148148
8 0.6197033898305084 0.9560185185185185 0.15466101694915255 0.08796296296296297
8 0.7182203389830508 0.9143518518518519 0.1483050847457627 0.1712962962962963
8 0.8114406779661016 0.8657407407407407 0.1483050847457627 0.26851851851851855
4 0.9014830508474576 0.7916666666666666 0.15466101694915255 0.3055555555555556