5 0.2360557768924303 0.4430147058823529 0.17729083665338646 0.20588235294117646
4 0.37749003984063745 0.4227941176470588 0.16733067729083664 0.20588235294117646
3 0.5308764940239044 0.3915441176470588 0.16135458167330677 0.19669117647058823
3 0.3436254980079681 0.23345588235294118 0.09561752988047809 0.14338235294117646
10 0.23207171314741035 0.2536764705882353 0.14342629482071714 0.15992647058823528
11 0.4452191235059761 0.2113970588235294 0.11055776892430279 0.15073529411764705
10 0.7739043824701195 0.25919117647058826 0.055776892430278883 0.21875
18 0.898406374501992 0.10661764705882353 0.054780876494023904 0.21323529411764705
6 0.8256972111553785 0.20955882352941177 0.052788844621513946 0.24080882352941177
3 0.8595617529880478 0.16176470588235295 0.04880478087649402 0.24816176470588236
4 0.7699203187250996 0.5588235294117647 0.07569721115537849 0.27941176470588236
5 0.8306772908366534 0.5018382352941176 0.08067729083665338 0.3235294117647059
7 0.8914342629482072 0.41360294117647056 0.07071713147410359 0.3161764705882353
2 0.951195219123506 0.35110294117647056 0.0697211155378486 0.33088235294117646
10 0.12250996015936255 0.8639705882352942 0.22111553784860558 0.27205882352941174
2 0.2898406374501992 0.8051470588235294 0.16533864541832669 0.21323529411764705
13 0.42828685258964144 0.7720588235294118 0.2350597609561753 0.14705882352941177
7 0.26095617529880477 0.9540441176470589 0.26294820717131473 0.09191176470588236
3 0.44721115537848605 0.8988970588235294 0.24900398406374502 0.20220588235294118
3 0.598605577689243 0.8492647058823529 0.20119521912350596 0.3014705882352941
18 0.9432270916334662 0.7757352941176471 0.11354581673306773 0.15441176470588236
7 0.7539840637450199 0.7720588235294118 0.10159362549800798 0.14705882352941177
7 0.8436254980079682 0.7665441176470589 0.10557768924302789 0.13602941176470587
5 0.7549800796812749 0.9283088235294118 0.11155378486055777 0.14338235294117646
4 0.9083665338645418 0.9209558823529411 0.17131474103585656 0.15808823529411764