10 0.08687002652519894 0.24487179487179486 0.08885941644562334 0.16025641025641027
18 0.26525198938992045 0.1358974358974359 0.07360742705570292 0.1641025641025641
5 0.15583554376657824 0.20384615384615384 0.05702917771883289 0.14615384615384616
7 0.20689655172413793 0.17435897435897435 0.0616710875331565 0.14743589743589744
1 0.06631299734748011 0.45256410256410257 0.09217506631299735 0.20256410256410257
6 0.14854111405835543 0.40512820512820513 0.08753315649867374 0.19615384615384615
9 0.22612732095490717 0.35512820512820514 0.08753315649867374 0.19615384615384615
2 0.3057029177718833 0.29743589743589743 0.08753315649867374 0.1858974358974359
10 0.46750663129973474 0.2602564102564103 0.15517241379310345 0.34102564102564104
2 0.6136602832363813 0.22552334375932995 0.1427582810233131 0.3028600888051422
11 0.7562973928046303 0.19049652955576513 0.17341675149405586 0.3103913149179152
1 0.5079575596816976 0.4935897435897436 0.23607427055702918 0.2282051282051282
0 0.7141909814323607 0.47435897435897434 0.24005305039787797 0.26666666666666666
7 0.9038461538461539 0.45384615384615384 0.19230769230769232 0.3076923076923077
0 0.06095095137578421 0.7897305012845748 0.09552872030296966 0.14054239628703674
6 0.13891684721244837 0.7611749087172308 0.06042799491867275 0.11731311726992219
18 0.19863062746076382 0.7427473088495801 0.06573303470647116 0.11773103396289049
8 0.2664950820044042 0.7185363276111256 0.07782386591991935 0.12379955165027434
1 0.03912466843501326 0.9320512820512821 0.07824933687002653 0.1358974358974359
11 0.1226790450928382 0.9179487179487179 0.10212201591511937 0.1641025641025641
11 0.21720542580532748 0.8984218482274703 0.10074343367103299 0.18188147483240402
11 0.31190406266976345 0.8660440401974472 0.10206969361798258 0.18198595400564607
10 0.5437665782493368 0.7487179487179487 0.15384615384615385 0.28205128205128205
6 0.669761273209549 0.7192307692307692 0.10875331564986737 0.2230769230769231
11 0.7712201591511937 0.7012820512820512 0.123342175066313 0.18717948717948718
9 0.5039787798408488 0.9397435897435897 0.16180371352785147 0.12051282051282051
8 0.666445623342175 0.9051282051282051 0.15251989389920426 0.18974358974358974
4 0.8348806366047745 0.8730769230769231 0.14456233421750664 0.25384615384615383