10 0.19476744186046513 0.06666666666666667 0.14244186046511628 0.09666666666666666
18 0.4636627906976744 0.08666666666666667 0.11918604651162791 0.09666666666666666
5 0.29941860465116277 0.07333333333333333 0.09883720930232558 0.08333333333333333
7 0.375 0.08 0.10610465116279069 0.08333333333333333
1 0.12209302325581395 0.15666666666666668 0.15406976744186046 0.11666666666666667
6 0.24563953488372092 0.16666666666666666 0.14680232558139536 0.11333333333333333
9 0.3633720930232558 0.17333333333333334 0.14680232558139536 0.11333333333333333
2 0.48546511627906974 0.18 0.1438953488372093 0.11
8 0.684593023255814 0.06666666666666667 0.15406976744186046 0.13333333333333333
8 0.8052325581395349 0.09333333333333334 0.19186046511627908 0.18666666666666668
8 0.9302325581395349 0.12 0.13953488372093023 0.24
10 0.23255813953488372 0.43666666666666665 0.16279069767441862 0.23333333333333334
3 0.34011627906976744 0.5066666666666667 0.11918604651162791 0.24
11 0.4273255813953488 0.5733333333333334 0.14970930232558138 0.27666666666666667
4 0.15843023255813954 0.61 0.2703488372093023 0.4066666666666667
11 0.4316860465116279 0.8 0.311046511627907 0.36333333333333334
10 0.6540697674418605 0.4533333333333333 0.08139534883720931 0.2633333333333333
3 0.7151162790697675 0.5 0.061046511627906974 0.3566666666666667
16 0.7674418604651163 0.5666666666666667 0.08575581395348837 0.49333333333333335
3 0.8299418604651163 0.6533333333333333 0.0625 0.49
9 0.872093023255814 0.71 0.0625 0.46
9 0.9113372093023255 0.74 0.0625 0.37666666666666665
6 0.9505813953488372 0.7733333333333333 0.0625 0.29