5 0.04588014981273408 0.17234848484848486 0.09176029962546817 0.3446969696969697
11 0.10861423220973783 0.1875 0.1647940074906367 0.375
4 0.23544630271581318 0.20733366288606722 0.17836358272177413 0.40900541095228454
7 0.30337078651685395 0.2518939393939394 0.0898876404494382 0.4128787878787879
10 0.41760299625468167 0.14015151515151514 0.13857677902621723 0.2803030303030303
1 0.5337078651685393 0.20265151515151514 0.11235955056179775 0.30303030303030304
8 0.6067415730337079 0.24621212121212122 0.1151685393258427 0.3087121212121212
11 0.7059925093632958 0.30113636363636365 0.13951310861423222 0.3352272727272727
9 0.8014981273408239 0.35984848484848486 0.11797752808988764 0.3087121212121212
8 0.8707865168539326 0.4166666666666667 0.10674157303370786 0.2897727272727273
9 0.9363295880149812 0.4431818181818182 0.10112359550561797 0.2765151515151515
3 0.19756554307116106 0.7215909090909091 0.042134831460674156 0.1268939393939394
0 0.2443820224719101 0.7424242424242424 0.03838951310861423 0.1268939393939394
1 0.2705992509363296 0.7632575757575758 0.042134831460674156 0.12121212121212122
0 0.0149812734082397 0.7727272727272727 0.02902621722846442 0.20265151515151514
2 0.040262172284644196 0.7954545454545454 0.06647940074906367 0.2178030303030303
4 0.08333333333333333 0.8257575757575758 0.06179775280898876 0.2178030303030303
11 0.1301498127340824 0.8522727272727273 0.07584269662921349 0.22727272727272727
3 0.1853932584269663 0.8825757575757576 0.06273408239700375 0.21212121212121213
6 0.22940074906367042 0.8958333333333334 0.06179775280898876 0.19318181818181818
5 0.2762172284644195 0.9071969696969697 0.06273408239700375 0.16666666666666666
3 0.31086142322097376 0.9166666666666666 0.05149812734082397 0.14772727272727273
9 0.41853932584269665 0.7083333333333334 0.1404494382022472 0.2196969696969697
5 0.547752808988764 0.7518939393939394 0.23782771535580524 0.3068181818181818
2 0.7294007490636704 0.7746212121212122 0.2340823970037453 0.3522727272727273
5 0.8923220973782772 0.7992424242424242 0.2153558052434457 0.4015151515151515