1 0.04206349206349207 0.3560126582278481 0.08412698412698413 0.16772151898734178
5 0.10317460317460317 0.34810126582278483 0.08888888888888889 0.18354430379746836
11 0.17777777777777778 0.3322784810126582 0.1111111111111111 0.21518987341772153
4 0.28809523809523807 0.3180379746835443 0.12222222222222222 0.24367088607594936
7 0.3880952380952381 0.3022151898734177 0.12222222222222222 0.27531645569620256
0 0.4873015873015873 0.2927215189873418 0.1111111111111111 0.29430379746835444
6 0.5896825396825397 0.2737341772151899 0.12857142857142856 0.3322784810126582
10 0.7357142857142858 0.28322784810126583 0.05952380952380952 0.25
1 0.7825396825396825 0.2579113924050633 0.03571428571428571 0.2310126582278481
6 0.8126984126984127 0.25 0.03571428571428571 0.2310126582278481
11 0.8476190476190476 0.22943037974683544 0.047619047619047616 0.23734177215189872
5 0.8904761904761904 0.20727848101265822 0.03571428571428571 0.22626582278481014
7 0.9206349206349206 0.19778481012658228 0.03571428571428571 0.2310126582278481
1 0.95 0.18354430379746836 0.03492063492063492 0.22626582278481014
5 0.9785714285714285 0.16772151898734178 0.03253968253968254 0.2310126582278481
10 0.12936507936507938 0.5537974683544303 0.16666666666666666 0.22784810126582278
6 0.276984126984127 0.5174050632911392 0.11587301587301588 0.1550632911392405
0 0.36984126984126986 0.4936708860759494 0.09523809523809523 0.10759493670886076
18 0.5103174603174603 0.47151898734177217 0.13174603174603175 0.06329113924050633
9 0.09344872924693971 0.8312093640476652 0.17585628510077805 0.30810099968162
2 0.2530843741451965 0.7740109850715859 0.17135309067261562 0.3203723900844896
8 0.397672992755806 0.7164553128577279 0.1715471234229224 0.32986606097056553
5 0.5568383747775897 0.6434986219790606 0.1761149954345203 0.32075922752972125
2 0.7174603174603175 0.620253164556962 0.05714285714285714 0.36075949367088606
3 0.792063492063492 0.6186708860759493 0.1365079365079365 0.3575949367088608
2 0.9087301587301587 0.6234177215189873 0.14126984126984127 0.3670886075949367
7 0.9777777777777777 0.6107594936708861 0.044444444444444446 0.34177215189873417