1 0.04634581105169341 0.1225 0.09269162210338681 0.245
1 0.13458110516934046 0.10416666666666667 0.09982174688057041 0.20833333333333334
11 0.24598930481283424 0.09416666666666666 0.13368983957219252 0.18833333333333332
4 0.09581105169340463 0.4091666666666667 0.19162210338680927 0.24166666666666667
3 0.3003565062388592 0.38 0.2281639928698752 0.3
10 0.607397504456328 0.17833333333333334 0.08868092691622104 0.16416666666666666
8 0.7125668449197861 0.1575 0.06194295900178253 0.1425
2 0.7664884135472371 0.13833333333333334 0.057932263814616754 0.14166666666666666
18 0.8471479500891266 0.12583333333333332 0.07620320855614973 0.15083333333333335
8 0.5632798573975044 0.3925 0.12165775401069519 0.215
5 0.6742424242424242 0.36583333333333334 0.11541889483065954 0.21416666666666667
4 0.7794117647058824 0.3433333333333333 0.11140819964349376 0.20583333333333334
1 0.893048128342246 0.3225 0.11764705882352941 0.2225
10 0.15151515151515152 0.7183333333333334 0.08333333333333333 0.11666666666666667
8 0.22459893048128343 0.6933333333333334 0.05614973262032086 0.1075
11 0.2820855614973262 0.675 0.06996434937611408 0.13
5 0.10918003565062388 0.8725 0.08377896613190731 0.185
1 0.18627450980392157 0.8541666666666666 0.07976827094474154 0.16666666666666666
6 0.26024955436720143 0.83 0.08377896613190731 0.17833333333333334
6 0.33511586452762926 0.8025 0.07798573975044563 0.16666666666666666
10 0.5637254901960784 0.7741666666666667 0.08288770053475936 0.185
1 0.6274509803921569 0.7616666666666667 0.049910873440285206 0.17916666666666667
5 0.6666666666666666 0.7566666666666667 0.05124777183600713 0.18333333333333332
11 0.714349376114082 0.75 0.06327985739750445 0.18
8 0.7722816399286988 0.7375 0.05213903743315508 0.17333333333333334
7 0.8141711229946524 0.73 0.049019607843137254 0.17333333333333334
1 0.8560606060606061 0.7275 0.0481283422459893 0.17333333333333334
3 0.8939393939393939 0.7191666666666666 0.04590017825311943 0.1675