10 0.19485981308411215 0.14335664335664336 0.21214953271028036 0.2867132867132867
1 0.35 0.09003496503496504 0.13925233644859814 0.18006993006993008
7 0.1780373831775701 0.38024475524475526 0.29626168224299065 0.17657342657342656
4 0.34953271028037386 0.3111888111888112 0.14018691588785046 0.3146853146853147
10 0.5457943925233645 0.1993006993006993 0.10794392523364486 0.1590909090909091
8 0.6130841121495327 0.1888111888111888 0.08785046728971962 0.1520979020979021
11 0.6635514018691588 0.18094405594405594 0.10046728971962617 0.15297202797202797
6 0.7242990654205608 0.17657342657342656 0.08551401869158878 0.1520979020979021
3 0.7705607476635514 0.1652097902097902 0.08271028037383178 0.13986013986013987
8 0.8158878504672897 0.16346153846153846 0.10046728971962617 0.15297202797202797
2 0.8658878504672897 0.1520979020979021 0.09018691588785047 0.14335664335664336
10 0.06869158878504673 0.9082167832167832 0.08130841121495327 0.18356643356643357
1 0.11822429906542056 0.881993006993007 0.06355140186915888 0.23601398601398602
2 0.15467289719626168 0.826048951048951 0.0616822429906542 0.2534965034965035
11 0.20046728971962616 0.7701048951048951 0.07757009345794393 0.28234265734265734
8 0.25560747663551403 0.6835664335664335 0.06869158878504673 0.25961538461538464
9 0.29626168224299065 0.6276223776223776 0.059813084112149535 0.24213286713286714
4 0.3369158878504673 0.5882867132867133 0.06074766355140187 0.19143356643356643
3 0.3771028037383178 0.5576923076923077 0.06448598130841121 0.12325174825174826
10 0.5649532710280374 0.6826923076923077 0.1691588785046729 0.19055944055944055
1 0.6878504672897197 0.6407342657342657 0.11728971962616823 0.17132867132867133
14 0.802803738317757 0.597027972027972 0.16635514018691588 0.18706293706293706
4 0.5275700934579439 0.8872377622377622 0.17102803738317757 0.22552447552447552
6 0.6682242990654206 0.8557692307692307 0.19672897196261682 0.263986013986014
0 0.7939252336448598 0.8068181818181818 0.15841121495327104 0.24825174825174826
6 0.9098130841121496 0.7718531468531469 0.16728971962616823 0.2666083916083916