10 0.15117994100294985 0.23324742268041238 0.1187315634218289 0.21262886597938144
4 0.24262536873156343 0.16108247422680413 0.10766961651917405 0.21262886597938144
11 0.32890855457227136 0.10438144329896908 0.11283185840707964 0.20103092783505155
7 0.14970501474926254 0.452319587628866 0.1224188790560472 0.2706185567010309
7 0.23156342182890854 0.39304123711340205 0.1224188790560472 0.2603092783505155
7 0.31194690265486724 0.33505154639175255 0.11946902654867257 0.2654639175257732
9 0.37905604719764013 0.2693298969072165 0.09955752212389381 0.27190721649484534
18 0.7839233038348082 0.07345360824742268 0.1084070796460177 0.14175257731958762
10 0.6069321533923304 0.2615979381443299 0.12979351032448377 0.17783505154639176
4 0.6880530973451328 0.18427835051546393 0.0803834808259587 0.12628865979381443
1 0.7359882005899705 0.13402061855670103 0.07817109144542773 0.12628865979381443
3 0.605457227138643 0.4484536082474227 0.13495575221238937 0.20103092783505155
2 0.7042772861356932 0.3427835051546392 0.1172566371681416 0.17783505154639176
1 0.806047197640118 0.24484536082474226 0.137905604719764 0.20489690721649484
8 0.8864306784660767 0.15721649484536082 0.12979351032448377 0.18556701030927836
10 0.059734513274336286 0.6623711340206185 0.11946902654867257 0.14948453608247422
1 0.15117994100294985 0.6417525773195877 0.11651917404129794 0.10824742268041238
6 0.22713864306784662 0.6275773195876289 0.11209439528023599 0.07989690721649484
11 0.3274336283185841 0.6262886597938144 0.14454277286135694 0.07731958762886598
1 0.04498525073746313 0.8466494845360825 0.08997050147492626 0.30670103092783507
1 0.12979351032448377 0.8286082474226805 0.20353982300884957 0.3427835051546392
5 0.278023598820059 0.8015463917525774 0.21976401179941002 0.39690721649484534
4 0.3775811209439528 0.7757731958762887 0.10324483775811209 0.37628865979381443
3 0.7057522123893806 0.6997422680412371 0.0420353982300885 0.12242268041237113
0 0.7418879056047197 0.6585051546391752 0.03466076696165192 0.1056701030927835
1 0.7662241887905604 0.6443298969072165 0.03982300884955752 0.1018041237113402
0 0.803834808259587 0.6275773195876289 0.03392330383480826 0.06829896907216494
2 0.827433628318584 0.6172680412371134 0.03392330383480826 0.04639175257731959
3 0.8502949852507374 0.6121134020618557 0.03687315634218289 0.03479381443298969
7 0.5553097345132744 0.9059278350515464 0.13200589970501475 0.18814432989690721
0 0.6932153392330384 0.8466494845360825 0.12020648967551623 0.27190721649484534
7 0.8266961651917404 0.729381443298969 0.1290560471976401 0.27190721649484534
3 0.9491150442477876 0.6701030927835051 0.10176991150442478 0.14948453608247422