10 0.14615384615384616 0.2309090909090909 0.09935897435897435 0.14727272727272728
4 0.22371794871794873 0.17727272727272728 0.08974358974358974 0.14727272727272728
11 0.2987179487179487 0.13090909090909092 0.09487179487179487 0.14727272727272728
7 0.14551282051282052 0.38272727272727275 0.10256410256410256 0.18818181818181817
7 0.21474358974358973 0.33636363636363636 0.10256410256410256 0.18
7 0.2814102564102564 0.29363636363636364 0.1 0.18363636363636363
9 0.35384615384615387 0.24272727272727274 0.11217948717948718 0.1918181818181818
10 0.5474358974358975 0.3463636363636364 0.1467948717948718 0.2636363636363636
7 0.6352564102564102 0.30818181818181817 0.1064102564102564 0.2872727272727273
11 0.7166666666666667 0.25545454545454543 0.13076923076923078 0.31363636363636366
3 0.8070512820512821 0.19454545454545455 0.10192307692307692 0.2827272727272727
4 0.8666666666666667 0.14909090909090908 0.10448717948717949 0.2872727272727273
3 0.926923076923077 0.12363636363636364 0.1 0.24727272727272728
10 0.1353678180956698 0.7163545151713935 0.192430268411909 0.24803902359684882
7 0.24690467173165265 0.5953365872359995 0.12859519304769235 0.18414722785244458
9 0.31153846153846154 0.5463636363636364 0.12307692307692308 0.13272727272727272
5 0.14551282051282052 0.899090909090909 0.22692307692307692 0.2018181818181818
8 0.28750084747743626 0.8022911645227065 0.23330778099846172 0.3184418108859801
9 0.3641025641025641 0.6618181818181819 0.13076923076923078 0.31272727272727274
10 0.5596153846153846 0.8381818181818181 0.10705128205128205 0.23454545454545456
1 0.6217948717948718 0.7927272727272727 0.07435897435897436 0.21181818181818182
5 0.6602564102564102 0.7654545454545455 0.07628205128205129 0.21636363636363637
11 0.7070512820512821 0.7336363636363636 0.08717948717948718 0.2190909090909091
8 0.7628205128205128 0.6890909090909091 0.075 0.20727272727272728
7 0.8038461538461539 0.6581818181818182 0.07179487179487179 0.20545454545454545
1 0.8448717948717949 0.6336363636363637 0.07115384615384615 0.20272727272727273
3 0.882051282051282 0.6036363636363636 0.0685897435897436 0.1990909090909091