10 0.17679794520547945 0.11730769230769231 0.14126712328767124 0.23461538461538461
6 0.29814037152410877 0.13609386892694045 0.09971416330231561 0.2564798747195962
7 0.3493150684931507 0.14615384615384616 0.059931506849315065 0.26153846153846155
3 0.11601027397260275 0.2932692307692308 0.16695205479452055 0.2519230769230769
4 0.2559931506849315 0.3096153846153846 0.17123287671232876 0.21923076923076923
10 0.4601883561643836 0.06057692307692308 0.08304794520547945 0.11538461538461539
8 0.5068493150684932 0.08269230769230769 0.06164383561643835 0.10480769230769231
7 0.540667808219178 0.10384615384615385 0.06164383561643835 0.10096153846153846
18 0.6160102739726028 0.16442307692307692 0.09417808219178082 0.13653846153846153
6 0.71875 0.26826923076923076 0.0723458904109589 0.12307692307692308
8 0.7889554794520548 0.3346153846153846 0.0761986301369863 0.12692307692307692
9 0.841181506849315 0.37403846153846154 0.07962328767123288 0.09038461538461538
5 0.9019691780821918 0.39903846153846156 0.0898972602739726 0.03942307692307692
10 0.24357876712328766 0.5557692307692308 0.2303082191780822 0.27307692307692305
1 0.3501712328767123 0.5980769230769231 0.05821917808219178 0.3576923076923077
8 0.0761986301369863 0.7634615384615384 0.1523972602739726 0.47307692307692306
3 0.2482876712328767 0.825 0.238013698630137 0.35
10 0.4571917808219178 0.6173076923076923 0.1558219178082192 0.3951923076923077
4 0.5787671232876712 0.6894230769230769 0.10659246575342465 0.3682692307692308
11 0.6763698630136986 0.7586538461538461 0.11986301369863013 0.3836538461538462
9 0.78125 0.8288461538461539 0.09503424657534247 0.3423076923076923
4 0.8574486301369864 0.85 0.09503424657534247 0.3
0 0.927654109589041 0.8769230769230769 0.08818493150684932 0.24615384615384617