10 0.11849492507829722 0.3314447559321318 0.15764648793053598 0.2380439302762779
6 0.258176780470988 0.3190947111699244 0.11002948267018005 0.2277328837315008
7 0.3400860983396802 0.29960258038983884 0.10821014304203898 0.23161640783380177
18 0.4345472440944882 0.26171875 0.06988188976377953 0.23046875
10 0.5590551181102362 0.2138671875 0.09596456692913385 0.228515625
3 0.6343503937007874 0.228515625 0.0654527559055118 0.2216796875
11 0.702263779527559 0.2353515625 0.08316929133858268 0.2177734375
6 0.7760826771653543 0.240234375 0.07086614173228346 0.197265625
8 0.8356299212598425 0.2490234375 0.06742125984251969 0.20703125
0 0.8892716535433071 0.2568359375 0.06299212598425197 0.2177734375
7 0.9453740157480315 0.263671875 0.0688976377952756 0.2041015625
10 0.14172763406422784 0.6560668906162899 0.15955625602406495 0.33958370437857877
9 0.2691063398506194 0.6438588827147015 0.12322819930472242 0.31573713821999605
11 0.37801534667917125 0.6386970268668293 0.13708230901821095 0.31784934450388924
10 0.5250984251968503 0.861328125 0.11072834645669291 0.2216796875
1 0.6043307086614174 0.822265625 0.07677165354330709 0.1826171875
5 0.6678149606299213 0.7841796875 0.07726377952755906 0.1875
11 0.7327755905511811 0.7548828125 0.09350393700787402 0.1923828125
8 0.8026574803149606 0.7197265625 0.07726377952755906 0.1923828125
5 0.859744094488189 0.6875 0.07234251968503937 0.177734375
6 0.9163385826771654 0.6572265625 0.06348425196850394 0.16796875
8 0.9655511811023622 0.6279296875 0.05954724409448819 0.16796875