5 0.08176470588235295 0.2796610169491525 0.1635294117647059 0.519774011299435
1 0.2664705882352941 0.24293785310734464 0.22 0.4858757062146893
3 0.4423529411764706 0.2401129943502825 0.15529411764705883 0.480225988700565
10 0.6411764705882353 0.1652542372881356 0.12470588235294118 0.2019774011299435
4 0.7464705882352941 0.13559322033898305 0.08647058823529412 0.19491525423728814
11 0.8323529411764706 0.11864406779661017 0.10588235294117647 0.20903954802259886
2 0.5788235294117647 0.4011299435028249 0.11176470588235295 0.2655367231638418
4 0.6876470588235294 0.384180790960452 0.11176470588235295 0.2655367231638418
2 0.7970588235294118 0.3573446327683616 0.11176470588235295 0.2655367231638418
2 0.898235294117647 0.3333333333333333 0.10882352941176471 0.2655367231638418
10 0.04411764705882353 0.8545197740112994 0.08764705882352941 0.2810734463276836
1 0.11352941176470588 0.8333333333333334 0.06647058823529411 0.2556497175141243
7 0.16588235294117648 0.8248587570621468 0.06941176470588235 0.2810734463276836
11 0.2288235294117647 0.806497175141243 0.09294117647058824 0.2867231638418079
7 0.30941176470588233 0.7853107344632768 0.07176470588235294 0.2711864406779661
4 0.36470588235294116 0.7782485875706214 0.06705882352941177 0.2754237288135593
2 0.41823529411764704 0.7669491525423728 0.06941176470588235 0.2867231638418079
6 0.47352941176470587 0.7584745762711864 0.07176470588235294 0.2909604519774011
0 0.6082352941176471 0.7344632768361582 0.09941176470588235 0.12994350282485875
6 0.6911764705882353 0.7005649717514124 0.0611764705882353 0.1115819209039548
18 0.7547058823529412 0.6793785310734464 0.06705882352941177 0.11440677966101695
8 0.8276470588235294 0.6497175141242938 0.07941176470588235 0.1172316384180791
1 0.58 0.903954802259887 0.09294117647058824 0.17372881355932204
11 0.6752941176470588 0.8700564971751412 0.10470588235294118 0.17372881355932204
11 0.7770588235294118 0.8361581920903954 0.10294117647058823 0.17372881355932204
11 0.8776470588235294 0.7966101694915254 0.10470588235294118 0.17372881355932204