8 0.06586939209337962 0.24161072633928327 0.12080958021565938 0.2839498178840637
11 0.19573970829165624 0.22171393799223843 0.15593277437638328 0.31215525009917794
1 0.12660537758938273 0.5841901804080589 0.21076820882778846 0.44625083803537613
3 0.3207343412526998 0.571256038647343 0.21814254859611232 0.4758454106280193
10 0.4719222462203024 0.26207729468599034 0.08423326133909287 0.27294685990338163
6 0.541036717062635 0.3357487922705314 0.08747300215982722 0.2572463768115942
11 0.6128509719222462 0.3647342995169082 0.1079913606911447 0.2669082125603865
5 0.693304535637149 0.42391304347826086 0.1079913606911447 0.28140096618357485
2 0.7688984881209503 0.463768115942029 0.09125269978401727 0.2584541062801932
6 0.8434125269978402 0.5229468599033816 0.10421166306695465 0.2886473429951691
7 0.9173866090712743 0.5519323671497585 0.10367170626349892 0.25966183574879226
10 0.15226781857451405 0.9045893719806763 0.12526997840172785 0.19082125603864733
6 0.2543196544276458 0.9045893719806763 0.08747300215982722 0.19082125603864733
11 0.33747300215982723 0.894927536231884 0.10043196544276457 0.17149758454106281
10 0.4719222462203024 0.8695652173913043 0.08423326133909287 0.06280193236714976
6 0.541036717062635 0.8876811594202898 0.08747300215982722 0.06038647342995169
11 0.6128509719222462 0.894927536231884 0.1079913606911447 0.06280193236714976
5 0.693304535637149 0.9094202898550725 0.1079913606911447 0.06642512077294686
2 0.7688984881209503 0.9190821256038647 0.09125269978401727 0.06038647342995169
6 0.8434125269978402 0.9323671497584541 0.10421166306695465 0.06763285024154589
7 0.9173866090712743 0.9396135265700483 0.10367170626349892 0.06159420289855073