10 0.09401709401709402 0.047619047619047616 0.1623931623931624 0.09523809523809523
8 0.1997863247863248 0.06547619047619048 0.1047008547008547 0.13095238095238096
11 0.29051691078882097 0.10623748419656164 0.1320105966753827 0.2079226805608468
9 0.09188034188034189 0.2003968253968254 0.18376068376068377 0.3611111111111111
2 0.23076923076923078 0.2757936507936508 0.19658119658119658 0.34523809523809523
6 0.35149572649572647 0.32341269841269843 0.15598290598290598 0.25
10 0.5352564102564102 0.03373015873015873 0.18162393162393162 0.06746031746031746
8 0.6709401709401709 0.025793650793650792 0.12393162393162394 0.051587301587301584
9 0.7681623931623932 0.02976190476190476 0.1388888888888889 0.05952380952380952
18 0.9006410256410257 0.05555555555555555 0.16880341880341881 0.1111111111111111
2 0.5032051282051282 0.19246031746031747 0.14743589743589744 0.3531746031746032
2 0.6429385873642629 0.21328134341507982 0.1833944066855375 0.32909462874409195
3 0.7904491018289888 0.22362258479021233 0.1791209024120332 0.3289099044714287
9 0.9198717948717948 0.2400793650793651 0.16025641025641027 0.3531746031746032
10 0.07585470085470085 0.5456349206349206 0.07585470085470085 0.18452380952380953
8 0.13141025641025642 0.5892857142857143 0.056623931623931624 0.25992063492063494
11 0.1794871794871795 0.6785714285714286 0.06623931623931624 0.2916666666666667
2 0.23076923076923078 0.7757936507936508 0.05448717948717949 0.26785714285714285
9 0.27564102564102566 0.8650793650793651 0.05876068376068376 0.2698412698412698
1 0.32264957264957267 0.9126984126984127 0.05235042735042735 0.1746031746031746
4 0.3643162393162393 0.9484126984126984 0.05555555555555555 0.10119047619047619
10 0.6175213675213675 0.5813492063492064 0.16880341880341881 0.20634920634920634
1 0.7339743589743589 0.6468253968253969 0.11538461538461539 0.18055555555555555
14 0.8461538461538461 0.7043650793650794 0.1655982905982906 0.20238095238095238
4 0.5117521367521367 0.7380952380952381 0.15705128205128205 0.2619047619047619
6 0.6388888888888888 0.8154761904761905 0.19658119658119658 0.28174603174603174
0 0.7606837606837606 0.873015873015873 0.15918803418803418 0.25396825396825395
6 0.8696581196581197 0.9007936507936508 0.1752136752136752 0.1984126984126984