10 0.21319018404907975 0.13782051282051283 0.22392638036809817 0.27564102564102566
8 0.3699639322658709 0.17617026160387433 0.14375162558868093 0.26648355530210677
11 0.48466257668711654 0.23717948717948717 0.147239263803681 0.3076923076923077
8 0.07515337423312883 0.30128205128205127 0.15030674846625766 0.41025641025641024
9 0.22392638036809817 0.3525641025641026 0.26993865030674846 0.3076923076923077
2 0.4325153374233129 0.3942307692307692 0.25153374233128833 0.22435897435897437
10 0.6334355828220859 0.1762820512820513 0.15030674846625766 0.3525641025641026
5 0.7702328487259162 0.2840253651458055 0.16051775284474679 0.33170537483709867
11 0.9125766871165644 0.34935897435897434 0.17484662576687116 0.3141025641025641
6 0.6457055214723927 0.3974358974358974 0.17484662576687116 0.21794871794871795
7 0.8282208588957055 0.4519230769230769 0.26380368098159507 0.10897435897435898
10 0.049079754601226995 0.7916666666666666 0.09815950920245399 0.3269230769230769
9 0.14728555344042465 0.8378612797154517 0.12869994306443386 0.2781848126901918
11 0.26226993865030673 0.8493589743589743 0.15644171779141106 0.30128205128205127
1 0.3696319018404908 0.8685897435897436 0.1196319018404908 0.26282051282051283
2 0.45858895705521474 0.8814102564102564 0.1196319018404908 0.23717948717948717
2 0.5245398773006135 0.8942307692307693 0.06748466257668712 0.21153846153846154
10 0.75920245398773 0.6025641025641025 0.20552147239263804 0.19230769230769232
1 0.8819018404907976 0.6314102564102564 0.12576687116564417 0.25
6 0.9524539877300614 0.6634615384615384 0.0950920245398773 0.3141025641025641
9 0.6465796590993647 0.7813492283464074 0.1652996822391424 0.4088523028466611
6 0.7883435582822086 0.8269230769230769 0.1901840490797546 0.34615384615384615
7 0.9202453987730062 0.875 0.15950920245398773 0.25