10 0.12414383561643835 0.06818181818181818 0.17636986301369864 0.13636363636363635
9 0.300513698630137 0.07386363636363637 0.14554794520547945 0.14772727272727273
1 0.4434931506849315 0.08068181818181819 0.136986301369863 0.16136363636363638
1 0.08476027397260275 0.23636363636363636 0.1695205479452055 0.2863636363636364
2 0.25 0.24204545454545454 0.21575342465753425 0.275
9 0.4306506849315068 0.25227272727272726 0.17636986301369864 0.2545454545454545
10 0.6190068493150684 0.17272727272727273 0.0916095890410959 0.18863636363636363
1 0.690068493150685 0.19772727272727272 0.06335616438356165 0.1784090909090909
0 0.7363013698630136 0.21136363636363636 0.05565068493150685 0.16818181818181818
11 0.7876712328767124 0.22386363636363638 0.07962328767123288 0.17386363636363636
3 0.865582191780822 0.2590909090909091 0.06078767123287671 0.16818181818181818
9 0.9126712328767124 0.2727272727272727 0.06335616438356165 0.1590909090909091
8 0.9597602739726028 0.29204545454545455 0.05821917808219178 0.16363636363636364
9 0.9845890410958904 0.29772727272727273 0.02910958904109589 0.14886363636363636
10 0.14968815694377108 0.8011754445068997 0.2202340581506186 0.2459869279791178
3 0.3541819381294861 0.8354615360044497 0.1431493775180282 0.2373835690660047
3 0.4563356164383562 0.8522727272727273 0.125 0.23636363636363636
10 0.6121575342465754 0.7238636363636364 0.10102739726027397 0.34545454545454546
1 0.6815068493150684 0.7704545454545455 0.06078767123287671 0.3079545454545455
5 0.7337328767123288 0.7943181818181818 0.06592465753424658 0.3079545454545455
11 0.7970890410958904 0.8272727272727273 0.0779109589041096 0.32272727272727275
6 0.8647260273972602 0.8477272727272728 0.06592465753424658 0.30454545454545456
4 0.9238013698630136 0.8613636363636363 0.06592465753424658 0.2761363636363636
3 0.9751712328767124 0.8704545454545455 0.0488013698630137 0.2590909090909091