1 0.1449511400651466 0.19631901840490798 0.2247557003257329 0.39263803680981596
2 0.3118892508143323 0.21625766871165644 0.1742671009771987 0.4325153374233129
10 0.48859934853420195 0.16411042944785276 0.15146579804560262 0.31441717791411045
4 0.5814332247557004 0.18711656441717792 0.1237785016286645 0.29754601226993865
16 0.6742671009771987 0.21932515337423314 0.12866449511400652 0.3006134969325153
5 0.757328990228013 0.2392638036809816 0.11400651465798045 0.2960122699386503
0 0.8322475570032574 0.26226993865030673 0.10586319218241043 0.2883435582822086
5 0.9055374592833876 0.2837423312883436 0.11156351791530944 0.2960122699386503
9 0.9617263843648208 0.3052147239263804 0.07654723127035831 0.30368098159509205
10 0.06840390879478828 0.7116564417177914 0.08306188925081433 0.28067484662576686
1 0.1262214983713355 0.7561349693251533 0.05130293159609121 0.2668711656441718
9 0.16693811074918566 0.7837423312883436 0.052931596091205214 0.2561349693251534
11 0.21579804560260588 0.8174846625766872 0.07003257328990228 0.2898773006134969
7 0.2662866449511401 0.8573619631901841 0.05537459283387622 0.2745398773006135
5 0.30781758957654726 0.8711656441717791 0.05537459283387622 0.2561349693251534
2 0.3469055374592834 0.8834355828220859 0.05537459283387622 0.2331288343558282
3 0.3794788273615635 0.897239263803681 0.03908794788273615 0.20552147239263804
10 0.48778501628664495 0.6380368098159509 0.09609120521172639 0.13803680981595093
7 0.5496742671009772 0.656441717791411 0.06596091205211727 0.12116564417177914
7 0.6050488599348535 0.696319018404908 0.07084690553745929 0.1334355828220859
18 0.6856677524429967 0.7484662576687117 0.09690553745928339 0.15184049079754602
9 0.8151465798045603 0.8343558282208589 0.0749185667752443 0.11809815950920245
1 0.8933224755700325 0.8911042944785276 0.06188925081433225 0.12116564417177914
7 0.9446254071661238 0.9309815950920245 0.06188925081433225 0.13190184049079753
1 0.9837133550488599 0.9478527607361963 0.03257328990228013 0.10429447852760736