10 0.20319889542443975 0.25334040194938084 0.190471717125844 0.2064318313905842
3 0.3813806316533882 0.26836742484208803 0.12346413226239387 0.20342071991606084
3 0.4575892857142857 0.2756916996047431 0.08482142857142858 0.20355731225296442
3 0.11086309523809523 0.3794466403162055 0.19196428571428573 0.05928853754940711
10 0.59375 0.23221343873517786 0.11011904761904762 0.22727272727272727
5 0.6688988095238095 0.24308300395256918 0.06994047619047619 0.2183794466403162
11 0.7299107142857143 0.2519762845849802 0.08854166666666667 0.2183794466403162
1 0.8065476190476191 0.25790513833992096 0.06919642857142858 0.20553359683794467
4 0.8556547619047619 0.26877470355731226 0.06324404761904762 0.20553359683794467
8 0.9025297619047619 0.2717391304347826 0.06770833333333333 0.2183794466403162
1 0.9538690476190477 0.28063241106719367 0.06696428571428571 0.20948616600790515
10 0.19270833333333334 0.5721343873517787 0.10193452380952381 0.21739130434782608
5 0.28943452380952384 0.6116600790513834 0.08705357142857142 0.2124505928853755
11 0.37723214285714285 0.6531620553359684 0.09895833333333333 0.21739130434782608
3 0.09672619047619048 0.7658102766798419 0.10342261904761904 0.2598814229249012
3 0.1949404761904762 0.8221343873517787 0.10119047619047619 0.2648221343873518
7 0.296875 0.8616600790513834 0.10491071428571429 0.2598814229249012
1 0.39657738095238093 0.8794466403162056 0.10342261904761904 0.21739130434782608
10 0.6547619047619048 0.6393280632411067 0.09375 0.13932806324110672
8 0.7269345238095238 0.6314229249011858 0.06398809523809523 0.11956521739130435
3 0.7752976190476191 0.6146245059288538 0.05952380952380952 0.11956521739130435
18 0.8296130952380952 0.5889328063241107 0.07589285714285714 0.13339920948616601
6 0.6279761904761905 0.8063241106719368 0.11607142857142858 0.18478260869565216
4 0.7157738095238095 0.8043478260869565 0.11681547619047619 0.2015810276679842
2 0.8035714285714286 0.7727272727272727 0.11458333333333333 0.191699604743083
5 0.8831845238095238 0.7312252964426877 0.11235119047619048 0.191699604743083