10 0.046875 0.16699604743083005 0.09375 0.20355731225296442
3 0.17307968757573042 0.12211261396614383 0.12434809298833065 0.20250084265785853
3 0.2619047619047619 0.09881422924901186 0.1130952380952381 0.1976284584980237
18 0.4322916666666667 0.07509881422924901 0.16220238095238096 0.15019762845849802
3 0.034970238095238096 0.41304347826086957 0.06994047619047619 0.25296442687747034
0 0.15876801580670408 0.3699753617579356 0.19404764427970278 0.25046056631656205
3 0.33229408779771663 0.32093108310731744 0.18122640687554975 0.27209621756498376
1 0.5225435142958897 0.25719689347414204 0.21884451127426105 0.2881939364291613
10 0.7857142857142857 0.19466403162055335 0.07663690476190477 0.20454545454545456
5 0.8489583333333334 0.15217391304347827 0.05357142857142857 0.20355731225296442
11 0.8988095238095238 0.11166007905138339 0.06770833333333333 0.208498023715415
6 0.7730654761904762 0.3883399209486166 0.07738095238095238 0.26778656126482214
8 0.8459821428571429 0.3339920948616601 0.08035714285714286 0.2549407114624506
9 0.9174107142857143 0.28063241106719367 0.07589285714285714 0.2509881422924901
10 0.0818452380952381 0.83399209486166 0.12574404761904762 0.23122529644268774
1 0.16517857142857142 0.8102766798418972 0.06994047619047619 0.208498023715415
7 0.22470238095238096 0.7905138339920948 0.08110119047619048 0.21739130434782608
11 0.2931547619047619 0.7796442687747036 0.09449404761904762 0.22233201581027667
1 0.3705357142857143 0.7628458498023716 0.08556547619047619 0.22233201581027667
0 0.43452380952380953 0.7391304347826086 0.07663690476190477 0.19960474308300397
9 0.5074404761904762 0.7282608695652174 0.09672619047619048 0.22233201581027667
3 0.5788690476190477 0.7025691699604744 0.08110119047619048 0.19960474308300397
0 0.7983630952380952 0.6798418972332015 0.049107142857142856 0.11956521739130435
3 0.8392857142857143 0.6699604743083004 0.03273809523809524 0.10770750988142293
18 0.8660714285714286 0.6679841897233202 0.033482142857142856 0.10474308300395258
9 0.8973214285714286 0.6590909090909091 0.04092261904761905 0.10968379446640317
4 0.7663690476190477 0.8438735177865613 0.06473214285714286 0.1600790513833992
1 0.8221726190476191 0.8310276679841897 0.06398809523809523 0.15711462450592886
5 0.8772321428571429 0.8201581027667985 0.0625 0.1600790513833992
1 0.9360119047619048 0.8092885375494071 0.06398809523809523 0.15711462450592886