10 0.19921875 0.037037037037037035 0.1484375 0.07407407407407407
5 0.3056640625 0.05925925925925926 0.119140625 0.11851851851851852
11 0.41015625 0.08148148148148149 0.140625 0.16296296296296298
8 0.0751953125 0.18888888888888888 0.150390625 0.34074074074074073
9 0.20482238221979143 0.2477363453541482 0.16610981002986125 0.33129174218163726
2 0.34299420284105875 0.2930671216871239 0.1543001410519098 0.3234964444424918
7 0.4697265625 0.3351851851851852 0.138671875 0.32222222222222224
10 0.5810546875 0.3 0.083984375 0.18333333333333332
1 0.6455078125 0.3074074074074074 0.0615234375 0.17037037037037037
2 0.69140625 0.3055555555555556 0.0595703125 0.1814814814814815
11 0.75390625 0.3111111111111111 0.0712890625 0.19814814814814816
6 0.8291015625 0.3074074074074074 0.068359375 0.17037037037037037
8 0.8828125 0.30925925925925923 0.0615234375 0.17592592592592593
9 0.935546875 0.3055555555555556 0.064453125 0.17592592592592593
1 0.9775390625 0.3037037037037037 0.041015625 0.1648148148148148
10 0.19921875 0.6648148148148149 0.115234375 0.14074074074074075
9 0.30078125 0.6814814814814815 0.0791015625 0.1388888888888889
11 0.376953125 0.7018518518518518 0.095703125 0.14814814814814814
2 0.107421875 0.8111111111111111 0.1240234375 0.1962962962962963
5 0.2138671875 0.8333333333333334 0.1279296875 0.19444444444444445
3 0.3173828125 0.8555555555555555 0.1279296875 0.18703703703703703
5 0.42578125 0.8870370370370371 0.1337890625 0.2
0 0.72265625 0.6537037037037037 0.171875 0.23333333333333334
4 0.8857421875 0.6388888888888888 0.119140625 0.2037037037037037
7 0.955078125 0.6462962962962963 0.08984375 0.21851851851851853
10 0.6396484375 0.8759259259259259 0.201171875 0.24814814814814815
5 0.822265625 0.8722222222222222 0.22265625 0.25555555555555554
17 0.94921875 0.8722222222222222 0.1015625 0.25555555555555554