10 0.25636363636363635 0.11450381679389313 0.14545454545454545 0.22900763358778625
5 0.3527272727272727 0.1450381679389313 0.12 0.2900763358778626
11 0.44636363636363635 0.19916323418498644 0.14 0.3160007438678543
8 0.11636363636363636 0.30498178148091565 0.17272727272727273 0.3824853036022056
9 0.24272727272727274 0.37595419847328243 0.16545454545454547 0.3473282442748092
2 0.36818181818181817 0.41603053435114506 0.15454545454545454 0.26717557251908397
7 0.49272727272727274 0.45229007633587787 0.16 0.1946564885496183
0 0.7636363636363637 0.04389312977099236 0.08727272727272728 0.08778625954198473
2 0.8281818181818181 0.07633587786259542 0.0890909090909091 0.15267175572519084
3 0.8936363636363637 0.12381094433952447 0.09272727272727273 0.18010319914554726
11 0.9736363636363636 0.2480916030534351 0.05272727272727273 0.2366412213740458
10 0.2 0.6259541984732825 0.10454545454545454 0.14122137404580154
18 0.44727272727272727 0.7175572519083969 0.09909090909090909 0.1450381679389313
6 0.2990909090909091 0.6717557251908397 0.09909090909090909 0.14885496183206107
3 0.36727272727272725 0.6965648854961832 0.0890909090909091 0.15267175572519084
4 0.11272727272727273 0.7805343511450382 0.14181818181818182 0.20801526717557253
5 0.23636363636363636 0.8225190839694656 0.1481818181818182 0.20801526717557253
7 0.3572727272727273 0.8625954198473282 0.13272727272727272 0.1984732824427481
2 0.47454545454545455 0.8950381679389313 0.1290909090909091 0.18129770992366412
18 0.9281818181818182 0.6907825111972006 0.07636363636363637 0.1525861101180663
10 0.7681818181818182 0.683332979652502 0.0890909090909091 0.17229193763138267
4 0.8381818181818181 0.6932715390162846 0.056363636363636366 0.12489134736268036
1 0.8809090909090909 0.6969090635530953 0.05454545454545454 0.12480251049872786
3 0.7145454545454546 0.8290834381314671 0.09272727272727273 0.19918716861119606
2 0.8018181818181818 0.8343612533945713 0.08181818181818182 0.1719365901755727
1 0.889090909090909 0.8453642594973703 0.09636363636363636 0.20318163623223084
8 0.9581818181818181 0.8454198473282443 0.08363636363636363 0.18702290076335878