10 0.5885416666666666 0.11770833333333333 0.07623106060606061 0.19166666666666668
2 0.6496212121212122 0.15 0.05823863636363636 0.18854166666666666
1 0.6893939393939394 0.165625 0.056818181818181816 0.2
11 0.7428977272727273 0.19479166666666667 0.07623106060606061 0.19166666666666668
2 0.803030303030303 0.21979166666666666 0.061553030303030304 0.196875
8 0.8489583333333334 0.23541666666666666 0.06581439393939394 0.22291666666666668
6 0.9010416666666666 0.265625 0.06486742424242424 0.20104166666666667
8 0.9493371212121212 0.28125 0.07149621212121213 0.19791666666666666
0 0.036931818181818184 0.5958333333333333 0.07386363636363637 0.30416666666666664
3 0.10372410353631872 0.6270573723895081 0.08643979255089763 0.2706092559739138
2 0.19963914658636114 0.6429876673254802 0.14687104931659822 0.3074203646210158
4 0.29883633635966095 0.6752206078814318 0.0990355118599509 0.24730802085845494
11 0.3884535197551768 0.7045002852596746 0.10115007007006442 0.25588403488957995
11 0.4711385643996652 0.7231710117468546 0.10320947357613447 0.26237671558737147
18 0.5151515151515151 0.740625 0.028409090909090908 0.2604166666666667
0 0.6600378787878788 0.5572916666666666 0.09375 0.178125
10 0.7613636363636364 0.56875 0.09375 0.17604166666666668
9 0.853219696969697 0.58125 0.08333333333333333 0.175
7 0.6070075757575758 0.7583333333333333 0.10748106060606061 0.23229166666666667
5 0.7054924242424242 0.7645833333333333 0.1084280303030303 0.23020833333333332
17 0.8044507575757576 0.7822916666666667 0.10606060606060606 0.23020833333333332
1 0.8996212121212122 0.7927083333333333 0.09990530303030302 0.22708333333333333