11 0.09591836734693877 0.38400900900900903 0.17142857142857143 0.20945945945945946
9 0.23316326530612244 0.3096846846846847 0.18061224489795918 0.3581081081081081
2 0.33526686998269856 0.23891923725099973 0.1614654051231747 0.41798285988008044
6 0.4387755102040816 0.17117117117117117 0.17755102040816326 0.34234234234234234
8 0.523469387755102 0.10022522522522523 0.17142857142857143 0.20045045045045046
10 0.7535714285714286 0.20382882882882883 0.09183673469387756 0.23536036036036037
5 0.8301020408163265 0.11824324324324324 0.07959183673469387 0.2195945945945946
11 0.9 0.0777027027027027 0.08928571428571429 0.1554054054054054
3 0.7117346938775511 0.40878378378378377 0.09387755102040816 0.15315315315315314
3 0.7928571428571428 0.36711711711711714 0.0933673469387755 0.22409909909909909
7 0.8739795918367347 0.30067567567567566 0.09744897959183674 0.28153153153153154
1 0.9525510204081633 0.20833333333333334 0.09489795918367347 0.27702702702702703
10 0.2724489795918367 0.6092342342342343 0.12244897959183673 0.240990990990991
5 0.3683673469387755 0.5698198198198198 0.08775510204081632 0.16216216216216217
11 0.45102040816326533 0.5540540540540541 0.10612244897959183 0.13063063063063063
4 0.22685550666759657 0.8304154519582578 0.14202929632113384 0.315687916973774
6 0.3350064702555331 0.7752829857085579 0.13481518838739248 0.3085642079456458
5 0.4360145767006124 0.7205174717302294 0.1358355965506578 0.308616629698699
9 0.5400364071082315 0.6610901879882372 0.13782891234993203 0.3042169687003005
10 0.6663265306122449 0.7646396396396397 0.08061224489795918 0.1891891891891892
7 0.7362244897959184 0.7680180180180181 0.05459183673469388 0.15765765765765766
8 0.7908163265306123 0.7646396396396397 0.05459183673469388 0.16441441441441443
18 0.8423469387755103 0.7578828828828829 0.06377551020408163 0.16891891891891891
1 0.8887755102040816 0.759009009009009 0.053061224489795916 0.14752252252252251
1 0.9377551020408164 0.7747747747747747 0.05153061224489796 0.16103603603603603
3 0.9709183673469388 0.7601351351351351 0.04897959183673469 0.15427927927927929
6 0.9908163265306122 0.759009009009009 0.018367346938775512 0.12950450450450451