18 0.09778959921728105 0.15716360165110657 0.11932601473736701 0.28829110895889554
3 0.03125 0.11038961038961038 0.0625 0.22077922077922077
4 0.2105698157747136 0.26340977054836734 0.09593715467276841 0.2540095105437399
5 0.3039772727272727 0.32142857142857145 0.08522727272727272 0.17532467532467533
7 0.36079545454545453 0.3474025974025974 0.08522727272727272 0.12337662337662338
2 0.3991477272727273 0.37662337662337664 0.05965909090909091 0.06493506493506493
10 0.4616477272727273 0.10714285714285714 0.06534090909090909 0.21428571428571427
1 0.5092543898033784 0.1634096604447296 0.09659874201009427 0.28647704301127225
1 0.5661737679519555 0.24250677086738598 0.10241287765937766 0.2934240659916846
11 0.6363636363636364 0.288961038961039 0.13068181818181818 0.24025974025974026
3 0.7329545454545454 0.3538961038961039 0.11931818181818182 0.11038961038961038
5 0.16761363636363635 0.5454545454545454 0.18181818181818182 0.2727272727272727
11 0.32954545454545453 0.6363636363636364 0.19886363636363635 0.38961038961038963
3 0.04261363636363636 0.7272727272727273 0.08522727272727272 0.45454545454545453
7 0.16761363636363635 0.8246753246753247 0.2215909090909091 0.35064935064935066
1 0.3366477272727273 0.8993506493506493 0.1846590909090909 0.2012987012987013
10 0.6220346063608109 0.5916100550958802 0.1832815068794842 0.3647083617434309
5 0.7370603034055592 0.6688622030158147 0.1283780118799551 0.31494540966328016
16 0.8522844766515051 0.7558546106760089 0.1832815068794841 0.3647083617434309
2 0.5369318181818182 0.8084415584415584 0.17613636363636365 0.38311688311688313
2 0.6619318181818182 0.8571428571428571 0.17045454545454544 0.2857142857142857
9 0.7897727272727273 0.9058441558441559 0.1590909090909091 0.18831168831168832
5 0.9133522727272727 0.9545454545454546 0.16761363636363635 0.09090909090909091