18 0.22727272727272727 0.30714285714285716 0.11515151515151516 0.2
6 0.04696969696969697 0.32857142857142857 0.08181818181818182 0.15714285714285714
3 0.13484848484848486 0.32142857142857145 0.1 0.17142857142857143
4 0.3303030303030303 0.30714285714285716 0.03636363636363636 0.2
10 0.5757575757575758 0.25 0.17575757575757575 0.3142857142857143
9 0.7298945936324178 0.1890005828116501 0.12232594038548558 0.3470652016072287
11 0.843939393939394 0.16428571428571428 0.1484848484848485 0.32857142857142857
5 0.9378787878787879 0.3392857142857143 0.12424242424242424 0.1357142857142857
5 0.07424242424242425 0.7607142857142857 0.1484848484848485 0.39285714285714285
8 0.19504610878393294 0.7265580735650852 0.13488801657091765 0.3839436838233547
0 0.2924242424242424 0.6892857142857143 0.11212121212121212 0.37857142857142856
10 0.556060606060606 0.6357142857142857 0.1787878787878788 0.21428571428571427
5 0.6757575757575758 0.6107142857142858 0.11969696969696969 0.19285714285714287
16 0.8 0.5928571428571429 0.17272727272727273 0.22142857142857142
2 0.5136363636363637 0.8392857142857143 0.16666666666666666 0.23214285714285715
2 0.6484848484848484 0.8107142857142857 0.1606060606060606 0.225
9 0.7833333333333333 0.7821428571428571 0.15757575757575756 0.225
5 0.9166666666666666 0.7535714285714286 0.15757575757575756 0.22857142857142856