18 0.4446308724832215 0.03634751773049645 0.1621923937360179 0.0726950354609929
3 0.12472035794183445 0.10815602836879433 0.18456375838926176 0.21631205673758866
4 0.2947427293064877 0.14893617021276595 0.18680089485458612 0.2978723404255319
0 0.4546979865771812 0.17641843971631205 0.18680089485458612 0.2854609929078014
10 0.9658836689038032 0.17198581560283688 0.06823266219239374 0.24822695035460993
7 0.9116331096196868 0.28634751773049644 0.1767337807606264 0.06560283687943262
10 0.19854586129753915 0.48847517730496454 0.15883668903803133 0.2641843971631206
5 0.3126398210290828 0.5425531914893617 0.10346756152125279 0.23847517730496454
11 0.4082774049217002 0.5877659574468085 0.12527964205816555 0.24556737588652483
3 0.11968680089485459 0.7296099290780141 0.1789709172259508 0.3421985815602837
2 0.2740492170022371 0.7978723404255319 0.1621923937360179 0.31560283687943264
4 0.4356823266219239 0.8608156028368794 0.19798657718120805 0.2783687943262411
10 0.7488814317673378 0.5097517730496454 0.1029082774049217 0.16932624113475178
2 0.8266219239373602 0.5195035460992907 0.06040268456375839 0.14893617021276595
11 0.8987695749440716 0.526595744680851 0.07046979865771812 0.15336879432624115
5 0.6705816554809844 0.6852836879432624 0.087248322147651 0.21453900709219859
8 0.7606263982102909 0.6914893617021277 0.0878076062639821 0.2225177304964539
0 0.8506711409395973 0.7021276595744681 0.09787472035794184 0.22340425531914893
5 0.9278523489932886 0.7012411347517731 0.087248322147651 0.21453900709219859