4 0.24740932642487046 0.055776892430278883 0.23316062176165803 0.11155378486055777
0 0.391839378238342 0.1145418326693227 0.17487046632124353 0.2290836653386454
10 0.5900259067357513 0.0348605577689243 0.12694300518134716 0.06573705179282868
5 0.7124352331606217 0.06274900398406374 0.09067357512953368 0.11354581673306773
4 0.7668393782383419 0.08565737051792828 0.086139896373057 0.11354581673306773
18 0.8905440414507773 0.13645418326693226 0.11852331606217617 0.12848605577689243
9 0.5440414507772021 0.12450199203187251 0.12953367875647667 0.1553784860557769
9 0.6534974093264249 0.17629482071713148 0.15155440414507773 0.15836653386454183
7 0.772020725388601 0.21812749003984064 0.14443005181347152 0.15338645418326693
5 0.8879533678756477 0.2649402390438247 0.14637305699481865 0.14741035856573706
10 0.05310880829015544 0.5049800796812749 0.09132124352331607 0.3296812749003984
8 0.12176165803108809 0.5547808764940239 0.07124352331606218 0.4063745019920319
11 0.17875647668393782 0.6264940239043825 0.08743523316062177 0.5338645418326693
9 0.25841968911917096 0.7051792828685259 0.0744818652849741 0.4711155378486056
3 0.30440414507772023 0.7659362549800797 0.06930051813471502 0.46115537848605576
4 0.3490932642487047 0.7928286852589641 0.0744818652849741 0.41434262948207173
9 0.39831606217616583 0.8306772908366534 0.07642487046632124 0.3386454183266932
10 0.5239637305699482 0.43824701195219123 0.08031088082901554 0.19820717131474103
1 0.5738341968911918 0.4681274900398406 0.06735751295336788 0.24800796812749004
2 0.6191709844559585 0.5099601593625498 0.07512953367875648 0.30776892430278885
11 0.6800518134715026 0.5846613545816733 0.09650259067357513 0.3386454183266932
8 0.7532383419689119 0.6832669322709163 0.0822538860103627 0.3157370517928287
9 0.8121761658031088 0.7699203187250996 0.08937823834196891 0.3237051792828685
4 0.8711139896373057 0.8446215139442231 0.08678756476683938 0.3107569721115538
3 0.9339378238341969 0.8864541832669323 0.08873056994818652 0.22709163346613545