1 0.03242740325161048 0.24374749977193383 0.04985684482485045 0.19081449617353372
2 0.07994579964411057 0.2604039144493453 0.07508987590958627 0.21625083340935547
5 0.05693069306930693 0.4225 0.09075907590759076 0.155
6 0.13366336633663367 0.43 0.0891089108910891 0.14
10 0.3424092409240924 0.1975 0.1674917491749175 0.3
1 0.4603960396039604 0.235 0.10478547854785479 0.2725
6 0.5363036303630363 0.27 0.10478547854785479 0.2725
11 0.6245874587458746 0.3 0.13448844884488448 0.285
5 0.735973597359736 0.335 0.10478547854785479 0.2675
7 0.8118811881188119 0.3625 0.10396039603960396 0.2625
1 0.8853135313531353 0.375 0.10066006600660066 0.235
5 0.9521452145214522 0.3875 0.07838283828382839 0.2075
2 0.05693069306930693 0.7325 0.11386138613861387 0.365
3 0.14732313932957436 0.7822734972885351 0.11262667627938742 0.36686170553950576
3 0.19224422442244224 0.8175 0.034653465346534656 0.365
10 0.30363036303630364 0.6625 0.15594059405940594 0.2675
1 0.4051155115511551 0.6925 0.08745874587458746 0.235
7 0.4768976897689769 0.7125 0.10396039603960396 0.245
11 0.5585808580858086 0.74 0.12046204620462046 0.2575
1 0.6501650165016502 0.7725 0.10973597359735973 0.25
0 0.7277227722772277 0.79 0.09818481848184818 0.225
9 0.8135313531353136 0.825 0.12046204620462046 0.25
3 0.9018151815181518 0.845 0.10396039603960396 0.225