0 0.17050691244239632 0.08839779005524862 0.0956221198156682 0.106353591160221
1 0.23963133640552994 0.10497237569060773 0.06394009216589862 0.0925414364640884
2 0.2960829493087558 0.12016574585635359 0.0956221198156682 0.10911602209944751
3 0.09216589861751152 0.17265193370165746 0.12384792626728111 0.13259668508287292
4 0.17972350230414746 0.1919889502762431 0.11232718894009217 0.12569060773480664
5 0.2695852534562212 0.21408839779005526 0.11405529953917051 0.13259668508287292
6 0.36059907834101385 0.23480662983425415 0.11232718894009217 0.1270718232044199
4 0.5650921658986175 0.14226519337016574 0.2523041474654378 0.2845303867403315
5 0.771889400921659 0.14917127071823205 0.26497695852534564 0.2983425414364641
1 0.9302995391705069 0.16988950276243095 0.13940092165898618 0.2569060773480663
10 0.07603686635944701 0.36049723756906077 0.057027649769585256 0.11049723756906077
18 0.23790322580645162 0.6464088397790055 0.051267281105990783 0.20994475138121546
3 0.125 0.4143646408839779 0.04550691244239631 0.1712707182320442
3 0.1826036866359447 0.5290055248618785 0.04262672811059908 0.16022099447513813
5 0.3381336405529954 0.856353591160221 0.05241935483870968 0.18922651933701656
0 0.37442396313364057 0.925414364640884 0.04838709677419355 0.14917127071823205
8 0.4107142857142857 0.9682320441988951 0.04723502304147465 0.06353591160220995
10 0.5408986175115207 0.580110497237569 0.15207373271889402 0.47513812154696133
5 0.6324884792626728 0.6450276243093923 0.10138248847926268 0.430939226519337
11 0.7073732718894009 0.6988950276243094 0.125 0.4488950276243094
1 0.8024193548387096 0.7596685082872928 0.10368663594470046 0.4157458563535912
4 0.8623271889400922 0.7997237569060773 0.09331797235023041 0.4005524861878453
8 0.9210829493087558 0.81353591160221 0.09850230414746544 0.3729281767955801
1 0.966589861751152 0.8383977900552486 0.06682027649769585 0.32320441988950277