6 0.19683257918552036 0.09448818897637795 0.2187028657616893 0.1889763779527559
10 0.6825037707390649 0.23818897637795275 0.07164404223227752 0.08169291338582677
1 0.72473604826546 0.22244094488188976 0.05505279034690799 0.11220472440944881
2 0.7549019607843137 0.19291338582677164 0.05203619909502263 0.12598425196850394
11 0.7933634992458521 0.15846456692913385 0.06711915535444947 0.140748031496063
8 0.8393665158371041 0.10925196850393701 0.05957767722473605 0.12598425196850394
9 0.8740573152337858 0.07578740157480315 0.05203619909502263 0.12106299212598425
4 0.9064856711915535 0.04921259842519685 0.05203619909502263 0.09744094488188976
3 0.9411764705882353 0.031496062992125984 0.05731523378582202 0.06299212598425197
10 0.13951734539969834 0.8769685039370079 0.13423831070889894 0.22244094488188976
6 0.23604826546003016 0.7854330708661418 0.10708898944193061 0.20570866141732283
11 0.29638009049773756 0.6820866141732284 0.1138763197586727 0.19980314960629922
7 0.38763197586727 0.5679133858267716 0.08597285067873303 0.17125984251968504
7 0.4374057315233786 0.4881889763779528 0.07541478129713423 0.16535433070866143
2 0.473604826546003 0.41633858267716534 0.06184012066365008 0.14763779527559054
6 0.5128205128205128 0.359251968503937 0.07541478129713423 0.1594488188976378
10 0.6945701357466063 0.8297244094488189 0.06711915535444947 0.3248031496062992
1 0.7322775263951734 0.780511811023622 0.043740573152337855 0.281496062992126
5 0.7549019607843137 0.75 0.043740573152337855 0.28937007874015747
11 0.7812971342383107 0.702755905511811 0.05128205128205128 0.3061023622047244
4 0.8197586726998491 0.6338582677165354 0.05505279034690799 0.29822834645669294
7 0.8544494720965309 0.577755905511811 0.05505279034690799 0.30118110236220474
0 0.889894419306184 0.515748031496063 0.05052790346907994 0.2765748031496063
6 0.9253393665158371 0.46062992125984253 0.05731523378582202 0.3031496062992126