0 0.18727598566308243 0.05023364485981308 0.1953405017921147 0.10046728971962617
4 0.3906810035842294 0.017523364485981307 0.12186379928315412 0.035046728971962614
6 0.1367878185915221 0.28154205607476634 0.23253804771777437 0.27102803738317754
3 0.3461255887852042 0.22897196261682243 0.22222054990933393 0.24065420560747663
1 0.5423878245454543 0.16822429906542055 0.21084158896879643 0.2266355140186916
10 0.7025089605734767 0.2908878504672897 0.08064516129032258 0.316588785046729
5 0.760752688172043 0.2932242990654206 0.0492831541218638 0.3107476635514019
11 0.807347670250896 0.2967289719626168 0.06362007168458782 0.30490654205607476
1 0.8655913978494624 0.2932242990654206 0.05017921146953405 0.2932242990654206
4 0.9032258064516129 0.29906542056074764 0.04390681003584229 0.2932242990654206
8 0.9399641577060932 0.2967289719626168 0.0492831541218638 0.30490654205607476
1 0.9767025089605734 0.29906542056074764 0.042114695340501794 0.2932242990654206
10 0.06541218637992832 0.5922897196261683 0.12634408602150538 0.12733644859813084
1 0.1442652329749104 0.639018691588785 0.08333333333333333 0.13200934579439252
1 0.36379928315412186 0.7780373831775701 0.0931899641577061 0.13200934579439252
1 0.5922939068100358 0.9088785046728972 0.08870967741935484 0.1366822429906542
6 0.2060931899641577 0.677570093457944 0.08512544802867383 0.11799065420560748
11 0.2849462365591398 0.7231308411214953 0.11827956989247312 0.15654205607476634
9 0.4390681003584229 0.8154205607476636 0.1003584229390681 0.13200934579439252
8 0.525089605734767 0.8633177570093458 0.10931899641577061 0.12967289719626168
10 0.696236559139785 0.7850467289719626 0.07258064516129033 0.21261682242990654
1 0.742831541218638 0.7757009345794392 0.0456989247311828 0.18457943925233644
2 0.782258064516129 0.7523364485981309 0.051075268817204304 0.18457943925233644
11 0.8306451612903226 0.7336448598130841 0.06182795698924731 0.20327102803738317
4 0.8718637992831542 0.719626168224299 0.0492831541218638 0.1939252336448598
5 0.9112903225806451 0.7126168224299065 0.044802867383512544 0.1985981308411215
6 0.9471326164874552 0.6927570093457944 0.04838709677419355 0.20794392523364486
4 0.978494623655914 0.6764018691588785 0.04121863799283154 0.18457943925233644