0 0.2742782152230971 0.22289156626506024 0.15223097112860892 0.18875502008032127
6 0.39960629921259844 0.1686746987951807 0.1036745406824147 0.1636546184738956
9 0.494750656167979 0.13152610441767068 0.1272965879265092 0.17269076305220885
7 0.22769028871391075 0.40963855421686746 0.1410761154855643 0.18072289156626506
10 0.34908136482939633 0.38052208835341367 0.14304461942257218 0.21987951807228914
18 0.4744094488188976 0.3353413654618474 0.13976377952755906 0.2248995983935743
7 0.589238845144357 0.28413654618473894 0.1377952755905512 0.22188755020080322
10 0.863517060367454 0.1827309236947791 0.05380577427821522 0.2359437751004016
11 0.9035433070866141 0.16566265060240964 0.03477690288713911 0.19879518072289157
17 0.931758530183727 0.14156626506024098 0.04461942257217848 0.20983935742971888
0 0.8503937007874016 0.3855421686746988 0.0505249343832021 0.2289156626506024
7 0.8884514435695539 0.35943775100401604 0.043963254593175856 0.22088353413654618
7 0.9245406824146981 0.3373493975903614 0.04068241469816273 0.22389558232931728
4 0.9612860892388452 0.32831325301204817 0.043963254593175856 0.23493975903614459
17 0.22703412073490814 0.7309236947791165 0.18700787401574803 0.1817269076305221
5 0.3458005249343832 0.6847389558232931 0.1115485564304462 0.14156626506024098
6 0.43963254593175854 0.6536144578313253 0.13188976377952755 0.1536144578313253
18 0.5360892388451444 0.6174698795180723 0.14960629921259844 0.1646586345381526
9 0.19619422572178477 0.9026104417670683 0.21128608923884515 0.19477911646586346
2 0.3510498687664042 0.8744979919678715 0.19816272965879264 0.24096385542168675
4 0.49343832020997375 0.8172690763052208 0.21916010498687663 0.2459839357429719
8 0.6614173228346457 0.748995983935743 0.21916010498687663 0.2419678714859438
10 0.89501312335958 0.6465863453815262 0.19160104986876642 0.27710843373493976
6 0.9087926509186351 0.8604417670682731 0.18241469816272965 0.2791164658634538