0 0.21739584313319188 0.196169646369841 0.20025208352050208 0.2920576325408512
10 0.47619047619047616 0.25 0.14177489177489178 0.1985981308411215
6 0.5822510822510822 0.2336448598130841 0.10714285714285714 0.1822429906542056
11 0.6883116883116883 0.2336448598130841 0.12554112554112554 0.19158878504672897
5 0.7781385281385281 0.2219626168224299 0.1038961038961039 0.18457943925233644
3 0.8614718614718615 0.21495327102803738 0.11255411255411256 0.19158878504672897
9 0.9426406926406926 0.19158878504672897 0.10714285714285714 0.1822429906542056
0 0.1676057575705249 0.7929411814607393 0.1247285418867744 0.20704834102794686
18 0.28460915940512443 0.7080150060841669 0.0846300112020809 0.1831945048756235
17 0.3170995670995671 0.6728971962616822 0.045454545454545456 0.19626168224299065
1 0.23484848484848486 0.9299065420560748 0.20995670995670995 0.14018691588785046
10 0.5757575757575758 0.5887850467289719 0.16666666666666666 0.21728971962616822
3 0.7045454545454546 0.5981308411214953 0.11580086580086581 0.18925233644859812
11 0.8062770562770563 0.5957943925233645 0.15043290043290045 0.205607476635514
4 0.5703463203463204 0.7897196261682243 0.2813852813852814 0.2827102803738318
11 0.8658008658008658 0.7967289719626168 0.2683982683982684 0.2850467289719626