0 0.06186868686868687 0.35585585585585583 0.12373737373737374 0.2972972972972973
3 0.16743973358333605 0.2774886430143065 0.12867056531034263 0.27144956009681515
4 0.2419151308320295 0.23319048152607325 0.12336949023193783 0.26689264271113106
9 0.3426453334448469 0.17113636642572094 0.15542651073026562 0.29873865152974116
1 0.15025252525252525 0.5045045045045045 0.23484848484848486 0.16216216216216217
7 0.32196969696969696 0.44819819819819817 0.25 0.2747747747747748
10 0.4292929292929293 0.39414414414414417 0.10101010101010101 0.38288288288288286
10 0.5176767676767676 0.2905405405405405 0.07575757575757576 0.18468468468468469
18 0.6628787878787878 0.30180180180180183 0.07196969696969698 0.17117117117117117
6 0.5555555555555556 0.2905405405405405 0.04924242424242424 0.11711711711711711
0 0.5972222222222222 0.29954954954954954 0.06186868686868687 0.12837837837837837
2 0.7184343434343434 0.30855855855855857 0.0707070707070707 0.1463963963963964
3 0.7803030303030303 0.3108108108108108 0.06818181818181818 0.14189189189189189
9 0.8838383838383839 0.32207207207207206 0.08080808080808081 0.15990990990990991
7 0.9482323232323232 0.31756756756756754 0.08080808080808081 0.17117117117117117
10 0.08838383838383838 0.9234234234234234 0.14015151515151514 0.15315315315315314
1 0.14772727272727273 0.8851351351351351 0.10353535353535354 0.1463963963963964
5 0.19065656565656566 0.8378378378378378 0.09974747474747475 0.1463963963963964
11 0.2361111111111111 0.7927927927927928 0.1148989898989899 0.1554054054054054
8 0.2866161616161616 0.7432432432432432 0.10353535353535354 0.15090090090090091
5 0.32575757575757575 0.7027027027027027 0.09848484848484848 0.13963963963963963
6 0.3648989898989899 0.6621621621621622 0.08712121212121213 0.13288288288288289
8 0.4015151515151515 0.6396396396396397 0.0845959595959596 0.10135135135135136
0 0.5883838383838383 0.9414414414414415 0.10606060606060606 0.11711711711711711
2 0.6616161616161617 0.9166666666666666 0.1111111111111111 0.16666666666666666
3 0.7379157865087631 0.8791529700142582 0.10623296710348158 0.1856805294271005
11 0.8246318152187416 0.8192069717429139 0.1352635950207576 0.20849132279611185
4 0.9234631903760557 0.7458653889407103 0.11078233209818739 0.17672393329927122
5 0.9734848484848485 0.6914414414414415 0.05303030303030303 0.18468468468468469
3 0.8878102043789806 0.6373248745628691 0.060817526141448176 0.09517113628757218
0 0.946969696969697 0.6126126126126126 0.05555555555555555 0.05405405405405406