0 0.23684210526315788 0.15625 0.16374269005847952 0.3125
3 0.38592311285553854 0.1944929423633003 0.11410937026468243 0.3054470698038753
4 0.47177199274452397 0.2180081736934171 0.10815930953517423 0.3000569128775397
9 0.5628654970760234 0.25 0.09064327485380116 0.3229166666666667
18 0.09210526315789473 0.3984375 0.18421052631578946 0.2552083333333333
1 0.2733918128654971 0.4296875 0.22514619883040934 0.19270833333333334
7 0.47368421052631576 0.4557291666666667 0.24561403508771928 0.140625
3 0.8999164383337968 0.2693773931211258 0.07252391139856786 0.12197354978269385
0 0.9824561403508771 0.2682291666666667 0.03508771929824561 0.09895833333333333
4 0.6608187134502924 0.3880208333333333 0.10526315789473684 0.18229166666666666
11 0.7802515249082664 0.4037617545944137 0.126584995529809 0.19652662878638102
9 0.917627371736495 0.41063877569663365 0.1175067431658463 0.18062889339687752
4 0.9853801169590644 0.4166666666666667 0.029239766081871343 0.1875
10 0.08771929824561403 0.609375 0.09649122807017543 0.15364583333333334
8 0.14181286549707603 0.6354166666666666 0.06725146198830409 0.13020833333333334
7 0.1783625730994152 0.65625 0.06725146198830409 0.125
18 0.26169590643274854 0.7265625 0.10380116959064327 0.1640625
6 0.3757309941520468 0.8463541666666666 0.08333333333333333 0.1484375
8 0.4546783625730994 0.921875 0.08333333333333333 0.15364583333333334
9 0.5102339181286549 0.953125 0.0847953216374269 0.09375
5 0.5584795321637427 0.984375 0.03654970760233918 0.03125
0 0.9239766081871345 0.65625 0.15204678362573099 0.23958333333333334
1 0.9064327485380117 0.8854166666666666 0.1871345029239766 0.22916666666666666