0 0.08904109589041095 0.28328402366863903 0.09931506849315068 0.22041420118343194
3 0.1643835616438356 0.3076923076923077 0.048515981735159815 0.20562130177514792
2 0.23059360730593606 0.3224852071005917 0.09018264840182648 0.22633136094674555
4 0.2990867579908676 0.34985207100591714 0.0593607305936073 0.1849112426035503
11 0.3607305936073059 0.3742603550295858 0.06050228310502283 0.1915680473372781
11 0.4178082191780822 0.3905325443786982 0.06107305936073059 0.19674556213017752
18 0.4754566210045662 0.40532544378698226 0.062214611872146115 0.1952662721893491
10 0.6352739726027398 0.1915680473372781 0.06906392694063927 0.1945266272189349
6 0.6940639269406392 0.22707100591715976 0.0502283105022831 0.17899408284023668
11 0.7465753424657534 0.26627218934911245 0.05707762557077625 0.1908284023668639
1 0.791095890410959 0.30177514792899407 0.04052511415525114 0.1915680473372781
4 0.8373287671232876 0.33210059171597633 0.053082191780821915 0.20414201183431951
0 0.8841324200913242 0.3735207100591716 0.0410958904109589 0.1893491124260355
5 0.9332191780821918 0.3979289940828402 0.059931506849315065 0.1856508875739645
10 0.1906392694063927 0.6908284023668639 0.1158675799086758 0.11020710059171597
6 0.2973744292237443 0.7100591715976331 0.07876712328767123 0.10281065088757396
11 0.3858447488584475 0.7211538461538461 0.1021689497716895 0.11908284023668639
2 0.13070776255707764 0.8224852071005917 0.146689497716895 0.15606508875739644
5 0.2711187214611872 0.8542899408284024 0.15353881278538814 0.1760355029585799
3 0.4269406392694064 0.882396449704142 0.15353881278538814 0.16642011834319526
5 0.648972602739726 0.6708579881656804 0.158675799086758 0.21153846153846154
2 0.8056190863344875 0.6508900560176719 0.1640256894037589 0.18194329887177504