11 0.4599483204134367 0.29545454545454547 0.16795865633074936 0.16433566433566432
11 0.5297157622739018 0.2395104895104895 0.09819121447028424 0.2762237762237762
10 0.6388888888888888 0.3356643356643357 0.08333333333333333 0.08041958041958042
1 0.687984496124031 0.3094405594405594 0.059431524547803614 0.11888111888111888
5 0.7267441860465116 0.27797202797202797 0.06524547803617571 0.16958041958041958
11 0.772609819121447 0.22552447552447552 0.07622739018087855 0.2062937062937063
6 0.8210594315245479 0.15034965034965034 0.06589147286821706 0.19230769230769232
4 0.8624031007751938 0.08741258741258741 0.06589147286821706 0.17482517482517482
3 0.9043927648578811 0.057692307692307696 0.06201550387596899 0.11538461538461539
2 0.9412144702842378 0.024475524475524476 0.059431524547803614 0.04895104895104895
3 0.2693798449612403 0.5646853146853147 0.03488372093023256 0.12062937062937062
0 0.3049095607235142 0.5174825174825175 0.03359173126614987 0.1258741258741259
1 0.3268733850129199 0.49475524475524474 0.03940568475452196 0.13986013986013987
0 0.06330749354005168 0.9440559440559441 0.07493540051679587 0.10839160839160839
2 0.11498708010335917 0.9020979020979021 0.07945736434108527 0.17482517482517482
3 0.16731266149870802 0.8618881118881119 0.07945736434108527 0.2395104895104895
11 0.24741602067183463 0.7814685314685315 0.10271317829457365 0.31643356643356646
5 0.32041343669250644 0.6783216783216783 0.08010335917312661 0.2727272727272727
0 0.37209302325581395 0.6276223776223776 0.07299741602067183 0.256993006993007
2 0.42248062015503873 0.5576923076923077 0.07881136950904392 0.2674825174825175
8 0.47416020671834624 0.5017482517482518 0.08139534883720931 0.24825174825174826
0 0.6989664082687338 0.6783216783216783 0.09560723514211886 0.27972027972027974
6 0.7674418604651163 0.5611888111888111 0.0665374677002584 0.23601398601398602
9 0.8191214470284238 0.493006993006993 0.07945736434108527 0.229020979020979
7 0.6828165374677002 0.9003496503496503 0.08656330749354005 0.18006993006993008
10 0.75 0.8409090909090909 0.08914728682170543 0.2762237762237762
18 0.8191214470284238 0.7587412587412588 0.08979328165374677 0.32167832167832167
7 0.8804909560723514 0.6520979020979021 0.08850129198966408 0.3181818181818182