18 0.082010582010582 0.11893203883495146 0.164021164021164 0.23786407766990292
3 0.23015873015873015 0.1529126213592233 0.20634920634920634 0.3058252427184466
3 0.3558201058201058 0.18689320388349515 0.10317460317460317 0.3737864077669903
10 0.58994708994709 0.10922330097087378 0.17989417989417988 0.21844660194174756
7 0.7566137566137566 0.09223300970873786 0.1111111111111111 0.18446601941747573
8 0.8544973544973545 0.08980582524271845 0.1164021164021164 0.1796116504854369
18 0.9563492063492064 0.08495145631067962 0.0873015873015873 0.16990291262135923
5 0.5251322751322751 0.308252427184466 0.2037037037037037 0.19902912621359223
1 0.705026455026455 0.2961165048543689 0.18783068783068782 0.22330097087378642
9 0.8597883597883598 0.2912621359223301 0.20105820105820105 0.23300970873786409
2 0.9642857142857143 0.2936893203883495 0.07142857142857142 0.22815533980582525
6 0.05026455026455026 0.6990291262135923 0.10052910052910052 0.2815533980582524
11 0.142414944705696 0.7330097087378641 0.15301883772860495 0.2961165048543689
5 0.27118206047333027 0.7669902912621359 0.11801122200707384 0.27184466019417475
7 0.3544973544973545 0.7961165048543689 0.10582010582010581 0.2815533980582524
0 0.47354497354497355 0.5242718446601942 0.0701058201058201 0.1262135922330097
0 0.5423280423280423 0.5631067961165048 0.07671957671957672 0.14563106796116504
2 0.6177248677248677 0.6383495145631068 0.082010582010582 0.13349514563106796
18 0.7063492063492064 0.6941747572815534 0.09126984126984126 0.14563106796116504
4 0.783068783068783 0.7694174757281553 0.07671957671957672 0.1262135922330097
1 0.83994708994709 0.8203883495145631 0.0582010582010582 0.1262135922330097
2 0.9021164021164021 0.8859223300970874 0.06349206349206349 0.11893203883495146
5 0.9563492063492064 0.9393203883495146 0.0582010582010582 0.11893203883495146
3 0.7592592592592593 0.6529126213592233 0.03042328042328042 0.0703883495145631
0 0.8095238095238095 0.7014563106796117 0.03306878306878307 0.0703883495145631
2 0.843915343915344 0.7330097087378641 0.03306878306878307 0.0703883495145631