0 0.10113636363636364 0.15056818181818182 0.1431818181818182 0.30113636363636365
3 0.23977272727272728 0.08238636363636363 0.10227272727272728 0.16477272727272727
3 0.3068181818181818 0.0625 0.10909090909090909 0.125
9 0.4147727272727273 0.02556818181818182 0.1340909090909091 0.05113636363636364
18 0.09545454545454546 0.4318181818181818 0.19090909090909092 0.22727272727272727
3 0.22954545454545455 0.3721590909090909 0.21818181818181817 0.3465909090909091
3 0.3840909090909091 0.3153409090909091 0.21818181818181817 0.4602272727272727
1 0.5272727272727272 0.2727272727272727 0.20454545454545456 0.5454545454545454
10 0.7147727272727272 0.3068181818181818 0.04090909090909091 0.19886363636363635
0 0.865909090909091 0.045454545454545456 0.031818181818181815 0.09090909090909091
1 0.8875 0.028409090909090908 0.03295454545454545 0.056818181818181816
0 0.6647727272727273 0.4971590909090909 0.05227272727272727 0.09375
2 0.7022727272727273 0.45738636363636365 0.05227272727272727 0.16193181818181818
5 0.7431818181818182 0.41761363636363635 0.05795454545454545 0.22727272727272727
11 0.7875 0.36363636363636365 0.06363636363636363 0.3068181818181818
5 0.8352272727272727 0.26704545454545453 0.05568181818181818 0.2869318181818182
3 0.8772727272727273 0.19602272727272727 0.05454545454545454 0.29261363636363635
0 0.9159090909090909 0.1278409090909091 0.05227272727272727 0.2556818181818182
9 0.9522727272727273 0.09090909090909091 0.06136363636363636 0.18181818181818182
10 0.04090909090909091 0.9204545454545454 0.08181818181818182 0.1590909090909091
2 0.12727272727272726 0.8579545454545454 0.17272727272727273 0.2840909090909091
13 0.2681818181818182 0.7727272727272727 0.25 0.45454545454545453
2 0.4431818181818182 0.7244318181818182 0.17727272727272728 0.35795454545454547
6 0.5443181818181818 0.6732954545454546 0.17045454545454544 0.2556818181818182
4 0.5977272727272728 0.6164772727272727 0.06363636363636363 0.14204545454545456
10 0.6761363636363636 0.8267045454545454 0.09318181818181819 0.2556818181818182
18 0.9545454545454546 0.6931818181818182 0.09090909090909091 0.26136363636363635
7 0.8193676997330055 0.7599450615423877 0.0857452656376274 0.21033179538834126
7 0.8848292949048631 0.7325060541287645 0.08801799291035466 0.2104971194124237