1 0.0749063670411985 0.18571428571428572 0.149812734082397 0.3238095238095238
4 0.21722846441947566 0.16666666666666666 0.16853932584269662 0.3333333333333333
4 0.37453183520599254 0.13333333333333333 0.17228464419475656 0.26666666666666666
7 0.5234082397003745 0.10476190476190476 0.17415730337078653 0.20952380952380953
10 0.7715355805243446 0.10476190476190476 0.20973782771535582 0.20952380952380953
8 0.7172284644194756 0.2785714285714286 0.1760299625468165 0.1380952380952381
6 0.8895131086142322 0.23095238095238096 0.18726591760299627 0.23333333333333334
10 0.18726591760299627 0.5833333333333334 0.17322097378277154 0.23095238095238096
1 0.3136704119850187 0.5404761904761904 0.10955056179775281 0.20238095238095238
14 0.43164794007490637 0.4928571428571429 0.16666666666666666 0.21428571428571427
4 0.12827715355805244 0.8547619047619047 0.1694756554307116 0.2857142857142857
6 0.27808988764044945 0.8166666666666667 0.18632958801498128 0.30714285714285716
0 0.4091760299625468 0.7738095238095238 0.15168539325842698 0.29523809523809524
6 0.5280898876404494 0.7404761904761905 0.1647940074906367 0.319047619047619
10 0.7550062524725302 0.5667724819496488 0.13471970858244467 0.2513869125518941
5 0.8782190659996753 0.513170846352075 0.11758197274385158 0.24136441502226666
11 0.9625468164794008 0.4714285714285714 0.0749063670411985 0.24761904761904763
3 0.6779026217228464 0.8547619047619047 0.09737827715355805 0.2904761904761905
3 0.7865275056752671 0.8275136385075023 0.1342660656780315 0.2989505503925175
7 0.9172309559065321 0.7736903637962317 0.1421824072636363 0.3134579037919286