0 0.10652709359605911 0.10063897763578275 0.1206896551724138 0.13578274760383385
6 0.2395320197044335 0.0878594249201278 0.07204433497536945 0.13099041533546327
13 0.3503694581280788 0.08306709265175719 0.1022167487684729 0.1413738019169329
1 0.06465517241379311 0.2707667731629393 0.0960591133004926 0.17252396166134185
4 0.1705665024630542 0.26198083067092653 0.09975369458128079 0.17092651757188498
4 0.2814039408866995 0.2571884984025559 0.10098522167487685 0.16853035143769968
7 0.3873152709359606 0.2507987220447284 0.10098522167487685 0.1757188498402556
12 0.6262315270935961 0.10543130990415335 0.10775862068965517 0.16533546325878595
2 0.7259852216748769 0.10223642172523961 0.0769704433497537 0.1477635782747604
11 0.8214285714285714 0.08386581469648563 0.10098522167487685 0.1509584664536741
8 0.5560344827586207 0.2915335463258786 0.11083743842364532 0.2012779552715655
9 0.6711822660098522 0.2755591054313099 0.11391625615763547 0.18370607028753994
4 0.791256157635468 0.26038338658146964 0.11391625615763547 0.18849840255591055
0 0.9100985221674877 0.24281150159744408 0.11391625615763547 0.18849840255591055
10 0.08312807881773399 0.7899361022364217 0.16625615763546797 0.16134185303514376
3 0.2518377750572784 0.7547675407468059 0.1089404046244648 0.13356531082573106
11 0.4001078231649173 0.715925468217083 0.12499324573144241 0.14423831582681654
1 0.15024630541871922 0.9225239616613419 0.18226600985221675 0.15495207667731628
5 0.3275862068965517 0.8993610223642172 0.18719211822660098 0.2012779552715655
2 0.45997536945812806 0.8610223642172524 0.08004926108374384 0.19169329073482427
0 0.5449507389162561 0.7220447284345048 0.08928571428571429 0.23003194888178913
3 0.6157635467980296 0.7236421725239617 0.0437192118226601 0.21805111821086262
2 0.6785714285714286 0.7164536741214057 0.08251231527093596 0.2364217252396166
4 0.7438423645320197 0.7220447284345048 0.05357142857142857 0.19408945686900958
11 0.8023399014778325 0.7276357827476039 0.05480295566502463 0.2012779552715655
11 0.8565270935960592 0.7252396166134185 0.05541871921182266 0.20686900958466453
18 0.9113300492610837 0.7212460063897763 0.05665024630541872 0.20527156549520767