0 0.07944444444444444 0.13423645320197045 0.15888888888888889 0.2684729064039409
6 0.22555555555555556 0.0812807881773399 0.18444444444444444 0.1625615763546798
9 0.4077777777777778 0.04310344827586207 0.22666666666666666 0.08620689655172414
18 0.15166666666666667 0.2746305418719212 0.21888888888888888 0.229064039408867
17 0.3561111111111111 0.23399014778325122 0.24555555555555555 0.3103448275862069
6 0.5033333333333333 0.19458128078817735 0.11333333333333333 0.3891625615763547
10 0.5983333333333334 0.23029556650246305 0.07611111111111112 0.1933497536945813
1 0.6472222222222223 0.21921182266009853 0.055 0.16748768472906403
2 0.6877777777777778 0.2105911330049261 0.06111111111111111 0.17610837438423646
11 0.7422222222222222 0.19088669950738915 0.0811111111111111 0.1933497536945813
8 0.8094444444444444 0.1748768472906404 0.06722222222222222 0.17980295566502463
9 0.8638888888888889 0.16625615763546797 0.07333333333333333 0.17980295566502463
4 0.9177777777777778 0.15517241379310345 0.07333333333333333 0.18842364532019704
3 0.9683333333333334 0.14285714285714285 0.06111111111111111 0.17980295566502463
10 0.1511111111111111 0.5184729064039408 0.16277777777777777 0.2229064039408867
3 0.26611111111111113 0.5024630541871922 0.125 0.21674876847290642
11 0.37666666666666665 0.49507389162561577 0.15222222222222223 0.19827586206896552
9 0.09555555555555556 0.7487684729064039 0.1661111111111111 0.30295566502463056
3 0.21055555555555555 0.7364532019704434 0.16555555555555557 0.29064039408866993
8 0.3388888888888889 0.7327586206896551 0.18888888888888888 0.29679802955665024
5 0.4633333333333333 0.7118226600985221 0.18055555555555555 0.32142857142857145
10 0.5916666666666667 0.5431034482758621 0.06277777777777778 0.16502463054187191
18 0.745 0.6330049261083743 0.075 0.14532019704433496
6 0.6333333333333333 0.5726600985221675 0.059444444444444446 0.10837438423645321
8 0.6927777777777778 0.6022167487684729 0.059444444444444446 0.10837438423645321
3 0.7933333333333333 0.666256157635468 0.06388888888888888 0.1206896551724138
1 0.85 0.7044334975369458 0.06444444444444444 0.1330049261083744
3 0.9122222222222223 0.7401477832512315 0.06888888888888889 0.13669950738916256
0 0.9666666666666667 0.7721674876847291 0.049444444444444444 0.1206896551724138