6 0.175 0.034722222222222224 0.14791666666666667 0.06944444444444445
18 0.08333333333333333 0.27662037037037035 0.16666666666666666 0.36342592592592593
17 0.2760457385480541 0.26393270778484174 0.19774767447164338 0.35371022332297347
10 0.5921875 0.15625 0.14583333333333334 0.1574074074074074
5 0.7223958333333333 0.1261574074074074 0.08854166666666667 0.15625
16 0.834375 0.09259259259259259 0.11197916666666667 0.15856481481481483
1 0.6098958333333333 0.30671296296296297 0.11354166666666667 0.1736111111111111
3 0.728125 0.28125 0.10677083333333333 0.18171296296296297
0 0.8322916666666667 0.24537037037037038 0.10104166666666667 0.16319444444444445
10 0.14739583333333334 0.6412037037037037 0.09479166666666666 0.18518518518518517
11 0.22916666666666666 0.6516203703703703 0.05677083333333333 0.16782407407407407
17 0.28854166666666664 0.6504629629629629 0.078125 0.1701388888888889
0 0.09947916666666666 0.8206018518518519 0.08697916666666666 0.1875
7 0.1796875 0.8229166666666666 0.0734375 0.18287037037037038
7 0.25364583333333335 0.8252314814814815 0.0671875 0.1863425925925926
4 0.32864583333333336 0.8425925925925926 0.071875 0.19675925925925927
10 0.5266295098871486 0.7564940403776608 0.1049060158718089 0.2931888306823493
1 0.616715495835656 0.7402236648003916 0.05176889539303608 0.28306067518249933
9 0.6672363291689893 0.7349946745120448 0.05907268253847562 0.28844500444137483
11 0.7416791343993375 0.7133970679815725 0.07575752992330156 0.29711447660980994
4 0.8177056504675382 0.6997395919538278 0.05489995563242248 0.28569893269556235
2 0.8645745902281519 0.6925731366652892 0.048649955632422484 0.28505204729906586
3 0.9098958333333333 0.6898148148148148 0.04895833333333333 0.2824074074074074
9 0.9583333333333334 0.6875 0.05625 0.2777777777777778