0 0.1309931506849315 0.3229166666666667 0.1934931506849315 0.3333333333333333
10 0.2731164383561644 0.24479166666666666 0.13184931506849315 0.4895833333333333
3 0.7371575342465754 0.07552083333333333 0.07876712328767123 0.1484375
0 0.8184931506849316 0.041666666666666664 0.07106164383561644 0.08333333333333333
1 0.8664383561643836 0.026041666666666668 0.0761986301369863 0.049479166666666664
0 0.4349315068493151 0.4088541666666667 0.11301369863013698 0.15104166666666666
2 0.5128424657534246 0.3776041666666667 0.12157534246575342 0.203125
4 0.5907534246575342 0.3515625 0.11301369863013698 0.2421875
11 0.6763698630136986 0.3046875 0.1429794520547945 0.2786458333333333
3 0.7756849315068494 0.234375 0.11986301369863013 0.2604166666666667
6 0.8587328767123288 0.1796875 0.12071917808219178 0.265625
5 0.934931506849315 0.125 0.1232876712328767 0.24739583333333334
3 0.9726027397260274 0.09635416666666667 0.052226027397260275 0.19270833333333334
10 0.08133561643835617 0.65625 0.0916095890410959 0.1875
18 0.2440068493150685 0.5598958333333334 0.07277397260273973 0.13802083333333334
6 0.13613013698630136 0.609375 0.059931506849315065 0.15625
0 0.1815068493150685 0.5755208333333334 0.052226027397260275 0.13802083333333334
2 0.05565068493150685 0.859375 0.10017123287671233 0.2421875
3 0.1284246575342466 0.8072916666666666 0.09503424657534247 0.2421875
9 0.21404109589041095 0.7473958333333334 0.10787671232876712 0.2421875
7 0.2902397260273973 0.6901041666666666 0.09075342465753425 0.2578125
10 0.5830479452054794 0.6536458333333334 0.1506849315068493 0.1796875
2 0.6926369863013698 0.5833333333333334 0.11472602739726027 0.171875
14 0.7868150684931506 0.5494791666666666 0.1421232876712329 0.1171875
3 0.5496575342465754 0.8619791666666666 0.1678082191780822 0.24479166666666666
7 0.6772260273972602 0.7916666666666666 0.18664383561643835 0.265625
4 0.8065068493150684 0.7135416666666666 0.18236301369863014 0.2526041666666667
9 0.9186643835616438 0.6302083333333334 0.15753424657534246 0.2604166666666667