9 0.032570422535211266 0.3592233009708738 0.06514084507042253 0.2815533980582524
3 0.11971830985915492 0.32038834951456313 0.13732394366197184 0.3592233009708738
5 0.23320418030140755 0.27041957926735005 0.13912671250929481 0.43159035034266313
1 0.3529929577464789 0.20388349514563106 0.13204225352112675 0.4077669902912621
10 0.4278169014084507 0.16262135922330098 0.04225352112676056 0.32524271844660196
10 0.46919014084507044 0.22572815533980584 0.040492957746478875 0.45145631067961167
1 0.516725352112676 0.18932038834951456 0.10387323943661972 0.3786407766990291
5 0.5827464788732394 0.1796116504854369 0.1056338028169014 0.3592233009708738
11 0.6654929577464789 0.16019417475728157 0.1267605633802817 0.32038834951456313
8 0.7623239436619719 0.13106796116504854 0.1056338028169014 0.2621359223300971
7 0.8336267605633803 0.11165048543689321 0.10035211267605634 0.22330097087378642
1 0.903169014084507 0.09951456310679611 0.09859154929577464 0.19902912621359223
3 0.960387323943662 0.07766990291262135 0.07922535211267606 0.1553398058252427
10 0.0994718309859155 0.6723300970873787 0.10651408450704225 0.15776699029126215
1 0.18838028169014084 0.6432038834951457 0.0625 0.12864077669902912
0 0.23591549295774647 0.6237864077669902 0.06514084507042253 0.12864077669902912
11 0.29313380281690143 0.5995145631067961 0.08274647887323944 0.14563106796116504
3 0.06602112676056338 0.9004854368932039 0.12059859154929578 0.19902912621359223
8 0.1742957746478873 0.866504854368932 0.12411971830985916 0.2087378640776699
7 0.2860915492957746 0.8300970873786407 0.13380281690140844 0.21844660194174756
1 0.3899647887323944 0.7961165048543689 0.11795774647887323 0.21359223300970873
10 0.49383802816901406 0.866504854368932 0.08714788732394366 0.2669902912621359
1 0.5563380281690141 0.8446601941747572 0.06690140845070422 0.2621359223300971
7 0.6117957746478874 0.8155339805825242 0.07746478873239436 0.27427184466019416
11 0.6751760563380281 0.7936893203883495 0.0897887323943662 0.28640776699029125
1 0.7464788732394366 0.7621359223300971 0.08098591549295775 0.279126213592233
0 0.8045774647887324 0.7257281553398058 0.07306338028169014 0.2524271844660194
9 0.8714788732394366 0.7014563106796117 0.09154929577464789 0.2815533980582524
3 0.9375 0.6650485436893204 0.07746478873239436 0.2524271844660194