10 0.061567164179104475 0.0872093023255814 0.12313432835820895 0.1744186046511628
18 0.35113122843406747 0.20322063260722356 0.12730397247662664 0.19274642670481207
6 0.17365551805588406 0.14029154502352525 0.12383323195044567 0.20417130595195307
3 0.2548981113331365 0.1736156326466738 0.11263920209969928 0.2035622227631435
5 0.0914179104477612 0.3372093023255814 0.1828358208955224 0.27906976744186046
7 0.23507462686567165 0.37790697674418605 0.16417910447761194 0.2441860465116279
2 0.373134328358209 0.4069767441860465 0.16417910447761194 0.18604651162790697
18 0.7066038547052366 0.18590794920159023 0.16179817167976931 0.2352713506898454
4 0.5652985074626866 0.18313953488372092 0.033582089552238806 0.19186046511627908
1 0.609523778642752 0.19409364691545905 0.11610994262588038 0.1921373435160025
1 0.6343283582089553 0.3808139534883721 0.17164179104477612 0.23837209302325582
8 0.7649253731343284 0.38953488372093026 0.19402985074626866 0.22093023255813954
9 0.39925373134328357 0.5406976744186046 0.17164179104477612 0.08139534883720931
11 0.4906716417910448 0.5813953488372093 0.11567164179104478 0.16279069767441862
2 0.07276119402985075 0.6715116279069767 0.1455223880597015 0.3430232558139535
5 0.20335820895522388 0.7093023255813954 0.26492537313432835 0.4186046511627907
3 0.39257871832143787 0.7853911670277854 0.2664534816975021 0.41517170404029413
5 0.4962686567164179 0.8284883720930233 0.1044776119402985 0.3430232558139535
10 0.6156716417910447 0.5988372093023255 0.13432835820895522 0.19767441860465115
5 0.7169331716038129 0.6834901407271096 0.13528786455859304 0.2164082961175068
11 0.83405588255118 0.7787374394263193 0.16565981634205196 0.2412883319078206
1 0.6958955223880597 0.813953488372093 0.2947761194029851 0.37209302325581395