10 0.13019169329073482 0.0784313725490196 0.07667731629392971 0.13970588235294118
18 0.3011182108626198 0.18382352941176472 0.07268370607028754 0.14460784313725492
6 0.19808306709265175 0.12990196078431374 0.07268370607028754 0.14950980392156862
3 0.24600638977635783 0.1568627450980392 0.0670926517571885 0.15441176470588236
4 0.07747603833865814 0.22794117647058823 0.10463258785942492 0.20833333333333334
5 0.16134185303514376 0.27941176470588236 0.10862619808306709 0.20833333333333334
7 0.24680511182108625 0.3235294117647059 0.09824281150159744 0.19852941176470587
2 0.3250798722044728 0.35049019607843135 0.09424920127795527 0.14950980392156862
3 0.4712460063897764 0.12745098039215685 0.14376996805111822 0.2549019607843137
16 0.5982428115015974 0.21323529411764705 0.2220447284345048 0.4264705882352941
4 0.7324281150159745 0.21568627450980393 0.15175718849840256 0.4215686274509804
7 0.8298722044728435 0.2696078431372549 0.15814696485623003 0.3137254901960784
6 0.9217252396166135 0.3382352941176471 0.15335463258785942 0.17647058823529413
10 0.13738019169329074 0.5686274509803921 0.12220447284345048 0.22303921568627452
2 0.23162939297124602 0.6102941176470589 0.10543130990415335 0.22058823529411764
16 0.3194888178913738 0.6397058823529411 0.12060702875399361 0.22303921568627452
5 0.0926517571884984 0.75 0.12380191693290735 0.24754901960784315
7 0.1781150159744409 0.8014705882352942 0.11980830670926518 0.24754901960784315
4 0.26038338658146964 0.8259803921568627 0.11501597444089456 0.23774509803921567
1 0.33865814696485624 0.8627450980392157 0.1182108626198083 0.2426470588235294
10 0.4353035143769968 0.6985294117647058 0.07188498402555911 0.5049019607843137
9 0.5199680511182109 0.7794117647058824 0.16773162939297126 0.4411764705882353
3 0.6437699680511182 0.8406862745098039 0.14696485623003194 0.31862745098039214
5 0.7492012779552716 0.8799019607843137 0.1501597444089457 0.24019607843137256
1 0.8618210862619808 0.9215686274509803 0.14536741214057508 0.1568627450980392