5 0.10842293906810035 0.34507042253521125 0.12724014336917563 0.22535211267605634
9 0.23163082437275986 0.30985915492957744 0.1496415770609319 0.29577464788732394
3 0.36693548387096775 0.2852112676056338 0.11379928315412187 0.34507042253521125
3 0.48879928315412186 0.2517605633802817 0.11021505376344086 0.4119718309859155
6 0.5931899641577061 0.22887323943661972 0.0931899641577061 0.45774647887323944
10 0.6702508960573477 0.25 0.06093189964157706 0.30633802816901406
3 0.7275985663082437 0.2323943661971831 0.04390681003584229 0.2869718309859155
16 0.7777777777777778 0.2147887323943662 0.06630824372759857 0.29225352112676056
3 0.8355734767025089 0.1936619718309859 0.044802867383512544 0.28169014084507044
9 0.8741039426523297 0.17781690140845072 0.044802867383512544 0.2869718309859155
9 0.9112903225806451 0.1637323943661972 0.04390681003584229 0.29225352112676056
6 0.9489247311827957 0.14788732394366197 0.044802867383512544 0.2869718309859155
10 0.06003584229390681 0.7323943661971831 0.1124551971326165 0.2306338028169014
1 0.15143369175627241 0.7253521126760564 0.06720430107526881 0.2147887323943662
9 0.20878136200716846 0.7147887323943662 0.07168458781362007 0.22007042253521128
11 0.3095878136200717 0.6971830985915493 0.09767025089605735 0.21830985915492956
8 0.3982974910394265 0.6795774647887324 0.0667562724014337 0.19718309859154928
1 0.45654121863799285 0.6778169014084507 0.06451612903225806 0.19190140845070422
6 0.5112007168458781 0.6742957746478874 0.06496415770609319 0.20246478873239437
0 0.567652329749104 0.6566901408450704 0.06630824372759857 0.18661971830985916
3 0.8077956989247311 0.5897887323943662 0.02956989247311828 0.09859154929577464
0 0.8405017921146953 0.5669014084507042 0.0246415770609319 0.08274647887323944
3 0.857078853046595 0.545774647887324 0.023297491039426525 0.09859154929577464
0 0.6621863799283154 0.8732394366197183 0.04435483870967742 0.17077464788732394
0 0.696236559139785 0.846830985915493 0.04973118279569892 0.17077464788732394
1 0.735663082437276 0.8151408450704225 0.05779569892473118 0.1619718309859155
11 0.7836021505376344 0.7764084507042254 0.06899641577060932 0.17253521126760563
0 0.8422939068100358 0.7376760563380281 0.04704301075268817 0.1602112676056338
1 0.8772401433691757 0.7059859154929577 0.047491039426523295 0.16549295774647887
6 0.9077060931899642 0.6866197183098591 0.039874551971326166 0.13908450704225353
5 0.9408602150537635 0.6566901408450704 0.043010752688172046 0.1602112676056338