5 0.07377049180327869 0.4092920353982301 0.14389799635701275 0.2610619469026549
9 0.19695283410381145 0.35694889011398284 0.1658134958652394 0.3406293208001439
3 0.3328339712606655 0.27764217543141856 0.13008733338189443 0.32997344869093553
3 0.4544882207531494 0.18892221290983646 0.12623730933206473 0.3229241057834333
6 0.5724043715846995 0.1515486725663717 0.13570127504553733 0.3030973451327434
10 0.7067395264116576 0.39601769911504425 0.07103825136612021 0.26216814159292035
9 0.7604735883424408 0.33849557522123896 0.0482695810564663 0.23119469026548672
11 0.8028233151183971 0.29867256637168144 0.060109289617486336 0.25995575221238937
1 0.848816029143898 0.25442477876106195 0.050546448087431695 0.23672566371681417
5 0.8857012750455373 0.2234513274336283 0.04963570127504554 0.25331858407079644
7 0.9266848816029144 0.17256637168141592 0.050546448087431695 0.2411504424778761
0 0.9658469945355191 0.13495575221238937 0.048724954462659384 0.23561946902654868
10 0.10382513661202186 0.9126106194690266 0.1534608378870674 0.14933628318584072
6 0.22632058287795992 0.8617256637168141 0.11703096539162113 0.13938053097345132
11 0.31010928961748635 0.7986725663716814 0.12431693989071038 0.13274336283185842
7 0.4294171220400729 0.7311946902654868 0.09562841530054644 0.11946902654867257
7 0.5 0.6825221238938053 0.08333333333333333 0.11061946902654868
2 0.5528233151183971 0.6360619469026548 0.06739526411657559 0.10619469026548672
6 0.6015482695810564 0.5984513274336283 0.06830601092896176 0.1172566371681416
10 0.8479052823315119 0.870575221238938 0.12750455373406194 0.2588495575221239
2 0.9311046959427121 0.8579218691706522 0.08192752662564225 0.2407504676568924
13 0.9744990892531876 0.8296460176991151 0.051001821493624776 0.28761061946902655