0 0.029296875 0.15508021390374332 0.05859375 0.17647058823529413
5 0.10026922483702039 0.12963528560777618 0.10360801542127551 0.1620456544930278
4 0.19268469713829717 0.10303826031307438 0.10946739042127551 0.16213899182031993
8 0.279296875 0.08422459893048129 0.09765625 0.16310160427807488
10 0.0712890625 0.3462566844919786 0.142578125 0.22727272727272727
4 0.2100604885333312 0.3171753469468127 0.16312224736084946 0.23517154113493308
17 0.2978515625 0.27406417112299464 0.060546875 0.22192513368983957
10 0.40625 0.2179144385026738 0.111328125 0.1711229946524064
8 0.50390625 0.2072192513368984 0.0888671875 0.16310160427807488
11 0.580078125 0.196524064171123 0.1044921875 0.17914438502673796
7 0.67578125 0.18315508021390375 0.09765625 0.16443850267379678
0 0.75 0.17245989304812834 0.0859375 0.1711229946524064
6 0.830078125 0.16443850267379678 0.0927734375 0.1751336898395722
0 0.9033203125 0.14304812834224598 0.09765625 0.16711229946524064
10 0.16571817623602592 0.6985326899655007 0.2304489793004234 0.3084218775465609
6 0.296875 0.6283422459893048 0.0625 0.26737967914438504
9 0.1318359375 0.9184491978609626 0.255859375 0.16310160427807488
8 0.2880859375 0.8689839572192514 0.080078125 0.2620320855614973
10 0.4150390625 0.8288770053475936 0.1357421875 0.3422459893048128
8 0.5166015625 0.803475935828877 0.0986328125 0.3622994652406417
11 0.611328125 0.7633689839572193 0.1171875 0.39438502673796794
1 0.7021484375 0.7045454545454546 0.0966796875 0.36764705882352944
1 0.783203125 0.6764705882352942 0.0947265625 0.36764705882352944
1 0.8564453125 0.6403743315508021 0.0859375 0.32085561497326204
0 0.9326171875 0.6149732620320856 0.08984375 0.26336898395721925