0 0.2526665934075591 0.20934685582547127 0.20547328005213888 0.31527710099098566
5 0.4112605214796363 0.24263428026865758 0.13601872793767453 0.2887278935589101
4 0.5341136616728643 0.26094931611268257 0.14371103562998222 0.28905726042243207
5 0.11923076923076924 0.455188679245283 0.2076923076923077 0.22169811320754718
10 0.29615384615384616 0.47641509433962265 0.19743589743589743 0.1792452830188679
4 0.4858974358974359 0.49292452830188677 0.2128205128205128 0.14622641509433962
10 0.7 0.10141509433962265 0.11794871794871795 0.2028301886792453
1 0.7833686893116812 0.11308395452421323 0.07349562171095461 0.18231937374507348
0 0.8345612274402545 0.12032213769821735 0.06841217315948843 0.18681677696813423
11 0.8972698488189199 0.12942476114297619 0.09418746853073116 0.20206560990943406
4 0.6653846153846154 0.3018867924528302 0.09487179487179487 0.25471698113207547
5 0.777486111223902 0.32787127946540817 0.1665194192464711 0.26174347422054534
9 0.9205128205128205 0.3443396226415094 0.15897435897435896 0.2641509433962264
10 0.10651274725371292 0.791625469118134 0.13601872793767453 0.2887278935589101
5 0.19987870795976137 0.8112030779389935 0.08698748318255266 0.2536230354987423
11 0.2741034125885187 0.822170141654507 0.11010916283621468 0.2593281172213838
1 0.36238592474310105 0.8372503472523054 0.0792056623367668 0.24385970637106932
4 0.421226013987243 0.848876144694863 0.07925041891350589 0.2485766875031448
8 0.4788288085260726 0.8558398554825988 0.07664155977266424 0.24374991741656193
1 0.5363420899114243 0.8722375285344854 0.08181452147760859 0.2486864764576522
10 0.6820512820512821 0.6367924528301887 0.1282051282051282 0.14150943396226415
1 0.782051282051282 0.6509433962264151 0.1076923076923077 0.16981132075471697
6 0.8666666666666667 0.6650943396226415 0.1076923076923077 0.19811320754716982
11 0.9576923076923077 0.6768867924528302 0.08461538461538462 0.22169811320754718
8 0.6410256410256411 0.839622641509434 0.046153846153846156 0.32075471698113206
2 0.7192307692307692 0.8655660377358491 0.1717948717948718 0.2688679245283019
9 0.8641025641025641 0.8820754716981132 0.17435897435897435 0.2358490566037736
2 0.958974358974359 0.8985849056603774 0.08205128205128205 0.2028301886792453