5 0.08695652173913043 0.14473684210526316 0.17391304347826086 0.2894736842105263
17 0.266304347826087 0.14035087719298245 0.17608695652173914 0.2807017543859649
1 0.4282608695652174 0.13157894736842105 0.14347826086956522 0.2631578947368421
10 0.5782608695652174 0.12719298245614036 0.12608695652173912 0.2543859649122807
1 0.6923913043478261 0.11842105263157894 0.08478260869565217 0.23684210526315788
6 0.7641304347826087 0.11403508771929824 0.08043478260869565 0.22807017543859648
11 0.8521739130434782 0.10964912280701754 0.11304347826086956 0.21929824561403508
7 0.8076086956521739 0.26973684210526316 0.17173913043478262 0.07456140350877193
10 0.10434782608695652 0.7368421052631579 0.08152173913043478 0.22587719298245615
4 0.18369565217391304 0.6776315789473685 0.058695652173913045 0.2149122807017544
11 0.24891304347826088 0.625 0.07065217391304347 0.2149122807017544
2 0.3108695652173913 0.6008771929824561 0.058695652173913045 0.20833333333333334
4 0.3576086956521739 0.5592105263157895 0.058695652173913045 0.20833333333333334
1 0.40652173913043477 0.5372807017543859 0.05326086956521739 0.21271929824561403
0 0.45217391304347826 0.5 0.058695652173913045 0.20833333333333334
0 0.7641492182604521 0.5016197211676674 0.18231423676982844 0.23798136054891597
6 0.9354765254946676 0.4765363732396479 0.1169321161852538 0.2282339643781602
7 0.6712500771492592 0.8150225725847363 0.15869821945149157 0.30162626172973644
10 0.8352157826516411 0.7971436723386266 0.16087213249496984 0.3018049761050189
18 0.9630434782608696 0.7828947368421053 0.07391304347826087 0.31140350877192985