0 0.05235042735042735 0.2827102803738318 0.1047008547008547 0.3598130841121495
10 0.19768137324290116 0.22657178636524442 0.1748413843753461 0.35809770274170283
9 0.3408119658119658 0.17523364485981308 0.11752136752136752 0.35046728971962615
5 0.1346153846153846 0.5116822429906542 0.20512820512820512 0.2102803738317757
17 0.3055555555555556 0.4883177570093458 0.18803418803418803 0.2570093457943925
10 0.46047008547008544 0.48364485981308414 0.12072649572649573 0.26635514018691586
4 0.5576923076923077 0.45794392523364486 0.09294871794871795 0.31542056074766356
11 0.6474358974358975 0.4252336448598131 0.1111111111111111 0.38317757009345793
1 0.7361111111111112 0.3691588785046729 0.08440170940170941 0.3644859813084112
2 0.8034188034188035 0.3317757009345794 0.08867521367521368 0.3808411214953271
9 0.8771367521367521 0.27102803738317754 0.09294871794871795 0.3901869158878505
6 0.9519230769230769 0.2523364485981308 0.09508547008547008 0.3294392523364486
5 0.08653846153846154 0.8154205607476636 0.17307692307692307 0.3691588785046729
4 0.2670940170940171 0.8084112149532711 0.26495726495726496 0.38317757009345793
10 0.46794871794871795 0.9112149532710281 0.1282051282051282 0.1542056074766355
1 0.5459401709401709 0.8948598130841121 0.08653846153846154 0.1378504672897196
0 0.6068376068376068 0.8785046728971962 0.09722222222222222 0.1378504672897196
11 0.6805555555555556 0.8574766355140186 0.10363247863247864 0.14953271028037382
6 0.7446581196581197 0.8341121495327103 0.08974358974358974 0.13551401869158877
7 0.8012820512820513 0.8107476635514018 0.08333333333333333 0.1261682242990654
9 0.8653846153846154 0.7897196261682243 0.09294871794871795 0.14719626168224298
8 0.9305555555555556 0.7710280373831776 0.08653846153846154 0.13551401869158877