0 0.03275109170305677 0.08152173913043478 0.06550218340611354 0.16304347826086957
7 0.13646288209606988 0.10054347826086957 0.09388646288209607 0.20108695652173914
7 0.20851528384279475 0.11684782608695653 0.0982532751091703 0.23369565217391305
8 0.314410480349345 0.1358695652173913 0.1091703056768559 0.2717391304347826
7 0.07641921397379912 0.3695652173913043 0.15283842794759825 0.391304347826087
5 0.2074235807860262 0.391304347826087 0.17467248908296942 0.34782608695652173
1 0.33406113537117904 0.41847826086956524 0.14847161572052403 0.29347826086956524
10 0.5720524017467249 0.11956521739130435 0.11026200873362445 0.19293478260869565
18 0.8307860262008734 0.2391304347826087 0.1037117903930131 0.1983695652173913
6 0.6735807860262009 0.1793478260869565 0.1037117903930131 0.20380434782608695
3 0.7456331877729258 0.21467391304347827 0.09388646288209607 0.21195652173913043
4 0.4814410480349345 0.32608695652173914 0.1462882096069869 0.2826086956521739
5 0.6091703056768559 0.391304347826087 0.15502183406113537 0.28532608695652173
7 0.7379912663755459 0.4320652173913043 0.13537117903930132 0.2554347826086957
2 0.8569868995633187 0.46195652173913043 0.13537117903930132 0.1875
11 0.04912663755458515 0.7690217391304348 0.0982532751091703 0.4076086956521739
7 0.1222707423580786 0.8016304347826086 0.13537117903930132 0.3967391304347826
5 0.21397379912663755 0.8315217391304348 0.13537117903930132 0.33695652173913043
2 0.3034934497816594 0.8641304347826086 0.13537117903930132 0.2717391304347826
3 0.3646288209606987 0.8994565217391305 0.08733624454148471 0.20108695652173914
10 0.45524017467248906 0.6983695652173914 0.09388646288209607 0.266304347826087
4 0.5578602620087336 0.7391304347826086 0.16375545851528384 0.34782608695652173
16 0.7336244541484717 0.7880434782608695 0.22707423580786026 0.42391304347826086
7 0.898471615720524 0.845108695652174 0.17685589519650655 0.30978260869565216
3 0.972707423580786 0.8831521739130435 0.05458515283842795 0.23369565217391305