0 0.05747126436781609 0.16176470588235295 0.11494252873563218 0.22268907563025211
7 0.21120689655172414 0.08823529411764706 0.11206896551724138 0.17647058823529413
7 0.30028735632183906 0.06722689075630252 0.11781609195402298 0.13445378151260504
8 0.4367816091954023 0.031512605042016806 0.13218390804597702 0.06302521008403361
10 0.05028735632183908 0.45588235294117646 0.10057471264367816 0.31512605042016806
7 0.19001582066979542 0.36850946013459035 0.22313949236564504 0.31691805011646534
5 0.37669830678218363 0.2686914046647839 0.20890544212630924 0.3240978113040706
1 0.5244252873563219 0.1722689075630252 0.14655172413793102 0.31092436974789917
10 0.6666666666666666 0.19327731092436976 0.13793103448275862 0.2773109243697479
1 0.7652002487514685 0.17341550864376856 0.10432015651698616 0.2438593187455858
6 0.8530111342281609 0.1554473460058085 0.11307461202477662 0.2529968401842831
11 0.9425287356321839 0.13445378151260504 0.11494252873563218 0.2689075630252101
9 0.6264367816091954 0.4474789915966387 0.05747126436781609 0.2647058823529412
6 0.718317915139144 0.4144812670977591 0.1649993987347384 0.2700068427660465
7 0.8709177388822474 0.38260354240906536 0.17669430038722878 0.28359076490839913
4 0.9698275862068966 0.35294117647058826 0.0603448275862069 0.2773109243697479
10 0.1861103773194124 0.7301174776500495 0.13225319358518528 0.1958863509922238
1 0.27729885057471265 0.7037815126050421 0.08333333333333333 0.15546218487394958
0 0.3333333333333333 0.6932773109243697 0.07471264367816093 0.13445378151260504
11 0.40229885057471265 0.6848739495798319 0.10344827586206896 0.11764705882352941
4 0.14080459770114942 0.9096638655462185 0.1896551724137931 0.18067226890756302
5 0.30603448275862066 0.8802521008403361 0.1867816091954023 0.23949579831932774
9 0.4745344233665388 0.8188461326312749 0.19039328721609208 0.24279755834264247
10 0.7614942528735632 0.7142857142857143 0.21264367816091953 0.17647058823529413
5 0.9181034482758621 0.6932773109243697 0.16379310344827586 0.13445378151260504
8 0.6752873563218391 0.9096638655462185 0.15517241379310345 0.18067226890756302
9 0.8405172413793104 0.8865546218487395 0.23850574712643677 0.226890756302521
2 0.9669540229885057 0.8550420168067226 0.06609195402298851 0.28991596638655465