5 0.07001582278481013 0.3898809523809524 0.14003164556962025 0.5178571428571429
5 0.17286392405063292 0.28422619047619047 0.1463607594936709 0.5684523809523809
6 0.26305379746835444 0.20386904761904762 0.11313291139240507 0.40773809523809523
0 0.48299050632911394 0.37797619047619047 0.14121835443037975 0.2425595238095238
4 0.5882120253164557 0.26785714285714285 0.0992879746835443 0.18898809523809523
7 0.6459651898734177 0.21279761904761904 0.10680379746835443 0.20238095238095238
8 0.7353639240506329 0.11904761904761904 0.11550632911392406 0.19196428571428573
10 0.49960443037974683 0.5625 0.17049050632911392 0.17113095238095238
5 0.6186708860759493 0.49702380952380953 0.1863132911392405 0.30357142857142855
17 0.7424841772151899 0.3958333333333333 0.19106012658227847 0.35267857142857145
6 0.8500791139240507 0.26785714285714285 0.189873417721519 0.36607142857142855
10 0.09572784810126582 0.8125 0.08227848101265822 0.1324404761904762
5 0.15427215189873417 0.7738095238095238 0.06131329113924051 0.11755952380952381
11 0.20490506329113925 0.7380952380952381 0.07080696202531646 0.125
4 0.07634493670886076 0.9389880952380952 0.10284810126582279 0.12202380952380952
4 0.14992088607594936 0.9151785714285714 0.09414556962025317 0.16964285714285715
9 0.21360759493670886 0.8675595238095238 0.08227848101265822 0.14732142857142858
3 0.2737341772151899 0.8214285714285714 0.09177215189873418 0.15476190476190477
10 0.4173259493670886 0.9672619047619048 0.12579113924050633 0.06547619047619048
1 0.5019778481012658 0.9479166666666666 0.11471518987341772 0.10416666666666667
2 0.5660601265822784 0.9285714285714286 0.11194620253164557 0.14136904761904762
11 0.6542721518987342 0.8824404761904762 0.1348892405063291 0.15773809523809523
6 0.757120253164557 0.8169642857142857 0.12697784810126583 0.13839285714285715
8 0.8318829113924051 0.7752976190476191 0.11590189873417721 0.13690476190476192
9 0.9046677215189873 0.7336309523809523 0.1194620253164557 0.13392857142857142
1 0.9553006329113924 0.7127976190476191 0.06210443037974683 0.08630952380952381