5 0.017140468227424748 0.3018867924528302 0.034280936454849496 0.5345911949685535
5 0.09197324414715718 0.2531446540880503 0.12876254180602006 0.5062893081761006
6 0.22784280936454848 0.2169811320754717 0.15301003344481606 0.4339622641509434
17 0.36914715719063546 0.1761006289308176 0.15301003344481606 0.3522012578616352
10 0.5380434782608695 0.1871069182389937 0.0338628762541806 0.14150943396226415
18 0.7286789297658863 0.2578616352201258 0.05100334448160535 0.15566037735849056
3 0.5877926421404682 0.21069182389937108 0.04598662207357859 0.12421383647798742
3 0.6601170568561873 0.23270440251572327 0.04431438127090301 0.11477987421383648
5 0.8545150501672241 0.3018867924528302 0.053929765886287624 0.13364779874213836
0 0.9009197324414716 0.3270440251572327 0.050585284280936456 0.12421383647798742
8 0.9506688963210702 0.3490566037735849 0.050585284280936456 0.1289308176100629
10 0.02508361204013378 0.8490566037735849 0.05016722408026756 0.3018867924528302
1 0.08403010033444816 0.8317610062893082 0.07107023411371237 0.33647798742138363
5 0.14088628762541805 0.8191823899371069 0.06939799331103678 0.36163522012578614
11 0.20819397993311037 0.8018867924528302 0.09364548494983277 0.39622641509433965
4 0.2856470202950894 0.7832046573631689 0.06844934706193848 0.41606644613086885
5 0.3415551839464883 0.7672955974842768 0.0677257525083612 0.39622641509433965
2 0.3967391304347826 0.7547169811320755 0.06605351170568562 0.3710691823899371
9 0.45108695652173914 0.7374213836477987 0.07107023411371237 0.33647798742138363
18 0.6433946488294314 0.7421383647798742 0.05727424749163879 0.13050314465408805
6 0.5355351170568562 0.6871069182389937 0.028010033444816052 0.09276729559748427
0 0.5739966555183946 0.7138364779874213 0.049749163879598664 0.09433962264150944
2 0.7006688963210702 0.7720125786163522 0.056438127090301 0.10849056603773585
3 0.7654682274247492 0.800314465408805 0.056438127090301 0.10377358490566038
9 0.8733277591973244 0.8522012578616353 0.06605351170568562 0.11477987421383648
7 0.9431438127090301 0.8773584905660378 0.07274247491638795 0.12578616352201258