17 0.06280788177339902 0.1446280991735537 0.12561576354679804 0.2892561983471074
3 0.1896551724137931 0.10537190082644628 0.19704433497536947 0.21074380165289255
4 0.3645320197044335 0.0640495867768595 0.2019704433497537 0.128099173553719
1 0.5295566502463054 0.03925619834710744 0.2019704433497537 0.07851239669421488
10 0.7857142857142857 0.17148760330578514 0.04926108374384237 0.21487603305785125
1 0.8177339901477833 0.1756198347107438 0.034482758620689655 0.19834710743801653
3 0.8411330049261084 0.18801652892561985 0.03571428571428571 0.2024793388429752
11 0.8694581280788177 0.19008264462809918 0.03940886699507389 0.19834710743801653
6 0.896551724137931 0.19421487603305784 0.0332512315270936 0.19834710743801653
1 0.9199507389162561 0.20041322314049587 0.03078817733990148 0.2024793388429752
5 0.9433497536945813 0.2024793388429752 0.0332512315270936 0.2066115702479339
0 0.9692118226600985 0.2066115702479339 0.034482758620689655 0.2066115702479339
10 0.10344827586206896 0.6466942148760331 0.13793103448275862 0.3140495867768595
2 0.24014778325123154 0.6632231404958677 0.09359605911330049 0.27479338842975204
0 0.3017241379310345 0.6714876033057852 0.0874384236453202 0.28512396694214875
11 0.41133004926108374 0.6900826446280992 0.1145320197044335 0.2975206611570248
4 0.5086206896551724 0.6983471074380165 0.08866995073891626 0.27892561983471076
9 0.5714285714285714 0.7128099173553719 0.08374384236453201 0.27892561983471076
9 0.6305418719211823 0.7128099173553719 0.07881773399014778 0.2644628099173554
0 0.6896551724137931 0.71900826446281 0.07758620689655173 0.26859504132231404
11 0.8189655172413793 0.7789256198347108 0.14039408866995073 0.44214876033057854