1 0.5464876033057852 0.04090909090909091 0.18801652892561985 0.08181818181818182
3 0.868801652892562 0.029545454545454545 0.07231404958677685 0.05909090909090909
18 0.9183884297520661 0.056818181818181816 0.07644628099173553 0.11363636363636363
5 0.9648760330578512 0.08181818181818182 0.06611570247933884 0.16363636363636364
2 0.9855371900826446 0.12045454545454545 0.028925619834710745 0.17727272727272728
10 0.17665289256198347 0.4113636363636364 0.12706611570247933 0.32272727272727275
1 0.256198347107438 0.4909090909090909 0.08574380165289257 0.35909090909090907
1 0.3068181818181818 0.5545454545454546 0.07747933884297521 0.3431818181818182
11 0.3646694214876033 0.65 0.10433884297520661 0.3931818181818182
6 0.43491735537190085 0.7818181818181819 0.08367768595041322 0.3704545454545455
9 0.484504132231405 0.8181818181818182 0.08367768595041322 0.3431818181818182
2 0.5289256198347108 0.8568181818181818 0.07541322314049587 0.26590909090909093
3 0.5712809917355371 0.8954545454545455 0.07334710743801653 0.18863636363636363
10 0.7861570247933884 0.3886363636363636 0.0506198347107438 0.275
7 0.8171487603305785 0.44545454545454544 0.040289256198347105 0.2840909090909091
3 0.8419421487603306 0.5681818181818182 0.03512396694214876 0.2636363636363636
18 0.8667355371900827 0.65 0.0371900826446281 0.2636363636363636
5 0.890495867768595 0.725 0.03202479338842975 0.25227272727272726
2 0.9090909090909091 0.7909090909090909 0.030991735537190084 0.25681818181818183
1 0.9328512396694215 0.8772727272727273 0.03512396694214876 0.2318181818181818
9 0.9535123966942148 0.9068181818181819 0.03202479338842975 0.17272727272727273