0 0.09615384615384616 0.2702312138728324 0.07076923076923076 0.17341040462427745
1 0.14923076923076922 0.2023121387283237 0.05076923076923077 0.16040462427745664
7 0.1853846153846154 0.14739884393063585 0.06230769230769231 0.17630057803468208
8 0.23615384615384616 0.08092485549132948 0.07230769230769231 0.16184971098265896
4 0.11 0.45375722543352603 0.0876923076923077 0.22832369942196531
5 0.16615384615384615 0.3815028901734104 0.08307692307692308 0.2384393063583815
6 0.2230769230769231 0.3092485549132948 0.08307692307692308 0.24132947976878613
1 0.2823076923076923 0.2138728323699422 0.08307692307692308 0.23121387283236994
5 0.5946153846153847 0.4046242774566474 0.15307692307692308 0.17630057803468208
4 0.7138461538461538 0.3670520231213873 0.14461538461538462 0.17341040462427745
3 0.8446153846153847 0.3222543352601156 0.13846153846153847 0.16618497109826588
3 0.6792307692307692 0.2239884393063584 0.08384615384615385 0.11705202312138728
10 0.583076923076923 0.25578034682080925 0.12230769230769231 0.13872832369942195
11 0.7638461538461538 0.1936416184971098 0.09692307692307692 0.12572254335260116
0 0.1753846153846154 0.680635838150289 0.15692307692307692 0.22254335260115607
6 0.28692307692307695 0.6401734104046243 0.10615384615384615 0.1416184971098266
4 0.14 0.8945086705202312 0.16923076923076924 0.21098265895953758
4 0.26076923076923075 0.8627167630057804 0.1676923076923077 0.2745664739884393
10 0.3330769230769231 0.8280346820809249 0.07230769230769231 0.3439306358381503
9 0.44 0.6575144508670521 0.14153846153846153 0.17630057803468208
1 0.5507692307692308 0.6011560693641619 0.14153846153846153 0.06358381502890173
2 0.4846153846153846 0.8338150289017341 0.23076923076923078 0.33236994219653176
9 0.6584615384615384 0.7803468208092486 0.26153846153846155 0.42196531791907516
9 0.8292307692307692 0.6994219653179191 0.2553846153846154 0.26011560693641617