0 0.10105623432828516 0.2376274385564629 0.11126228033819009 0.17950751113939262
1 0.18953738933067837 0.18059960746868406 0.07963936929671162 0.17183581335313036
7 0.2514240946097873 0.13511850970716816 0.09745701112025336 0.18265650965414026
8 0.3362369337979094 0.08159722222222222 0.11498257839721254 0.16319444444444445
4 0.10278745644599303 0.4392361111111111 0.13588850174216027 0.23958333333333334
5 0.19675500350837996 0.38059581043565355 0.12783982280872433 0.24927517929131168
6 0.2914657324984114 0.32023716749767256 0.12971399609949855 0.25278780447696825
1 0.39313210704223756 0.23745049048726732 0.12931795706341323 0.2423711378103016
10 0.5601045296167247 0.20833333333333334 0.16202090592334495 0.3819444444444444
8 0.686411149825784 0.13020833333333334 0.16376306620209058 0.2604166666666667
0 0.804006968641115 0.109375 0.16550522648083624 0.21875
18 0.9224738675958188 0.06597222222222222 0.15505226480836237 0.13194444444444445
9 0.5801393728222997 0.4444444444444444 0.20209059233449478 0.22916666666666666
7 0.7630662020905923 0.3819444444444444 0.28222996515679444 0.3541666666666667
2 0.9250871080139372 0.3229166666666667 0.14982578397212543 0.4722222222222222
8 0.06445993031358885 0.8663194444444444 0.1289198606271777 0.2673611111111111
11 0.17073170731707318 0.8298611111111112 0.17073170731707318 0.3402777777777778
9 0.3196313428048494 0.7562673245985788 0.147215629654232 0.34686102818444275
3 0.4076655052264808 0.7152777777777778 0.13588850174216027 0.3125
4 0.45121951219512196 0.7118055555555556 0.05574912891986063 0.3055555555555556
10 0.5836236933797909 0.7777777777777778 0.1132404181184669 0.1284722222222222
3 0.6559233449477352 0.7222222222222222 0.09407665505226481 0.1267361111111111
1 0.7029616724738676 0.6753472222222222 0.08536585365853659 0.11805555555555555
18 0.7700348432055749 0.6128472222222222 0.11585365853658537 0.10069444444444445
1 0.5958188153310104 0.9184027777777778 0.12717770034843207 0.1527777777777778
4 0.6733449477351916 0.8611111111111112 0.14111498257839722 0.1753472222222222
5 0.7639372822299652 0.7934027777777778 0.14982578397212543 0.203125
2 0.8484320557491289 0.7135416666666666 0.15505226480836237 0.1875