0 0.17884990253411306 0.08271375464684015 0.11744639376218323 0.120817843866171
6 0.2651072124756335 0.11802973977695168 0.0769980506822612 0.10594795539033457
9 0.3362573099415205 0.14869888475836432 0.09990253411306042 0.1171003717472119
4 0.09649122807017543 0.17565055762081785 0.12475633528265107 0.16171003717472118
4 0.18859649122807018 0.21654275092936803 0.12231968810916179 0.16171003717472118
10 0.2821637426900585 0.25092936802973975 0.12378167641325535 0.15520446096654275
11 0.3708576998050682 0.2704460966542751 0.11598440545808966 0.1171003717472119
10 0.5224171539961013 0.07713754646840149 0.10282651072124756 0.1524163568773234
2 0.5955165692007798 0.11988847583643122 0.0813840155945419 0.15892193308550187
1 0.6427875243664717 0.14776951672862454 0.08187134502923976 0.16821561338289961
11 0.7066276803118908 0.19237918215613384 0.10331384015594541 0.16728624535315986
2 0.7772904483430799 0.23513011152416358 0.08576998050682261 0.1654275092936803
8 0.8333333333333334 0.25092936802973975 0.09259259259259259 0.15613382899628253
6 0.8927875243664717 0.2760223048327137 0.08869395711500974 0.1050185873605948
8 0.9517543859649122 0.29275092936802977 0.09649122807017543 0.0724907063197026
10 0.13693957115009747 0.49070631970260226 0.08576998050682261 0.22769516728624536
18 0.33771929824561403 0.6319702602230484 0.08089668615984405 0.22676579925650558
6 0.2168615984405458 0.5613382899628253 0.07894736842105263 0.24070631970260223
3 0.2733918128654971 0.5994423791821561 0.07163742690058479 0.24721189591078066
4 0.08333333333333333 0.7379182156133829 0.11500974658869395 0.3252788104089219
5 0.1827485380116959 0.8076208178438662 0.11988304093567251 0.3336431226765799
7 0.28167641325536064 0.8531598513011153 0.10526315789473684 0.2936802973977695
2 0.37475633528265107 0.8912639405204461 0.10428849902534112 0.2174721189591078
10 0.6203703703703703 0.4423791821561338 0.22514619883040934 0.22676579925650558
1 0.7865497076023392 0.4739776951672863 0.16569200779727095 0.2899628252788104
1 0.8913255360623782 0.49814126394052044 0.15107212475633527 0.3382899628252788
11 0.9571150097465887 0.5529739776951673 0.08576998050682261 0.362453531598513
7 0.5667641325536062 0.6960966542750929 0.21539961013645223 0.48141263940520446
4 0.7714424951267057 0.7992565055762082 0.3031189083820663 0.40148698884758366
3 0.9376218323586745 0.8652416356877324 0.12475633528265107 0.2695167286245353