0 0.06741573033707865 0.10613207547169812 0.1348314606741573 0.21226415094339623
6 0.19241573033707865 0.03537735849056604 0.21067415730337077 0.07075471698113207
4 0.1404494382022472 0.375 0.2808988764044944 0.5518867924528302
10 0.34691011235955055 0.27358490566037735 0.3342696629213483 0.5471698113207547
11 0.47331460674157305 0.21462264150943397 0.13202247191011235 0.42924528301886794
10 0.6502808988764045 0.24056603773584906 0.1348314606741573 0.2688679245283019
1 0.7317415730337079 0.13443396226415094 0.09129213483146068 0.23349056603773585
2 0.7752808988764045 0.08018867924528301 0.08567415730337079 0.16037735849056603
11 0.8384831460674157 0.04245283018867924 0.09831460674157304 0.08254716981132075
1 0.6446629213483146 0.535377358490566 0.14747191011235955 0.30424528301886794
6 0.7415730337078652 0.38443396226415094 0.1348314606741573 0.28537735849056606
4 0.8258426966292135 0.25 0.1404494382022472 0.3018867924528302
4 0.9157303370786517 0.12735849056603774 0.1306179775280899 0.25471698113207547
10 0.06882022471910113 0.7240566037735849 0.13202247191011235 0.07075471698113207
10 0.5674157303370787 0.8278301886792453 0.056179775280898875 0.24056603773584906
8 0.6053370786516854 0.8018867924528302 0.1151685393258427 0.22641509433962265
11 0.6643258426966292 0.7900943396226415 0.12640449438202248 0.2028301886792453
6 0.7317415730337079 0.7806603773584906 0.10955056179775281 0.18396226415094338
3 0.7837078651685393 0.7617924528301887 0.10674157303370786 0.14622641509433962
8 0.8370786516853933 0.7594339622641509 0.12359550561797752 0.14150943396226415
2 0.8946629213483146 0.7429245283018868 0.1151685393258427 0.10849056603773585