0 0.12249443207126949 0.06219512195121951 0.11358574610244988 0.12317073170731707
4 0.21380846325167038 0.08414634146341464 0.0779510022271715 0.16829268292682928
11 0.26169265033407574 0.11463414634146342 0.0779510022271715 0.1719512195121951
8 0.3429844097995546 0.18170731707317073 0.08908685968819599 0.18292682926829268
17 0.05846325167037862 0.16585365853658537 0.11692650334075724 0.2329268292682927
1 0.14643652561247217 0.2329268292682927 0.11748329621380846 0.2329268292682927
18 0.22884187082405344 0.3024390243902439 0.12026726057906459 0.23658536585365852
4 0.32238307349665923 0.3463414634146341 0.12861915367483295 0.20853658536585365
10 0.5434298440979956 0.05731707317073171 0.11024498886414254 0.11463414634146342
8 0.6124721603563474 0.09390243902439024 0.08685968819599109 0.1878048780487805
11 0.6770601336302895 0.1524390243902439 0.10244988864142539 0.3048780487804878
1 0.7405345211581291 0.18414634146341463 0.08685968819599109 0.36829268292682926
1 0.7934298440979956 0.2475609756097561 0.08463251670378619 0.3231707317073171
1 0.8463251670378619 0.2731707317073171 0.0779510022271715 0.24146341463414633
0 0.9003340757238307 0.3 0.07850779510022271 0.15853658536585366
3 0.043429844097995544 0.6353658536585366 0.08685968819599109 0.2951219512195122
11 0.11636971046770601 0.6890243902439024 0.23273942093541203 0.4024390243902439
6 0.23273942093541203 0.7439024390243902 0.21158129175946547 0.5121951219512195
7 0.3351893095768374 0.774390243902439 0.19376391982182628 0.45121951219512196
5 0.3969933184855234 0.8182926829268292 0.14587973273942093 0.36341463414634145
10 0.6347438752783965 0.5792682926829268 0.16703786191536749 0.18292682926829268
5 0.7355233853006682 0.6048780487804878 0.11971046770601336 0.2146341463414634
11 0.8195991091314031 0.6548780487804878 0.13864142538975502 0.23414634146341465
3 0.5473273942093542 0.725609756097561 0.15478841870824053 0.32439024390243903
2 0.6636971046770601 0.8060975609756098 0.17817371937639198 0.29634146341463413
4 0.8056792873051225 0.8560975609756097 0.20879732739420936 0.22926829268292684