0 0.12536443148688048 0.15728476821192053 0.09839650145772595 0.1456953642384106
4 0.22886297376093295 0.14735099337748345 0.0597667638483965 0.12417218543046357
11 0.282798833819242 0.13741721854304637 0.0597667638483965 0.1291390728476821
8 0.37755102040816324 0.13245033112582782 0.07142857142857142 0.13245033112582782
17 0.09839650145772595 0.326158940397351 0.09839650145772595 0.1605960264900662
1 0.2018950437317784 0.3162251655629139 0.09548104956268222 0.16390728476821192
18 0.2988338192419825 0.31456953642384106 0.09839650145772595 0.1672185430463576
4 0.4045189504373178 0.2996688741721854 0.10787172011661808 0.17549668874172186
0 0.684402332361516 0.15562913907284767 0.07507288629737609 0.12251655629139073
3 0.7521865889212828 0.15066225165562913 0.048104956268221574 0.11258278145695365
18 0.7973760932944607 0.15397350993377484 0.05102040816326531 0.10927152317880795
9 0.8491253644314869 0.14735099337748345 0.061224489795918366 0.11258278145695365
4 0.6209912536443148 0.32450331125827814 0.09839650145772595 0.16390728476821192
1 0.7135568513119533 0.3211920529801324 0.09693877551020408 0.1605960264900662
5 0.8061224489795918 0.3162251655629139 0.09548104956268222 0.1605960264900662
1 0.9037900874635568 0.3129139072847682 0.09693877551020408 0.1605960264900662
1 0.048833819241982504 0.6556291390728477 0.09766763848396501 0.26490066225165565
8 0.15064359963546198 0.6429661489752428 0.11272096929233906 0.2531197187603729
11 0.28669925106867183 0.6097079798119173 0.15670719472861033 0.28681023165550085
5 0.05903790087463557 0.8923841059602649 0.11807580174927114 0.2152317880794702
1 0.21355685131195334 0.8824503311258278 0.20845481049562684 0.23509933774834438
3 0.4045189504373178 0.8609271523178808 0.17055393586005832 0.2781456953642384
10 0.5677842565597667 0.8576158940397351 0.08600583090379009 0.22350993377483444
9 0.6793002915451894 0.8062913907284768 0.05466472303206997 0.20198675496688742
11 0.7325072886297376 0.7814569536423841 0.07142857142857142 0.22682119205298013
1 0.8163265306122449 0.7400662251655629 0.05466472303206997 0.20695364238410596
5 0.8607871720116618 0.7268211920529801 0.04956268221574344 0.23178807947019867
7 0.9074344023323615 0.695364238410596 0.0575801749271137 0.21688741721854304
2 0.9526239067055393 0.6754966887417219 0.048104956268221574 0.19701986754966888