0 0.21473366857005446 0.14367454949416214 0.16231087977393593 0.2716181401467903
4 0.36776061776061775 0.08955223880597014 0.1138996138996139 0.1791044776119403
7 0.45077220077220076 0.07835820895522388 0.11776061776061776 0.15671641791044777
5 0.3638996138996139 0.2667910447761194 0.21042471042471042 0.08582089552238806
10 0.668918918918919 0.09888059701492537 0.11293436293436293 0.11007462686567164
8 0.7741312741312741 0.1044776119402985 0.08783783783783784 0.10634328358208955
11 0.859073359073359 0.1044776119402985 0.08687258687258688 0.10261194029850747
4 0.6158301158301158 0.22014925373134328 0.09942084942084942 0.13992537313432835
8 0.7191119691119691 0.22574626865671643 0.10424710424710425 0.13805970149253732
5 0.8166023166023166 0.22574626865671643 0.09362934362934362 0.13619402985074627
9 0.9121621621621622 0.2294776119402985 0.10135135135135136 0.13805970149253732
10 0.30640485089781594 0.5393746356312982 0.1393697344745923 0.27751721016954795
1 0.4671814671814672 0.5410447761194029 0.08494208494208494 0.26865671641791045
5 0.20463320463320464 0.835820895522388 0.2084942084942085 0.3283582089552239
4 0.40057915057915056 0.8283582089552238 0.21814671814671815 0.34328358208955223
10 0.637065637065637 0.5541044776119403 0.10810810810810811 0.24067164179104478
3 0.7335907335907336 0.539179104477612 0.07528957528957529 0.2332089552238806
16 0.8301158301158301 0.5242537313432836 0.111003861003861 0.25
8 0.6013513513513513 0.8339552238805971 0.12644787644787644 0.2798507462686567
5 0.7094594594594594 0.8190298507462687 0.11969111969111969 0.26492537313432835
2 0.8166023166023166 0.8022388059701493 0.11776061776061776 0.2873134328358209
9 0.9198841698841699 0.7854477611940298 0.12837837837837837 0.27052238805970147