10 0.22413793103448276 0.14492753623188406 0.19540229885057472 0.2898550724637681
5 0.4042145593869732 0.14492753623188406 0.21455938697318008 0.2898550724637681
17 0.5890804597701149 0.14492753623188406 0.22030651340996169 0.2898550724637681
6 0.6886973180076629 0.14130434782608695 0.08237547892720307 0.2826086956521739
8 0.9243295019157088 0.10144927536231885 0.15134099616858238 0.2028985507246377
10 0.14846743295019157 0.7989130434782609 0.15900383141762453 0.213768115942029
1 0.2681992337164751 0.7445652173913043 0.09674329501915709 0.16666666666666666
1 0.3381226053639847 0.7010869565217391 0.08524904214559387 0.15579710144927536
11 0.4128352490421456 0.6557971014492754 0.11973180076628352 0.18478260869565216
9 0.5114942528735632 0.605072463768116 0.09099616858237548 0.15579710144927536
9 0.5737547892720306 0.5742753623188406 0.07471264367816093 0.161231884057971
1 0.6245210727969349 0.5344202898550725 0.06896551724137931 0.1503623188405797
7 0.6791187739463601 0.5108695652173914 0.07950191570881227 0.14492753623188406
0 0.8314176245210728 0.5797101449275363 0.04693486590038314 0.18478260869565216
1 0.8687739463601533 0.5760869565217391 0.029693486590038315 0.17028985507246377
2 0.8994252873563219 0.5833333333333334 0.04597701149425287 0.18840579710144928
3 0.7988505747126436 0.7862318840579711 0.06130268199233716 0.22644927536231885
4 0.8467432950191571 0.782608695652174 0.05459770114942529 0.2210144927536232
5 0.8946360153256705 0.7880434782608695 0.05459770114942529 0.23550724637681159
6 0.9434865900383141 0.7844202898550725 0.05459770114942529 0.22644927536231885