10 0.03876404494382023 0.14849624060150377 0.07528089887640449 0.1325187969924812
18 0.17696629213483145 0.23026315789473684 0.05898876404494382 0.11466165413533834
6 0.08595505617977528 0.17575187969924813 0.046067415730337076 0.08458646616541353
8 0.13426966292134832 0.20394736842105263 0.046067415730337076 0.08458646616541353
3 0.21741573033707864 0.2593984962406015 0.04943820224719101 0.09398496240601503
1 0.26348314606741574 0.29229323308270677 0.05 0.10432330827067669
3 0.31348314606741573 0.3242481203007519 0.05337078651685393 0.10714285714285714
0 0.3651685393258427 0.3533834586466165 0.04943820224719101 0.09398496240601503
10 0.6331460674157303 0.16353383458646617 0.1151685393258427 0.16165413533834586
5 0.7191011235955056 0.14285714285714285 0.09213483146067415 0.16165413533834586
11 0.8028089887640449 0.1193609022556391 0.10898876404494381 0.16729323308270677
8 0.5612359550561797 0.35526315789473684 0.1348314606741573 0.20112781954887218
9 0.6747191011235955 0.32612781954887216 0.1297752808988764 0.19454887218045114
2 0.7848314606741573 0.29229323308270677 0.12022471910112359 0.18984962406015038
7 0.8949438202247191 0.2575187969924812 0.12640449438202248 0.18796992481203006
7 0.025842696629213482 0.7349624060150376 0.051685393258426963 0.24436090225563908
18 0.1258426966292135 0.6550751879699248 0.15280898876404495 0.212406015037594
9 0.09269662921348315 0.8909774436090225 0.1853932584269663 0.21804511278195488
5 0.2410112359550562 0.8289473684210527 0.2258426966292135 0.34210526315789475
10 0.4926966292134832 0.7556390977443609 0.10674157303370786 0.18890977443609022
6 0.5758426966292135 0.7453007518796992 0.08033707865168539 0.16917293233082706
11 0.6494382022471911 0.7415413533834586 0.0898876404494382 0.18233082706766918
1 0.7134831460674157 0.7396616541353384 0.06797752808988763 0.17763157894736842
4 0.7786516853932585 0.7340225563909775 0.08595505617977528 0.19172932330827067
0 0.8449438202247191 0.7359022556390977 0.06910112359550562 0.17481203007518797
5 0.9157303370786517 0.7236842105263158 0.09325842696629214 0.17763157894736842