10 0.09929078014184398 0.0985576923076923 0.11347517730496454 0.16826923076923078
18 0.2703900709219858 0.3293269230769231 0.08865248226950355 0.14903846153846154
6 0.15780141843971632 0.1778846153846154 0.06914893617021277 0.11057692307692307
8 0.21719858156028368 0.25721153846153844 0.06914893617021277 0.11057692307692307
3 0.3173758865248227 0.40384615384615385 0.07446808510638298 0.12259615384615384
1 0.374113475177305 0.4879807692307692 0.07535460992907801 0.1346153846153846
3 0.43617021276595747 0.5745192307692307 0.08067375886524823 0.13942307692307693
0 0.499113475177305 0.6514423076923077 0.07446808510638298 0.11057692307692307
0 0.6560283687943262 0.1201923076923077 0.10638297872340426 0.2403846153846154
3 0.7665457008728173 0.19893055319043318 0.07081542386079219 0.22889868881003655
3 0.8184752784694354 0.23737992506761682 0.07828033249648601 0.23884974775096388
9 0.9048382194367319 0.29665451922189734 0.09694260408572081 0.26372739510328197
18 0.6125886524822695 0.4495192307692308 0.10815602836879433 0.4567307692307692
3 0.7056737588652482 0.5072115384615384 0.15602836879432624 0.39903846153846156
3 0.8280141843971631 0.5552884615384616 0.15602836879432624 0.30288461538461536
1 0.9343971631205674 0.5985576923076923 0.13120567375886524 0.21634615384615385
0 0.39588782436101455 0.7946404732686414 0.037974108884947747 0.11217137612325065
1 0.41949653483228583 0.810154491749732 0.036573769293691306 0.12170284215724955
0 0.024822695035460994 0.7644230769230769 0.04964539007092199 0.11538461538461539
2 0.07446808510638298 0.7908653846153846 0.08865248226950355 0.16826923076923078
5 0.13918439716312056 0.8076923076923077 0.08687943262411348 0.20192307692307693
11 0.2570255331628777 0.8648500636808655 0.11178192073183055 0.23563650848959922
1 0.3617021276595745 0.9086538461538461 0.08156028368794327 0.18269230769230768
9 0.424645390070922 0.9302884615384616 0.08333333333333333 0.13942307692307693
1 0.4875886524822695 0.9447115384615384 0.07801418439716312 0.11057692307692307
5 0.5345744680851063 0.9591346153846154 0.047872340425531915 0.08173076923076923
9 0.8865248226950354 0.7548076923076923 0.13120567375886524 0.09615384615384616
18 0.9574468085106383 0.8197115384615384 0.0851063829787234 0.22596153846153846