0 0.25125 0.3380952380952381 0.1775 0.2571428571428571
10 0.6175 0.08095238095238096 0.115 0.1619047619047619
1 0.69875 0.06190476190476191 0.0725 0.12380952380952381
0 0.74875 0.05238095238095238 0.0675 0.10476190476190476
11 0.8075 0.04523809523809524 0.09 0.09047619047619047
4 0.5888716019748336 0.29285714285714287 0.16552578358622239 0.24761904761904763
5 0.7320106264430002 0.24285714285714285 0.1630839717321112 0.2523809523809524
9 0.8750623686923337 0.18571428571428572 0.16564215987800013 0.2571428571428571
11 0.07436306580505565 0.7690476190476191 0.12250209027322229 0.20476190476190476
8 0.18148484285677788 0.7380952380952381 0.08476933768966674 0.18571428571428572
1 0.25261846656500014 0.7285714285714285 0.07965296139788905 0.1761904761904762
6 0.30875 0.7119047619047619 0.0625 0.18571428571428572
10 0.43125 0.9023809523809524 0.1175 0.15
1 0.52 0.8666666666666667 0.0825 0.14523809523809525
2 0.57875 0.8357142857142857 0.07875 0.15
11 0.66 0.8 0.095 0.16428571428571428
6 0.75875 0.7476190476190476 0.095 0.14047619047619048
8 0.82875 0.7142857142857143 0.0825 0.15
9 0.8975 0.6785714285714286 0.08625 0.15
1 0.96 0.6476190476190476 0.07 0.14047619047619048