0 0.11681167576038673 0.1599832442082947 0.11486352144775888 0.1778621880723108
6 0.2062158348605404 0.18702747382104906 0.07479693867913292 0.1449641093459692
18 0.27292180077392447 0.21300413054223263 0.08091840058137317 0.1484868906884833
8 0.3503205335587958 0.23585994032710164 0.09475106423371325 0.15855600585199714
1 0.055891238670694864 0.3142857142857143 0.11178247734138973 0.22285714285714286
11 0.15694353445670212 0.3521183899914362 0.12527278466197594 0.22743207437179633
11 0.2641975013703141 0.3911595350603042 0.12368304481411635 0.22440852189331054
11 0.37084592145015105 0.41 0.12537764350453173 0.19714285714285715
10 0.6865558912386707 0.16857142857142857 0.10498489425981873 0.15857142857142856
1 0.7643504531722054 0.18428571428571427 0.06873111782477341 0.1442857142857143
2 0.8111782477341389 0.18571428571428572 0.0649546827794562 0.12714285714285714
11 0.8693353474320241 0.18428571428571427 0.08534743202416918 0.15142857142857144
1 0.6253776435045317 0.32 0.1148036253776435 0.18
6 0.7205438066465257 0.3242857142857143 0.10498489425981873 0.16857142857142857
4 0.8051359516616314 0.3242857142857143 0.10574018126888217 0.17857142857142858
4 0.8957703927492447 0.3271428571428571 0.1027190332326284 0.18428571428571427
10 0.19410876132930513 0.6357142857142857 0.11329305135951662 0.1957142857142857
5 0.27870090634441086 0.6985714285714286 0.08157099697885196 0.17857142857142858
11 0.3542296072507553 0.7528571428571429 0.10196374622356495 0.18714285714285714
6 0.10649546827794562 0.75 0.11933534743202417 0.24285714285714285
6 0.19939577039274925 0.8142857142857143 0.11102719033232629 0.23857142857142857
7 0.2990936555891239 0.88 0.1351963746223565 0.24
8 0.40483383685800606 0.9142857142857143 0.12462235649546828 0.17142857142857143
10 0.790785498489426 0.5828571428571429 0.16767371601208458 0.14857142857142858
9 0.9365558912386707 0.6028571428571429 0.1268882175226586 0.18857142857142858
1 0.7145015105740181 0.7814285714285715 0.22054380664652568 0.43714285714285717
2 0.8851963746223565 0.8057142857142857 0.21148036253776434 0.38857142857142857