0 0.13242894056847546 0.15098039215686274 0.10335917312661498 0.14411764705882352
6 0.2099483204134367 0.1588235294117647 0.07428940568475452 0.12058823529411765
3 0.26421188630490955 0.16372549019607843 0.0755813953488372 0.11372549019607843
8 0.32041343669250644 0.1607843137254902 0.08850129198966408 0.12745098039215685
5 0.09496124031007752 0.27941176470588236 0.10917312661498708 0.17647058823529413
3 0.17506459948320413 0.28137254901960784 0.11046511627906977 0.16568627450980392
10 0.24806201550387597 0.2852941176470588 0.10271317829457365 0.1588235294117647
1 0.3313953488372093 0.296078431372549 0.11175710594315245 0.16568627450980392
10 0.6065891472868217 0.15196078431372548 0.11434108527131782 0.13137254901960785
3 0.6886304909560723 0.15294117647058825 0.09754521963824289 0.1284313725490196
1 0.7474160206718347 0.14313725490196078 0.08656330749354005 0.11764705882352941
18 0.8359173126614987 0.12549019607843137 0.1182170542635659 0.1264705882352941
1 0.5510335917312662 0.27941176470588236 0.13049095607235142 0.15588235294117647
4 0.6388888888888888 0.28137254901960784 0.14405684754521964 0.18137254901960784
5 0.7428940568475452 0.2833333333333333 0.15439276485788114 0.20588235294117646
2 0.8462532299741602 0.27058823529411763 0.15956072351421188 0.19411764705882353
4 0.043281653746770024 0.7490196078431373 0.08656330749354005 0.25882352941176473
11 0.12109903429190355 0.7876689829214637 0.16886209304877892 0.25926551589902247
4 0.05297157622739018 0.9274509803921569 0.10594315245478036 0.1450980392156863
0 0.14405684754521964 0.9588235294117647 0.2054263565891473 0.08235294117647059
10 0.520671834625323 0.807843137254902 0.12144702842377261 0.18725490196078431
1 0.6065891472868217 0.7931372549019607 0.09819121447028424 0.1411764705882353
1 0.6686046511627907 0.7754901960784314 0.08527131782945736 0.12745098039215685
11 0.7325581395348837 0.7558823529411764 0.11563307493540052 0.1588235294117647
9 0.8165374677002584 0.7392156862745098 0.08914728682170543 0.13137254901960785
9 0.8695090439276486 0.7303921568627451 0.08139534883720931 0.13137254901960785
1 0.917312661498708 0.7098039215686275 0.07299741602067183 0.12254901960784313
7 0.9547803617571059 0.7 0.06847545219638243 0.11764705882352941