0 0.04246794871794872 0.15092165898617513 0.049679487179487176 0.15092165898617513
6 0.08253205128205128 0.1313364055299539 0.03445512820512821 0.1336405529953917
3 0.11057692307692307 0.11866359447004608 0.035256410256410256 0.12327188940092165
8 0.14022435897435898 0.0956221198156682 0.041666666666666664 0.13709677419354838
5 0.030448717948717948 0.31451612903225806 0.05048076923076923 0.195852534562212
3 0.07211538461538461 0.2891705069124424 0.052083333333333336 0.1774193548387097
10 0.10977564102564102 0.2684331797235023 0.04807692307692308 0.1716589861751152
1 0.1530448717948718 0.2523041474654378 0.052884615384615384 0.17972350230414746
10 0.5164513886493382 0.23246037846697426 0.21948521275016747 0.2879169534819255
2 0.6549261145222885 0.28211066126717926 0.1416791928578022 0.24161755914388142
13 0.7909315861605544 0.3328325733587821 0.21775183248592703 0.2855591763889403
2 0.3501602564102564 0.4055299539170507 0.20673076923076922 0.2073732718894009
3 0.5064102564102564 0.42972350230414746 0.1987179487179487 0.15898617511520738
8 0.6706730769230769 0.4631336405529954 0.20993589743589744 0.09216589861751152
10 0.01842948717948718 0.6543778801843319 0.03685897435897436 0.2903225806451613
3 0.052884615384615384 0.6797235023041475 0.03365384615384615 0.32373271889400923
11 0.08573717948717949 0.7419354838709677 0.04246794871794872 0.35714285714285715
7 0.11778846153846154 0.7926267281105991 0.03125 0.3283410138248848
5 0.14182692307692307 0.8341013824884793 0.030448717948717948 0.3317972350230415
9 0.16666666666666666 0.8582949308755761 0.030448717948717948 0.2834101382488479
3 0.18990384615384615 0.8778801843317973 0.029647435897435896 0.24423963133640553
10 0.26121794871794873 0.7269585253456221 0.08333333333333333 0.23732718894009217
1 0.328525641025641 0.738479262672811 0.10096153846153846 0.21658986175115208
3 0.3958333333333333 0.7546082949308756 0.10657051282051282 0.23387096774193547
11 0.484775641025641 0.7741935483870968 0.12179487179487179 0.24078341013824886
3 0.5761217948717948 0.7972350230414746 0.11217948717948718 0.2350230414746544
1 0.6610576923076923 0.8133640552995391 0.11378205128205128 0.2465437788018433
5 0.7387820512820513 0.8352534562211982 0.1233974358974359 0.26497695852534564
8 0.8373397435897436 0.8605990783410138 0.1362179487179487 0.271889400921659