0 0.08842996349088657 0.10044049495953071 0.07749094462031618 0.12171496309078003
18 0.16426085769121646 0.12216222296869558 0.053712463820646095 0.10054119347078654
17 0.1966235072469553 0.13412837586468135 0.053788237331683884 0.10519235626148421
8 0.25181050189154636 0.14400571950878738 0.06960267110927838 0.11698262127946438
1 0.09448769618210302 0.2482028575031847 0.15062099817440555 0.21548235992706508
1 0.22353351664926455 0.2809444250989755 0.15460302168544335 0.2201741122280717
10 0.4427083333333333 0.14534883720930233 0.20572916666666666 0.29069767441860467
5 0.5663931778945703 0.23362333277936898 0.16683825261701735 0.33191025789897327
11 0.69140625 0.27906976744186046 0.1875 0.24186046511627907
4 0.427734375 0.32209302325581396 0.19661458333333334 0.1558139534883721
10 0.053385416666666664 0.5406976744186046 0.061848958333333336 0.2802325581395349
1 0.10091145833333333 0.6069767441860465 0.046875 0.3546511627906977
1 0.1328125 0.6837209302325581 0.052734375 0.36627906976744184
11 0.16796875 0.7627906976744186 0.05078125 0.36627906976744184
9 0.205078125 0.8337209302325581 0.053385416666666664 0.3325581395348837
1 0.23697916666666666 0.8674418604651163 0.049479166666666664 0.2651162790697674
6 0.2662760416666667 0.8965116279069767 0.05078125 0.2069767441860465
8 0.298828125 0.9290697674418604 0.05078125 0.14186046511627906
10 0.5891927083333334 0.5558139534883721 0.19661458333333334 0.30930232558139537
4 0.7135416666666666 0.6267441860465116 0.14388020833333334 0.28837209302325584
16 0.8294270833333334 0.7023255813953488 0.173828125 0.3023255813953488
5 0.4694010416666667 0.727906976744186 0.19075520833333334 0.34767441860465115
0 0.6002604166666666 0.8174418604651162 0.17057291666666666 0.32790697674418606
6 0.7265625 0.8651162790697674 0.1796875 0.26976744186046514
4 0.8561197916666666 0.9081395348837209 0.17838541666666666 0.18372093023255814