0 0.037366548042704624 0.45103092783505155 0.07473309608540925 0.10824742268041238
18 0.11120996441281139 0.3943298969072165 0.07295373665480427 0.22164948453608246
17 0.15141456589532587 0.34162381002535686 0.07355598451774334 0.2455148201163733
8 0.21336513499923135 0.22794604793018453 0.09511539397139822 0.26865380223375956
1 0.25355871886120995 0.38917525773195877 0.2117437722419929 0.23195876288659795
10 0.5613879003558719 0.30670103092783507 0.14501779359430605 0.16752577319587628
18 0.7927046263345195 0.13144329896907217 0.12455516014234876 0.16237113402061856
5 0.650355871886121 0.23711340206185566 0.10053380782918149 0.14175257731958762
7 0.7179715302491103 0.19072164948453607 0.10765124555160142 0.14690721649484537
1 0.5738434163701067 0.44329896907216493 0.15480427046263345 0.12371134020618557
6 0.6823843416370107 0.40463917525773196 0.148576512455516 0.19845360824742267
9 0.7838078291814946 0.32989690721649484 0.148576512455516 0.19845360824742267
2 0.8852313167259787 0.2422680412371134 0.148576512455516 0.19072164948453607
2 0.14412811387900357 0.9458762886597938 0.05871886120996441 0.10824742268041238
11 0.1903914590747331 0.8865979381443299 0.07829181494661921 0.2268041237113402
5 0.25533807829181493 0.8479381443298969 0.06227758007117438 0.30412371134020616
1 0.297153024911032 0.7835051546391752 0.06138790035587188 0.3170103092783505
4 0.3371886120996441 0.7164948453608248 0.06227758007117438 0.30670103092783507
1 0.3798932384341637 0.6804123711340206 0.06316725978647687 0.2190721649484536
14 0.5177935943060499 0.8144329896907216 0.17793594306049823 0.3711340206185567
5 0.6263345195729537 0.7474226804123711 0.15658362989323843 0.4845360824742268
8 0.7330960854092526 0.6804123711340206 0.15302491103202848 0.35051546391752575
1 0.8256227758007118 0.615979381443299 0.14590747330960854 0.22164948453608246