6 0.03268551236749117 0.4260869565217391 0.06537102473498234 0.4
1 0.1470698769099926 0.4013037915478148 0.12961720828067036 0.3990418068801247
6 0.27300575543962874 0.3875044863143584 0.1306427191081244 0.37300544189520757
10 0.4452296819787986 0.3630434782608696 0.0706713780918728 0.30869565217391304
1 0.5362190812720848 0.4 0.07950530035335689 0.30869565217391304
8 0.6060070671378092 0.4108695652173913 0.0812720848056537 0.31521739130434784
11 0.6969964664310954 0.42391304347826086 0.10247349823321555 0.33043478260869563
9 0.7853356890459364 0.4391304347826087 0.08392226148409894 0.31521739130434784
8 0.8515901060070671 0.4673913043478261 0.07685512367491167 0.3
9 0.916077738515901 0.4782608695652174 0.07950530035335689 0.30869565217391304
10 0.0892226148409894 0.8065217391304348 0.09717314487632508 0.0891304347826087
9 0.18109540636042404 0.8 0.0636042402826855 0.09565217391304348
11 0.25 0.8021739130434783 0.07773851590106007 0.1
2 0.03445229681978799 0.9304347826086956 0.06890459363957598 0.13043478260869565
5 0.11395759717314488 0.9260869565217391 0.10424028268551237 0.12608695652173912
3 0.20759717314487633 0.9260869565217391 0.10424028268551237 0.12173913043478261
5 0.30565371024734983 0.9304347826086956 0.10954063604240283 0.13260869565217392
0 0.48674911660777387 0.9456521739130435 0.1431095406360424 0.10869565217391304
4 0.6342756183745583 0.9260869565217391 0.0989399293286219 0.14782608695652175
7 0.7128975265017667 0.908695652173913 0.10424028268551237 0.1826086956521739
8 0.8436395759717314 0.8717391304347826 0.11484098939929328 0.2565217391304348