9 0.035130718954248366 0.14210526315789473 0.07026143790849673 0.28421052631578947
1 0.13398692810457516 0.07368421052631578 0.12745098039215685 0.14736842105263157
10 0.49019607843137253 0.12105263157894737 0.16830065359477125 0.1394736842105263
8 0.6200980392156863 0.0868421052631579 0.11519607843137254 0.12105263157894737
11 0.7246732026143791 0.060526315789473685 0.14787581699346405 0.12105263157894737
8 0.38235294117647056 0.24210526315789474 0.19281045751633988 0.09473684210526316
4 0.5408496732026143 0.21578947368421053 0.18872549019607843 0.1368421052631579
2 0.7026143790849673 0.18157894736842106 0.1854575163398693 0.15789473684210525
8 0.8570261437908496 0.1394736842105263 0.1854575163398693 0.15526315789473685
10 0.04656862745098039 0.8473684210526315 0.06699346405228758 0.3
5 0.08660130718954248 0.8078947368421052 0.0457516339869281 0.3684210526315789
11 0.12009803921568628 0.7631578947368421 0.056372549019607844 0.42105263157894735
1 0.16094771241830066 0.6631578947368421 0.0457516339869281 0.3894736842105263
4 0.18790849673202614 0.6078947368421053 0.041666666666666664 0.3894736842105263
8 0.21241830065359477 0.5473684210526316 0.04411764705882353 0.4052631578947368
1 0.23937908496732027 0.48947368421052634 0.04411764705882353 0.3894736842105263
10 0.4215686274509804 0.7789473684210526 0.1503267973856209 0.29736842105263156
1 0.4950980392156863 0.7210526315789474 0.10375816993464053 0.28157894736842104
6 0.545751633986928 0.6710526315789473 0.10375816993464053 0.26052631578947366
11 0.6029411764705882 0.6157894736842106 0.12663398692810457 0.28421052631578947
3 0.6879084967320261 0.5394736842105263 0.10866013071895425 0.26842105263157895
6 0.7401960784313726 0.4842105263157895 0.11274509803921569 0.26842105263157895
4 0.7998366013071896 0.42894736842105263 0.11274509803921569 0.27631578947368424
6 0.8553921568627451 0.4026315789473684 0.11764705882352941 0.22631578947368422