0 0.13422131147540983 0.19172297297297297 0.09836065573770492 0.15118243243243243
1 0.2192622950819672 0.14864864864864866 0.06608606557377049 0.14020270270270271
7 0.2761270491803279 0.11739864864864864 0.0855532786885246 0.14273648648648649
8 0.3555327868852459 0.06841216216216216 0.0932377049180328 0.13682432432432431
4 0.13831967213114754 0.3716216216216216 0.11577868852459017 0.20016891891891891
5 0.22899590163934427 0.32263513513513514 0.10655737704918032 0.20016891891891891
6 0.31864754098360654 0.2795608108108108 0.1096311475409836 0.21452702702702703
1 0.4108606557377049 0.21283783783783783 0.10655737704918032 0.19425675675675674
10 0.7694672131147541 0.03969594594594594 0.1762295081967213 0.07939189189189189
9 0.7043258715342448 0.21114864864864866 0.1872629919337099 0.25675675675675674
1 0.8574838588504596 0.13597972972972974 0.17608787761788264 0.2702702702702703
5 0.9533811475409836 0.09375 0.0932377049180328 0.1875
3 0.22848360655737704 0.6385135135135135 0.027151639344262294 0.13513513513513514
0 0.26229508196721313 0.6097972972972973 0.025614754098360656 0.125
1 0.2838114754098361 0.5912162162162162 0.02817622950819672 0.125
0 0.3155737704918033 0.5709459459459459 0.02459016393442623 0.125
2 0.336577868852459 0.5599662162162162 0.025614754098360656 0.125
3 0.35706967213114754 0.5422297297297297 0.02459016393442623 0.125
11 0.38524590163934425 0.5295608108108109 0.03790983606557377 0.09881756756756757
7 0.09272540983606557 0.8673986486486487 0.11116803278688525 0.2652027027027027
0 0.21311475409836064 0.8201013513513513 0.09528688524590163 0.29138513513513514
7 0.32889344262295084 0.7271959459459459 0.10655737704918032 0.3015202702702703
3 0.4462090163934426 0.6334459459459459 0.09682377049180328 0.28125
10 0.6434426229508197 0.5836148648648649 0.21721311475409835 0.20777027027027026
1 0.8145491803278688 0.5464527027027027 0.1557377049180328 0.13344594594594594
1 0.9226434426229508 0.5253378378378378 0.1403688524590164 0.09121621621621621
7 0.6331967213114754 0.8496621621621622 0.26639344262295084 0.30067567567567566
4 0.8627049180327869 0.8065878378378378 0.27459016393442626 0.3733108108108108