4 0.10661764705882353 0.1402439024390244 0.19362745098039216 0.2804878048780488
5 0.24877450980392157 0.1676829268292683 0.17892156862745098 0.3353658536585366
6 0.3762254901960784 0.1676829268292683 0.1642156862745098 0.3353658536585366
10 0.5514705882352942 0.057926829268292686 0.18627450980392157 0.11585365853658537
3 0.7083333333333334 0.10975609756097561 0.1715686274509804 0.21951219512195122
11 0.8627450980392157 0.1676829268292683 0.2107843137254902 0.3353658536585366
7 0.9644607843137255 0.18597560975609756 0.07107843137254902 0.29878048780487804
10 0.07598039215686274 0.47865853658536583 0.08700980392156862 0.27134146341463417
1 0.12745098039215685 0.524390243902439 0.058823529411764705 0.3018292682926829
2 0.16666666666666666 0.5884146341463414 0.0661764705882353 0.3170731707317073
11 0.2181372549019608 0.6646341463414634 0.08700980392156862 0.35060975609756095
8 0.28308823529411764 0.7713414634146342 0.07230392156862746 0.32621951219512196
9 0.33455882352941174 0.8475609756097561 0.0784313725490196 0.3018292682926829
4 0.38480392156862747 0.8902439024390244 0.0784313725490196 0.21951219512195122
3 0.4252450980392157 0.9329268292682927 0.04534313725490196 0.13414634146341464
10 0.5808823529411765 0.4451219512195122 0.13970588235294118 0.21036585365853658
6 0.6519607843137255 0.524390243902439 0.1090686274509804 0.23780487804878048
11 0.7144607843137255 0.5914634146341463 0.12990196078431374 0.2530487804878049
5 0.7794117647058824 0.6829268292682927 0.12990196078431374 0.2652439024390244
2 0.8431372549019608 0.7621951219512195 0.11274509803921569 0.23780487804878048
6 0.9031862745098039 0.850609756097561 0.12622549019607843 0.27134146341463417
7 0.9424019607843137 0.8963414634146342 0.07107843137254902 0.20426829268292682