0 0.16449511400651465 0.20319148936170212 0.06188925081433225 0.15425531914893617
3 0.2182410423452769 0.2170212765957447 0.03908794788273615 0.1425531914893617
18 0.254071661237785 0.23085106382978723 0.041530944625407164 0.13936170212765958
9 0.2947882736156352 0.2393617021276596 0.0496742671009772 0.14361702127659576
4 0.11156351791530944 0.40106382978723404 0.08061889250814332 0.2074468085106383
1 0.18485342019543974 0.42127659574468085 0.07899022801302931 0.20425531914893616
5 0.25814332247557004 0.44148936170212766 0.07736156351791532 0.2074468085106383
1 0.3346905537459283 0.4648936170212766 0.07899022801302931 0.20425531914893616
4 0.511400651465798 0.06808510638297872 0.10749185667752444 0.13617021276595745
7 0.5895765472312704 0.05638297872340425 0.12052117263843648 0.1127659574468085
8 0.7296416938110749 0.031914893617021274 0.1465798045602606 0.06382978723404255
3 0.512214983713355 0.3127659574468085 0.18729641693811075 0.2170212765957447
1 0.6766949611672811 0.2567743827308097 0.19091845988833359 0.20674803420850685
3 0.8486010155993238 0.20388604028349 0.19743311786878961 0.2069956684913878
10 0.061074918566775244 0.8351063829787234 0.10260586319218241 0.2297872340425532
7 0.13925081433224756 0.8489361702127659 0.06596091205211727 0.22021276595744682
11 0.20521172638436483 0.8648936170212767 0.08306188925081433 0.22127659574468084
3 0.28094462540716614 0.8765957446808511 0.06596091205211727 0.2127659574468085
4 0.3338762214983713 0.8851063829787233 0.061074918566775244 0.20851063829787234
3 0.38436482084690554 0.8914893617021277 0.06188925081433225 0.2170212765957447
10 0.504885993485342 0.824468085106383 0.10749185667752444 0.1925531914893617
1 0.5903908794788274 0.8404255319148937 0.06677524429967427 0.1776595744680851
6 0.6465798045602605 0.847872340425532 0.06677524429967427 0.17446808510638298
11 0.7109120521172638 0.8606382978723405 0.09039087947882736 0.1829787234042553
5 0.7923452768729642 0.8712765957446809 0.06840390879478828 0.16914893617021276
7 0.8485342019543974 0.8808510638297873 0.06514657980456026 0.17446808510638298
1 0.9014657980456026 0.8914893617021277 0.06270358306188925 0.18085106382978725
5 0.9560260586319218 0.9042553191489362 0.06596091205211727 0.18723404255319148