0 0.1737012987012987 0.16482300884955753 0.05925324675324675 0.1338495575221239
3 0.22646103896103897 0.1836283185840708 0.03814935064935065 0.11946902654867257
18 0.26136363636363635 0.19911504424778761 0.040584415584415584 0.11946902654867257
9 0.3003246753246753 0.21349557522123894 0.048701298701298704 0.12278761061946902
4 0.11038961038961038 0.3141592920353982 0.07873376623376624 0.17699115044247787
1 0.18181818181818182 0.3418141592920354 0.07711038961038962 0.1747787610619469
5 0.25243506493506496 0.36836283185840707 0.0762987012987013 0.17699115044247787
1 0.32792207792207795 0.4004424778761062 0.07711038961038962 0.1747787610619469
10 0.6030844155844156 0.12278761061946902 0.1176948051948052 0.13938053097345132
18 0.8701298701298701 0.24778761061946902 0.09090909090909091 0.1426991150442478
7 0.7094155844155844 0.17035398230088494 0.0698051948051948 0.11946902654867257
7 0.7840909090909091 0.20353982300884957 0.07305194805194805 0.1172566371681416
5 0.6323051948051948 0.3185840707964602 0.12824675324675325 0.21349557522123894
4 0.7905844155844156 0.37942477876106195 0.1241883116883117 0.18694690265486727
6 0.04301948051948052 0.5619469026548672 0.08603896103896104 0.06637168141592921
11 0.1525974025974026 0.5608407079646017 0.14935064935064934 0.06415929203539823
8 0.045454545454545456 0.713495575221239 0.09090909090909091 0.27654867256637167
4 0.20860730810880487 0.7142893526963244 0.1759680623641073 0.2737533679991526
10 0.6347402597402597 0.6880530973451328 0.11363636363636363 0.12831858407079647
5 0.7329545454545454 0.7002212389380531 0.07873376623376624 0.12389380530973451
11 0.8181818181818182 0.709070796460177 0.09334415584415584 0.12831858407079647
4 0.549512987012987 0.8296460176991151 0.1396103896103896 0.16482300884955753
4 0.6704545454545454 0.8429203539823009 0.12256493506493507 0.17146017699115043
9 0.7792207792207793 0.8517699115044248 0.10551948051948051 0.1515486725663717
3 0.8847402597402597 0.8606194690265486 0.12256493506493507 0.15597345132743362