9 0.0597667638483965 0.14335664335664336 0.119533527696793 0.2867132867132867
7 0.17638483965014579 0.19405594405594406 0.17201166180758018 0.3881118881118881
6 0.2922740524781341 0.20804195804195805 0.1793002915451895 0.36013986013986016
3 0.38556851311953355 0.26573426573426573 0.10641399416909621 0.24475524475524477
10 0.60932944606414 0.09265734265734266 0.13994169096209913 0.16958041958041958
1 0.7113702623906706 0.11538461538461539 0.10058309037900874 0.15734265734265734
8 0.7696793002915452 0.13111888111888112 0.09912536443148688 0.1555944055944056
11 0.8505830903790087 0.15384615384615385 0.12900874635568513 0.17132867132867133
6 0.5138483965014577 0.23776223776223776 0.14941690962099125 0.20454545454545456
1 0.6217201166180758 0.270979020979021 0.16399416909620992 0.20279720279720279
0 0.7419825072886297 0.291958041958042 0.1618075801749271 0.17832167832167833
0 0.8666180758017493 0.30594405594405594 0.16034985422740525 0.14335664335664336
0 0.11370262390670553 0.5751748251748252 0.10641399416909621 0.22552447552447552
1 0.21209912536443148 0.6223776223776224 0.07142857142857142 0.19230769230769232
13 0.3119533527696793 0.666083916083916 0.09985422740524781 0.22552447552447552
5 0.048833819241982504 0.7832167832167832 0.09766763848396501 0.2674825174825175
11 0.13702623906705538 0.833916083916084 0.10568513119533528 0.2744755244755245
6 0.22521865889212828 0.8583916083916084 0.10349854227405247 0.25524475524475526
4 0.3163265306122449 0.8723776223776224 0.10495626822157435 0.21678321678321677
10 0.5626822157434402 0.5244755244755245 0.1552478134110787 0.21853146853146854
8 0.6800291545189504 0.5576923076923077 0.09256559766763849 0.15734265734265734
4 0.7543731778425656 0.5909090909090909 0.09329446064139942 0.17307692307692307
18 0.8790087463556852 0.6381118881118881 0.10641399416909621 0.17482517482517482
9 0.47886297376093295 0.75 0.08017492711370262 0.2517482517482518
3 0.5809037900874635 0.7884615384615384 0.1552478134110787 0.27797202797202797
9 0.7361516034985423 0.8496503496503497 0.1618075801749271 0.2674825174825175
5 0.9037900874635568 0.8793706293706294 0.14358600583090378 0.1993006993006993