0 0.07766272189349112 0.28225806451612906 0.15532544378698224 0.3333333333333333
7 0.18394752593974947 0.24466447284213655 0.16705298955277845 0.3353373830452199
9 0.3168459343970709 0.19349230694513886 0.1970252540841218 0.36848696969477923
7 0.40606508875739644 0.14650537634408603 0.06656804733727811 0.29301075268817206
10 0.5384615384615384 0.15188172043010753 0.19822485207100593 0.30376344086021506
6 0.6678994082840237 0.07795698924731183 0.15532544378698224 0.15591397849462366
11 0.7751479289940828 0.03225806451612903 0.17159763313609466 0.06451612903225806
9 0.5369822485207101 0.3521505376344086 0.1952662721893491 0.1935483870967742
8 0.6952662721893491 0.2701612903225806 0.21301775147928995 0.3575268817204301
4 0.8727810650887574 0.14650537634408603 0.20118343195266272 0.29301075268817206
10 0.05325443786982249 0.8911290322580645 0.10355029585798817 0.2163978494623656
1 0.1227810650887574 0.8508064516129032 0.07470414201183433 0.28360215053763443
3 0.16715976331360946 0.8064516129032258 0.07692307692307693 0.3400537634408602
11 0.21523668639053253 0.7258064516129032 0.08505917159763314 0.3400537634408602
5 0.27736686390532544 0.6451612903225806 0.07840236686390532 0.3575268817204301
3 0.32322485207100593 0.5994623655913979 0.07692307692307693 0.29973118279569894
5 0.3572485207100592 0.5551075268817204 0.06360946745562131 0.21236559139784947
1 0.3994082840236686 0.5362903225806451 0.07692307692307693 0.17473118279569894
10 0.6013313609467456 0.7647849462365591 0.14571005917159763 0.20026881720430106
1 0.6826923076923077 0.7016129032258065 0.10650887573964497 0.18010752688172044
0 0.738905325443787 0.6586021505376344 0.10428994082840237 0.1868279569892473
11 0.8091715976331361 0.6021505376344086 0.13831360946745563 0.20430107526881722
3 0.5806213017751479 0.918010752688172 0.16863905325443787 0.15725806451612903
9 0.6923076923076923 0.8803763440860215 0.17307692307692307 0.22849462365591397
7 0.8047337278106509 0.8145161290322581 0.16937869822485208 0.2446236559139785
4 0.9090236686390533 0.7231182795698925 0.15976331360946747 0.2553763440860215