0 0.1400414937759336 0.07649253731343283 0.1970954356846473 0.15298507462686567
10 0.11410788381742738 0.373134328358209 0.22821576763485477 0.417910447761194
3 0.31513168370153627 0.27716797305638524 0.2415631728882673 0.4452047538880842
3 0.4553941908713693 0.20522388059701493 0.14730290456431536 0.41044776119402987
10 0.6255186721991701 0.36007462686567165 0.09439834024896265 0.26492537313432835
1 0.6856846473029046 0.3283582089552239 0.06742738589211618 0.22761194029850745
2 0.7261410788381742 0.29850746268656714 0.06327800829875518 0.22201492537313433
11 0.7697095435684648 0.2667910447761194 0.07987551867219916 0.2555970149253731
7 0.8392116182572614 0.23507462686567165 0.06950207468879668 0.22761194029850745
2 0.8786307053941909 0.20335820895522388 0.06742738589211618 0.24813432835820895
8 0.9180497925311203 0.16977611940298507 0.07261410788381743 0.24440298507462688
8 0.9616182572614108 0.13246268656716417 0.07676348547717843 0.24253731343283583
10 0.15560165975103735 0.7649253731343284 0.13278008298755187 0.125
18 0.3755186721991701 0.6380597014925373 0.10995850622406639 0.08955223880597014
5 0.241701244813278 0.7089552238805971 0.09232365145228216 0.11007462686567164
7 0.30601659751037347 0.6716417910447762 0.09854771784232365 0.11007462686567164
1 0.15975103734439833 0.9085820895522388 0.1421161825726141 0.15485074626865672
6 0.26141078838174275 0.8451492537313433 0.1358921161825726 0.15111940298507462
9 0.3578838174273859 0.7817164179104478 0.1358921161825726 0.15111940298507462
2 0.4553941908713693 0.710820895522388 0.13278008298755187 0.14365671641791045
3 0.7977178423236515 0.6343283582089553 0.05186721991701245 0.08955223880597014
0 0.8547717842323651 0.621268656716418 0.04979253112033195 0.06343283582089553
1 0.8921161825726142 0.6156716417910447 0.058091286307053944 0.05223880597014925
2 0.5643153526970954 0.9029850746268657 0.07053941908713693 0.19402985074626866
3 0.6273772115615204 0.8669781063491958 0.11541376261692307 0.21129980181839764
11 0.7540126784129987 0.800575051255463 0.14909172159183612 0.24184523784640266
5 0.8712818620401631 0.7358422863087045 0.11535339533841987 0.20756845853481556
0 0.9491701244813278 0.7014925373134329 0.1016597510373444 0.20149253731343283