0 0.2557544757033248 0.2152317880794702 0.1438618925831202 0.16225165562913907
6 0.3881074168797954 0.1870860927152318 0.10613810741687979 0.15811258278145696
11 0.45907928388746805 0.16556291390728478 0.08695652173913043 0.1423841059602649
8 0.5786445012787724 0.13990066225165562 0.12020460358056266 0.1597682119205298
10 0.21611253196930946 0.41225165562913907 0.16815856777493607 0.20281456953642385
3 0.37148337595907927 0.38079470198675497 0.17199488491048592 0.21605960264900662
3 0.520460358056266 0.34933774834437087 0.17647058823529413 0.22350993377483444
11 0.6739130434782609 0.3129139072847682 0.17838874680306904 0.22019867549668873
10 0.8184143222506394 0.4031456953642384 0.04603580562659847 0.2533112582781457
1 0.850383631713555 0.3841059602649007 0.029411764705882353 0.277317880794702
1 0.8721227621483376 0.3485099337748344 0.029411764705882353 0.2847682119205298
11 0.8970588235294118 0.30132450331125826 0.0370843989769821 0.30711920529801323
9 0.9232736572890026 0.25496688741721857 0.03132992327365729 0.277317880794702
3 0.9450127877237852 0.2119205298013245 0.029411764705882353 0.2847682119205298
7 0.9661125319693095 0.173841059602649 0.0319693094629156 0.30711920529801323
0 0.9859335038363172 0.14486754966887416 0.028132992327365727 0.2731788079470199
10 0.30434782608695654 0.6258278145695364 0.17647058823529413 0.19205298013245034
2 0.4187979539641944 0.6059602649006622 0.11636828644501279 0.152317880794702
13 0.5319693094629157 0.6043046357615894 0.17647058823529413 0.1490066225165563
2 0.22904229037877885 0.8172708077785279 0.16816467936628574 0.2147994443476677
3 0.35884580848316544 0.7942370342866512 0.16217271891286605 0.22965194575651754
8 0.49387605539027507 0.7671027166213371 0.16939879602933985 0.21315344737715614
2 0.6260361675321133 0.7515385385924106 0.15921327271666938 0.21473201916773937
10 0.8951406649616368 0.8236754966887417 0.20971867007672634 0.21026490066225165
1 0.948849104859335 0.9197019867549668 0.10230179028132992 0.1605960264900662