1 0.0515695067264574 0.07172131147540983 0.1031390134529148 0.14344262295081966
13 0.18721973094170405 0.12704918032786885 0.15022421524663676 0.2540983606557377
6 0.06614349775784753 0.30327868852459017 0.13228699551569506 0.30327868852459017
4 0.1804932735426009 0.35655737704918034 0.16367713004484305 0.26229508196721313
2 0.5381165919282511 0.0471311475409836 0.21524663677130046 0.0942622950819672
13 0.7208520179372198 0.1168032786885246 0.2982062780269058 0.2336065573770492
6 0.4248878923766816 0.22540983606557377 0.13228699551569506 0.45081967213114754
7 0.554932735426009 0.26434426229508196 0.3071748878923767 0.44672131147540983
7 0.7791479820627802 0.3319672131147541 0.3116591928251121 0.3114754098360656
1 0.01569506726457399 0.5963114754098361 0.03139013452914798 0.21721311475409835
2 0.04035874439461883 0.6372950819672131 0.08071748878923767 0.2336065573770492
11 0.09338186194167566 0.6889779598682094 0.12101601015714139 0.26603347694057045
7 0.1811716799970862 0.7847109778294157 0.10431515728174008 0.23567403607052984
2 0.23586049689872776 0.8296129622013403 0.10279142310882051 0.25592713702352177
8 0.291742231862898 0.8725851174082443 0.10937419684923412 0.25254488334487396
8 0.32623318385650224 0.8975409836065574 0.06502242152466367 0.20491803278688525
10 0.4484304932735426 0.5881147540983607 0.17937219730941703 0.20081967213114754
8 0.5818385650224215 0.5799180327868853 0.13228699551569506 0.18442622950819673
9 0.6849775784753364 0.5881147540983607 0.15022421524663676 0.20081967213114754
18 0.820627802690583 0.6147540983606558 0.17488789237668162 0.2540983606557377
2 0.41591928251121074 0.8176229508196722 0.11434977578475336 0.35655737704918034
2 0.5392376681614349 0.8299180327868853 0.19506726457399104 0.3401639344262295
3 0.6939461883408071 0.8381147540983607 0.1905829596412556 0.3237704918032787
9 0.850896860986547 0.8463114754098361 0.21300448430493274 0.3073770491803279