0 0.14963503649635038 0.2058359621451104 0.11435523114355231 0.1632492113564669
1 0.2475669099756691 0.13564668769716087 0.07785888077858881 0.13406940063091483
13 0.3442822384428224 0.07176656151419558 0.10766423357664233 0.14274447949526814
5 0.1478102189781022 0.3675078864353312 0.11435523114355231 0.16798107255520506
11 0.23905109489051096 0.31782334384858046 0.11678832116788321 0.19873817034700317
6 0.3236009732360097 0.24921135646687698 0.11313868613138686 0.18848580441640378
4 0.40875912408759124 0.1774447949526814 0.11496350364963503 0.1837539432176656
10 0.6748333647203116 0.3278963922978473 0.22343529924750988 0.23559514102469567
3 0.8347770308894192 0.21779448182311892 0.13770915862425084 0.17247401743569118
11 0.9428223844282239 0.11829652996845426 0.11435523114355231 0.1892744479495268
1 0.7950121654501217 0.37933753943217663 0.23236009732360097 0.15930599369085174
5 0.916058394160584 0.32018927444794953 0.1678832116788321 0.277602523659306
10 0.11982968369829684 0.6088328075709779 0.14476885644768855 0.16561514195583596
2 0.22445255474452555 0.5607255520504731 0.11435523114355231 0.14589905362776026
16 0.3010948905109489 0.5347003154574133 0.13503649635036497 0.15063091482649843
5 0.1575425790754258 0.7705047318611987 0.12895377128953772 0.18533123028391169
0 0.225669099756691 0.7302839116719243 0.1362530413625304 0.20031545741324921
9 0.3004866180048662 0.6900630914826499 0.13990267639902676 0.20425867507886436
5 0.3740875912408759 0.6553627760252366 0.12956204379562045 0.1892744479495268
0 0.6878745768323127 0.6533742974326067 0.15002331997789237 0.17812454373647954
4 0.8002986319109745 0.5444892502565051 0.0978378804323728 0.1395658348504554
7 0.8479318734793188 0.5126182965299685 0.1070559610705596 0.10725552050473186
6 0.7260118985235109 0.8386369957954543 0.18333888425671224 0.2341408332541761
3 0.8419616626120131 0.7255331314231226 0.1729125384101164 0.21132388224509094
1 0.9318734793187348 0.612776025236593 0.1362530413625304 0.20031545741324921