0 0.20105263157894737 0.16359447004608296 0.09894736842105263 0.2304147465437788
1 0.27842105263157896 0.17626728110599077 0.06473684210526316 0.21889400921658986
2 0.34842105263157896 0.19009216589861752 0.0968421052631579 0.23732718894009217
1 0.13315789473684211 0.41935483870967744 0.08842105263157894 0.2569124423963134
10 0.21894736842105264 0.4377880184331797 0.08842105263157894 0.2638248847926267
18 0.3094736842105263 0.45506912442396313 0.0931578947368421 0.26036866359447003
1 0.39789473684210525 0.47580645161290325 0.09 0.2569124423963134
10 0.6087568347220075 0.314571224492486 0.19828297634857472 0.45214098389797286
3 0.7410982928215033 0.4051659638564786 0.10059035078458572 0.473746234961742
11 0.8565543751180784 0.42495552696790756 0.17015590375789208 0.4879214291674156
6 0.9636842105263158 0.48847926267281105 0.07263157894736842 0.4792626728110599
10 0.0911942939161412 0.8258130450669772 0.09825688420997132 0.18111950685114292
4 0.1770756363631318 0.8340559303396736 0.06867295748410888 0.1661684888373408
11 0.25138721831797944 0.8438932988248365 0.08342817334192804 0.16903570291336628
1 0.3246186080650456 0.850314665155456 0.062338794257868695 0.16362302711022267
2 0.38049995051203617 0.8597037931711344 0.06449917867343151 0.17061590759376283
9 0.4415893295960956 0.8619793835724325 0.06665956308899432 0.17760878807730296
10 0.6694736842105263 0.7903225806451613 0.13052631578947368 0.12442396313364056
1 0.7678947368421053 0.7926267281105991 0.09894736842105263 0.12788018433179724
11 0.8626315789473684 0.7995391705069125 0.12105263157894737 0.14285714285714285
8 0.5615789473684211 0.9112903225806451 0.12578947368421053 0.14746543778801843
3 0.6831578947368421 0.923963133640553 0.12368421052631579 0.14746543778801843
0 0.8073684210526316 0.9285714285714286 0.13578947368421052 0.13248847926267282
0 0.9252631578947368 0.9331797235023042 0.12789473684210526 0.11866359447004608