0 0.26542807316490946 0.29214559154654246 0.21832325910249445 0.35146724980473526
1 0.4306506431048187 0.26013833743682246 0.1441061646294786 0.32467197990566626
2 0.5497448979591837 0.23300970873786409 0.1556122448979592 0.3592233009708738
1 0.16454081632653061 0.5509708737864077 0.19642857142857142 0.09223300970873786
10 0.3482142857142857 0.5339805825242718 0.19642857142857142 0.1262135922330097
18 0.5344387755102041 0.5169902912621359 0.18622448979591838 0.16019417475728157
10 0.6760204081632653 0.3106796116504854 0.058673469387755105 0.21359223300970873
18 0.8482142857142857 0.40048543689320387 0.047193877551020405 0.220873786407767
7 0.7665816326530612 0.3567961165048544 0.04081632653061224 0.17718446601941748
7 0.8048469387755102 0.3786407766990291 0.042091836734693876 0.17718446601941748
5 0.9196428571428571 0.4393203883495146 0.04081632653061224 0.2087378640776699
4 0.9591836734693877 0.4587378640776699 0.04336734693877551 0.17233009708737865
10 0.1747448979591837 0.7572815533980582 0.13903061224489796 0.14320388349514562
7 0.30612244897959184 0.7475728155339806 0.09183673469387756 0.13106796116504854
11 0.4094387755102041 0.7475728155339806 0.11989795918367346 0.1553398058252427
3 0.10841836734693877 0.9199029126213593 0.1760204081632653 0.16019417475728157
7 0.3086734693877551 0.9053398058252428 0.20408163265306123 0.18932038834951456
3 0.5012755102040817 0.8980582524271845 0.19642857142857142 0.20145631067961164
2 0.6760204081632653 0.6868932038834952 0.09693877551020408 0.1796116504854369
16 0.826530612244898 0.6747572815533981 0.19387755102040816 0.1553398058252427
5 0.7410714285714286 0.8713592233009708 0.16581632653061223 0.25728155339805825
6 0.8966836734693877 0.8495145631067961 0.18112244897959184 0.30097087378640774