10 0.13028169014084506 0.18493150684931506 0.1267605633802817 0.20205479452054795
18 0.4242957746478873 0.0684931506849315 0.1056338028169014 0.136986301369863
6 0.24471830985915494 0.136986301369863 0.07922535211267606 0.15753424657534246
8 0.3257042253521127 0.09931506849315068 0.08274647887323944 0.15753424657534246
3 0.07042253521126761 0.4315068493150685 0.11971830985915492 0.22945205479452055
1 0.21654929577464788 0.3698630136986301 0.13732394366197184 0.2226027397260274
3 0.35563380281690143 0.3424657534246575 0.13908450704225353 0.2534246575342466
0 0.4964788732394366 0.2671232876712329 0.13908450704225353 0.2363013698630137
18 0.7257308349736669 0.2670911722121594 0.13807481677415254 0.2676478770193499
5 0.8766439439801111 0.33376431790821787 0.1161277270914769 0.23905484846160288
4 0.9595070422535211 0.3561643835616438 0.08098591549295775 0.2191780821917808
10 0.04753521126760563 0.9041095890410958 0.09330985915492958 0.14383561643835616
1 0.1267605633802817 0.8698630136986302 0.09154929577464789 0.11643835616438356
5 0.20774647887323944 0.8424657534246576 0.0880281690140845 0.11986301369863013
11 0.29225352112676056 0.815068493150685 0.10915492957746478 0.1232876712328767
8 0.3785211267605634 0.7876712328767124 0.0880281690140845 0.1232876712328767
5 0.4507042253521127 0.7602739726027398 0.08626760563380281 0.11301369863013698
6 0.5211267605633803 0.7363013698630136 0.07746478873239436 0.10273972602739725
8 0.5897887323943662 0.726027397260274 0.07394366197183098 0.0821917808219178
2 0.721830985915493 0.7876712328767124 0.16901408450704225 0.2054794520547945
2 0.8732394366197183 0.7773972602739726 0.176056338028169 0.18493150684931506