10 0.13864628820960698 0.225 0.10480349344978165 0.20277777777777778
18 0.3296943231441048 0.05555555555555555 0.08733624454148471 0.10833333333333334
6 0.21179039301310043 0.15 0.06877729257641921 0.1527777777777778
8 0.2652838427947598 0.09722222222222222 0.07205240174672489 0.15555555555555556
3 0.12663755458515283 0.44722222222222224 0.09934497816593886 0.21944444444444444
1 0.2205240174672489 0.3472222222222222 0.11026200873362445 0.21944444444444444
3 0.3155021834061135 0.2833333333333333 0.11353711790393013 0.24444444444444444
0 0.4028384279475983 0.175 0.11135371179039301 0.22777777777777777
10 0.6168122270742358 0.11944444444444445 0.2423580786026201 0.2388888888888889
8 0.5753275109170306 0.3972222222222222 0.2336244541484716 0.3611111111111111
6 0.7794759825327511 0.32222222222222224 0.2183406113537118 0.5111111111111111
0 0.9410480349344978 0.22777777777777777 0.11790393013100436 0.45555555555555555
10 0.08951965065502183 0.9166666666666666 0.10480349344978165 0.1638888888888889
6 0.15611353711790393 0.8805555555555555 0.0927947598253275 0.20277777777777778
11 0.2183406113537118 0.8166666666666667 0.0927947598253275 0.19166666666666668
4 0.2893013100436681 0.7472222222222222 0.08187772925764192 0.17777777777777778
9 0.34279475982532753 0.6944444444444444 0.07969432314410481 0.18611111111111112
2 0.3941048034934498 0.6555555555555556 0.08078602620087336 0.15555555555555556
1 0.42903930131004364 0.6277777777777778 0.04039301310043668 0.09722222222222222
10 0.5305676855895196 0.7416666666666667 0.14301310043668122 0.2361111111111111
1 0.6091703056768559 0.7583333333333333 0.10480349344978165 0.20555555555555555
5 0.6670305676855895 0.7583333333333333 0.10480349344978165 0.19722222222222222
11 0.74235807860262 0.7694444444444445 0.1331877729257642 0.22777777777777777
8 0.8209606986899564 0.7805555555555556 0.10480349344978165 0.19722222222222222
5 0.8853711790393013 0.7777777777777778 0.1146288209606987 0.20555555555555555
6 0.9508733624454149 0.7888888888888889 0.0982532751091703 0.20555555555555555