10 0.17287234042553193 0.23529411764705882 0.14827127659574468 0.2330316742081448
2 0.2865691489361702 0.15723981900452488 0.10571808510638298 0.19570135746606335
16 0.4002659574468085 0.09502262443438914 0.1502659574468085 0.19004524886877827
4 0.16090425531914893 0.4253393665158371 0.1422872340425532 0.20588235294117646
0 0.2613031914893617 0.38800904977375567 0.13231382978723405 0.2579185520361991
5 0.36103723404255317 0.31221719457013575 0.13430851063829788 0.26131221719457015
6 0.456781914893617 0.23076923076923078 0.12566489361702127 0.26131221719457015
10 0.6050531914893617 0.3766968325791855 0.11037234042553191 0.3088235294117647
1 0.6768617021276596 0.33597285067873306 0.07313829787234043 0.34615384615384615
9 0.7267287234042553 0.29411764705882354 0.07446808510638298 0.36990950226244346
11 0.7872340425531915 0.21832579185520362 0.09574468085106383 0.42194570135746606
7 0.8503989361702128 0.17420814479638008 0.07712765957446809 0.34841628959276016
5 0.9002659574468085 0.1414027149321267 0.07712765957446809 0.2828054298642534
2 0.949468085106383 0.10972850678733032 0.0764627659574468 0.21945701357466063
3 0.980718085106383 0.08484162895927602 0.03856382978723404 0.16968325791855204
10 0.2912234042553192 0.6052036199095022 0.26861702127659576 0.1334841628959276
4 0.24335106382978725 0.8223981900452488 0.3191489361702128 0.3552036199095023
2 0.42686170212765956 0.7692307692307693 0.18617021276595744 0.46153846153846156
0 0.8736702127659575 0.5723981900452488 0.031914893617021274 0.06787330316742081
1 0.8929521276595744 0.5644796380090498 0.030585106382978722 0.05203619909502263
0 0.574468085106383 0.9468325791855203 0.0678191489361702 0.09954751131221719
2 0.629654255319149 0.9140271493212669 0.07313829787234043 0.14479638009049775
5 0.6835106382978723 0.8812217194570136 0.07247340425531915 0.18778280542986425
11 0.7785904255319149 0.8042986425339367 0.09507978723404255 0.26357466063348417
1 0.8643617021276596 0.7092760180995475 0.06848404255319149 0.2251131221719457
9 0.9162234042553191 0.6561085972850679 0.0711436170212766 0.22058823529411764
1 0.9674202127659575 0.6255656108597285 0.06515957446808511 0.17307692307692307
10 0.6875 0.7386877828054299 0.04454787234042553 0.1436651583710407