10 0.20609756097560974 0.11197916666666667 0.17804878048780487 0.22395833333333334
2 0.3695121951219512 0.11197916666666667 0.12439024390243902 0.22395833333333334
16 0.5 0.1171875 0.11707317073170732 0.234375
10 0.6097560975609756 0.08333333333333333 0.1024390243902439 0.16666666666666666
1 0.6878048780487804 0.09114583333333333 0.05853658536585366 0.18229166666666666
6 0.7378048780487805 0.10416666666666667 0.06097560975609756 0.20833333333333334
11 0.8060975609756098 0.10677083333333333 0.08048780487804878 0.21354166666666666
5 0.8919661488609905 0.12319359306817228 0.09077227646195486 0.2426743344143719
5 0.9609756097560975 0.14322916666666666 0.07804878048780488 0.24479166666666666
10 0.06463414634146342 0.765625 0.0975609756097561 0.2109375
1 0.14268292682926828 0.7473958333333334 0.06707317073170732 0.20833333333333334
2 0.19634146341463415 0.7291666666666666 0.06463414634146342 0.22135416666666666
11 0.2682926829268293 0.7083333333333334 0.07804878048780488 0.23697916666666666
6 0.3573170731707317 0.671875 0.07804878048780488 0.203125
8 0.42073170731707316 0.6510416666666666 0.06707317073170732 0.21614583333333334
9 0.4817073170731707 0.625 0.06951219512195123 0.21614583333333334
1 0.5341463414634147 0.6041666666666666 0.04878048780487805 0.20833333333333334
3 0.6134146341463415 0.7630208333333334 0.10975609756097561 0.3489583333333333
11 0.7215326255631407 0.7509341274295908 0.1389385454829006 0.3745190800847256
6 0.8481060640560303 0.7478490408476496 0.134231049902275 0.3795455898250566
7 0.9512195121951219 0.75 0.0975609756097561 0.375