0 0.06294536817102138 0.12441860465116279 0.12589073634204276 0.24883720930232558
0 0.20486935866983372 0.12093023255813953 0.28859857482185275 0.24186046511627907
6 0.38954869358669836 0.06395348837209303 0.2209026128266033 0.12790697674418605
17 0.5920427553444181 0.11976744186046512 0.14370546318289787 0.1058139534883721
5 0.6828978622327792 0.09186046511627907 0.08729216152019002 0.08255813953488372
6 0.7517814726840855 0.07441860465116279 0.10273159144893111 0.08953488372093023
18 0.8260095011876485 0.05232558139534884 0.11579572446555819 0.0941860465116279
9 0.5700712589073634 0.2058139534883721 0.13954869358669833 0.08488372093023255
2 0.6728028503562945 0.19069767441860466 0.15261282660332542 0.11511627906976744
4 0.7808788598574822 0.1697674418604651 0.16983372921615203 0.14302325581395348
8 0.9073634204275535 0.12906976744186047 0.16983372921615203 0.14069767441860465
10 0.07422802850356294 0.5872093023255814 0.14845605700712589 0.34767441860465115
3 0.1828978622327791 0.5127906976744186 0.11401425178147269 0.32209302325581396
16 0.29572446555819476 0.4441860465116279 0.15617577197149643 0.35930232558139535
8 0.06175771971496437 0.8813953488372093 0.12351543942992874 0.2372093023255814
5 0.16330166270783847 0.8441860465116279 0.16508313539192399 0.3116279069767442
2 0.28681710213776723 0.8 0.167458432304038 0.4
9 0.40380047505938244 0.7220930232558139 0.17280285035629453 0.39651162790697675
0 0.6407363420427553 0.5337209302325582 0.09679334916864608 0.2441860465116279
3 0.7114014251781473 0.49767441860465117 0.06769596199524941 0.2116279069767442
18 0.7589073634204275 0.4813953488372093 0.07125890736342043 0.2116279069767442
9 0.8123515439429929 0.4511627906976744 0.08194774346793349 0.22093023255813954
4 0.5855106888361045 0.8441860465116279 0.12885985748218529 0.31046511627906975
1 0.6817102137767221 0.8046511627906977 0.12529691211401425 0.3209302325581395
5 0.7773159144893111 0.7593023255813953 0.12529691211401425 0.3209302325581395
1 0.8788598574821853 0.7116279069767442 0.12529691211401425 0.3209302325581395