4 0.08980582524271845 0.17061611374407584 0.1796116504854369 0.3412322274881517
0 0.2506067961165049 0.2156398104265403 0.27548543689320387 0.4312796208530806
0 0.4393203883495146 0.26895734597156395 0.220873786407767 0.5379146919431279
10 0.5952669902912622 0.13151658767772512 0.08859223300970874 0.2618483412322275
8 0.6620145631067961 0.16824644549763032 0.0691747572815534 0.3281990521327014
11 0.7172330097087378 0.22393364928909953 0.08495145631067962 0.43483412322274884
9 0.7949029126213593 0.28199052132701424 0.07281553398058252 0.39454976303317535
3 0.8398058252427184 0.3293838862559242 0.06735436893203883 0.38744075829383884
4 0.883495145631068 0.3578199052132701 0.07281553398058252 0.36018957345971564
9 0.9308252427184466 0.3862559241706161 0.07463592233009708 0.30213270142180093
10 0.17536407766990292 0.6078199052132701 0.15898058252427186 0.13507109004739337
8 0.3088592233009709 0.6433649289099526 0.1304611650485437 0.20023696682464456
11 0.41504854368932037 0.7002369668246445 0.13106796116504854 0.20616113744075829
4 0.06735436893203883 0.7239336492890995 0.13470873786407767 0.2725118483412322
8 0.18567961165048544 0.7997630331753555 0.1553398058252427 0.2725118483412322
5 0.30643203883495146 0.8672985781990521 0.14563106796116504 0.26540284360189575
9 0.42475728155339804 0.8981042654028436 0.15048543689320387 0.2037914691943128
10 0.716626213592233 0.6315165876777251 0.10740291262135922 0.15165876777251186
8 0.7900485436893204 0.659952606635071 0.06735436893203883 0.11848341232227488
11 0.8519417475728155 0.6872037914691943 0.08980582524271845 0.1338862559241706
8 0.616504854368932 0.7476303317535545 0.1328883495145631 0.26303317535545023
9 0.7148058252427184 0.7902843601895735 0.1316747572815534 0.25118483412322273
2 0.8131067961165048 0.8317535545023697 0.13470873786407767 0.254739336492891
6 0.9132281553398058 0.8708530805687204 0.1316747572815534 0.245260663507109