10 0.18235930735930736 0.1487603305785124 0.2132034632034632 0.2975206611570248
1 0.32575757575757575 0.10330578512396695 0.11904761904761904 0.2066115702479339
9 0.4155844155844156 0.0878099173553719 0.14285714285714285 0.1756198347107438
4 0.12554112554112554 0.42355371900826444 0.24242424242424243 0.25206611570247933
2 0.32792207792207795 0.3884297520661157 0.23376623376623376 0.32231404958677684
3 0.44155844155844154 0.34710743801652894 0.09523809523809523 0.4049586776859504
10 0.6607142857142857 0.22727272727272727 0.1341991341991342 0.23243801652892562
4 0.7597402597402597 0.20041322314049587 0.08766233766233766 0.19731404958677687
8 0.8170995670995671 0.1756198347107438 0.07738095238095238 0.17665289256198347
18 0.8988095238095238 0.1621900826446281 0.10119047619047619 0.21074380165289255
5 0.6136363636363636 0.44008264462809915 0.11471861471861472 0.2190082644628099
2 0.7180735930735931 0.4318181818181818 0.11201298701298701 0.23553719008264462
9 0.8365800865800865 0.4080578512396694 0.12987012987012986 0.2830578512396694
2 0.9464285714285714 0.3884297520661157 0.10714285714285714 0.25206611570247933
10 0.04707792207792208 0.7324380165289256 0.08062770562770563 0.14566115702479338
8 0.09415584415584416 0.7334710743801653 0.06060606060606061 0.12396694214876033
7 0.12608225108225107 0.737603305785124 0.05735930735930736 0.11880165289256199
18 0.20616883116883117 0.7644628099173554 0.08766233766233766 0.1559917355371901
6 0.3198051948051948 0.8243801652892562 0.07088744588744589 0.14049586776859505
8 0.3971861471861472 0.859504132231405 0.07142857142857142 0.1446280991735537
9 0.45292207792207795 0.8915289256198347 0.07251082251082251 0.1353305785123967
5 0.48484848484848486 0.9008264462809917 0.008658008658008658 0.09297520661157024
10 0.6623376623376623 0.7200413223140496 0.24025974025974026 0.3409090909090909
1 0.841991341991342 0.6807851239669421 0.17532467532467533 0.26239669421487605
1 0.9377705627705628 0.6590909090909091 0.12445887445887446 0.2190082644628099
7 0.6466450216450217 0.9504132231404959 0.31493506493506496 0.09917355371900827
4 0.8755411255411255 0.9111570247933884 0.24891774891774893 0.17768595041322313