10 0.17400234741784038 0.11673553719008264 0.12147887323943662 0.2334710743801653
1 0.2517605633802817 0.1415289256198347 0.07276995305164319 0.2830578512396694
9 0.2990023474178404 0.17665289256198347 0.08509389671361503 0.35330578512396693
11 0.352112676056338 0.22830578512396693 0.07511737089201878 0.3987603305785124
4 0.07511737089201878 0.30165289256198347 0.1467136150234742 0.5165289256198347
2 0.18309859154929578 0.375 0.13615023474178403 0.36983471074380164
3 0.2778755868544601 0.43078512396694213 0.12852112676056338 0.25826446280991733
9 0.3515258215962441 0.4855371900826446 0.07629107981220658 0.1487603305785124
10 0.4694835680751174 0.19111570247933884 0.15316901408450703 0.3822314049586777
1 0.5545774647887324 0.25516528925619836 0.1068075117370892 0.37913223140495866
0 0.607981220657277 0.3140495867768595 0.1141431924882629 0.3915289256198347
11 0.6748826291079812 0.368801652892562 0.13615023474178403 0.3822314049586777
7 0.7541079812206573 0.41838842975206614 0.11384976525821597 0.2830578512396694
0 0.8113262910798122 0.44214876033057854 0.10622065727699531 0.23450413223140495
3 0.8647300469483568 0.47210743801652894 0.10093896713615023 0.1756198347107438
7 0.9245892018779343 0.49483471074380164 0.11296948356807512 0.12913223140495866
3 0.03902582159624413 0.6477272727272727 0.07805164319248827 0.1756198347107438
11 0.10856807511737089 0.7241735537190083 0.14788732394366197 0.3285123966942149
5 0.2147887323943662 0.7799586776859504 0.14553990610328638 0.44008264462809915
2 0.3119131455399061 0.8150826446280992 0.13908450704225353 0.36983471074380164
2 0.36032863849765256 0.8791322314049587 0.05868544600938967 0.24173553719008264
0 0.5900821596244131 0.6446280991735537 0.13380281690140844 0.1590909090909091
4 0.7033450704225352 0.7107438016528925 0.08832159624413145 0.14049586776859505
11 0.7634976525821596 0.7448347107438017 0.08832159624413145 0.14256198347107438
8 0.8664906103286385 0.8161157024793388 0.10152582159624413 0.1518595041322314
17 0.5132042253521126 0.753099173553719 0.13791079812206572 0.1921487603305785
1 0.6264671361502347 0.8274793388429752 0.1340962441314554 0.1921487603305785
18 0.7312206572769953 0.9018595041322314 0.13791079812206572 0.1952479338842975
4 0.8474178403755869 0.9338842975206612 0.14906103286384975 0.1322314049586777