11 0.0459070796460177 0.1941747572815534 0.0918141592920354 0.3883495145631068
6 0.1454646017699115 0.1941747572815534 0.15597345132743362 0.3883495145631068
7 0.2560840707964602 0.1941747572815534 0.1426991150442478 0.3883495145631068
5 0.3689159292035398 0.1941747572815534 0.16039823008849557 0.3883495145631068
0 0.5470132743362832 0.15898058252427186 0.09070796460176991 0.11529126213592233
7 0.6438053097345132 0.12985436893203883 0.06637168141592921 0.10072815533980582
7 0.6941371681415929 0.11165048543689321 0.06803097345132743 0.10436893203883495
8 0.7688053097345132 0.0825242718446602 0.07632743362831858 0.10922330097087378
10 0.5359513274336283 0.3058252427184466 0.11836283185840708 0.16140776699029127
7 0.6404867256637168 0.27427184466019416 0.12942477876106195 0.16262135922330098
5 0.7428097345132744 0.2366504854368932 0.12168141592920353 0.1662621359223301
1 0.8451327433628318 0.20145631067961164 0.1277654867256637 0.16019417475728157
10 0.035398230088495575 0.8070388349514563 0.06526548672566372 0.36529126213592233
2 0.10951327433628319 0.7949029126213593 0.059734513274336286 0.35194174757281554
0 0.1504424778761062 0.7766990291262136 0.05641592920353982 0.3288834951456311
11 0.21847345132743362 0.7572815533980582 0.07245575221238938 0.3604368932038835
4 0.2793141592920354 0.7317961165048543 0.05807522123893805 0.33495145631067963
9 0.3180309734513274 0.7148058252427184 0.05641592920353982 0.3337378640776699
9 0.35508849557522126 0.6966019417475728 0.051991150442477874 0.3337378640776699
0 0.3932522123893805 0.6868932038834952 0.05641592920353982 0.345873786407767
10 0.5962389380530974 0.5800970873786407 0.11393805309734513 0.1941747572815534
8 0.6969026548672567 0.5655339805825242 0.09236725663716815 0.18567961165048544
11 0.7986725663716814 0.5533980582524272 0.10121681415929204 0.18689320388349515
7 0.5359513274336283 0.8422330097087378 0.1404867256637168 0.308252427184466
0 0.6482300884955752 0.816747572815534 0.13108407079646017 0.3070388349514563
6 0.7594026548672567 0.7997572815533981 0.13440265486725664 0.3070388349514563
0 0.8628318584070797 0.7754854368932039 0.125 0.3058252427184466