10 0.04124748490945674 0.17070484581497797 0.08249496981891348 0.34140969162995594
3 0.08953722334004025 0.24118942731277532 0.14688128772635814 0.473568281938326
11 0.19869215291750503 0.2698237885462555 0.21227364185110664 0.41629955947136565
6 0.3274647887323944 0.34140969162995594 0.18008048289738432 0.27312775330396477
7 0.4290744466800805 0.3909691629955947 0.16398390342052313 0.17400881057268722
10 0.721830985915493 0.10682819383259912 0.059356136820925554 0.20154185022026433
2 0.7701207243460765 0.16740088105726872 0.04124748490945674 0.21035242290748898
1 0.7962776659959758 0.21035242290748898 0.04225352112676056 0.21585903083700442
11 0.8385311871227364 0.2610132158590308 0.05030181086519115 0.21806167400881057
4 0.8767605633802817 0.3237885462555066 0.0437625754527163 0.20154185022026433
2 0.9064386317907445 0.3623348017621145 0.04426559356136821 0.21145374449339208
5 0.9346076458752515 0.3865638766519824 0.04527162977867203 0.1828193832599119
3 0.9637826961770624 0.40859030837004406 0.04426559356136821 0.13876651982378854
10 0.09708249496981891 0.5859030837004405 0.11921529175050302 0.20704845814977973
1 0.16498993963782696 0.6266519823788547 0.0829979879275654 0.21255506607929514
2 0.21780684104627768 0.6729074889867841 0.09104627766599598 0.21916299559471367
11 0.2892354124748491 0.7290748898678414 0.11921529175050302 0.24779735682819384
8 0.3767605633802817 0.8072687224669604 0.09909456740442656 0.22466960352422907
9 0.4461770623742455 0.8744493392070485 0.10764587525150905 0.23127753303964757
4 0.5171026156941649 0.9096916299559471 0.10814889336016097 0.18061674008810572
3 0.5890342052313883 0.9416299559471366 0.10513078470824949 0.11563876651982379
10 0.7997987927565392 0.6266519823788547 0.09004024144869216 0.21365638766519823
1 0.8501006036217303 0.6696035242290749 0.0613682092555332 0.183920704845815
6 0.886317907444668 0.7048458149779736 0.0613682092555332 0.18722466960352424
11 0.9300804828973843 0.751101321585903 0.079476861167002 0.20154185022026433
9 0.7484909456740443 0.7477973568281938 0.09104627766599598 0.20594713656387664
6 0.8113682092555332 0.8061674008810573 0.08853118712273642 0.21145374449339208
7 0.8762575452716298 0.8634361233480177 0.0925553319919517 0.21145374449339208
4 0.9426559356136821 0.9096916299559471 0.09004024144869216 0.17951541850220265