10 0.08363636363636363 0.26344086021505375 0.16727272727272727 0.3655913978494624
1 0.1890909090909091 0.22311827956989247 0.16363636363636364 0.44623655913978494
9 0.2736363636363636 0.22311827956989247 0.17636363636363636 0.44623655913978494
11 0.39181818181818184 0.22311827956989247 0.20545454545454545 0.44623655913978494
4 0.4909090909090909 0.1532258064516129 0.11636363636363636 0.3064516129032258
10 0.7290909090909091 0.18010752688172044 0.12272727272727273 0.16666666666666666
5 0.8118181818181818 0.12365591397849462 0.09272727272727273 0.1532258064516129
11 0.8836363636363637 0.07795698924731183 0.10727272727272727 0.15591397849462366
4 0.7045454545454546 0.3575268817204301 0.15 0.17204301075268819
4 0.8072727272727273 0.30913978494623656 0.1390909090909091 0.21236559139784947
9 0.8981818181818182 0.24193548387096775 0.12181818181818181 0.1881720430107527
3 0.9581818181818181 0.18548387096774194 0.08272727272727273 0.18548387096774194
10 0.14454545454545453 0.8010752688172043 0.11636363636363636 0.25268817204301075
1 0.21454545454545454 0.7661290322580645 0.08181818181818182 0.21505376344086022
2 0.26 0.7338709677419355 0.07818181818181819 0.21236559139784947
11 0.31 0.7016129032258065 0.09909090909090909 0.2446236559139785
7 0.39090909090909093 0.6639784946236559 0.08363636363636363 0.22043010752688172
2 0.4354545454545454 0.6317204301075269 0.08272727272727273 0.23655913978494625
8 0.4809090909090909 0.5967741935483871 0.09 0.23655913978494625
8 0.5172727272727272 0.5645161290322581 0.06363636363636363 0.22849462365591397
10 0.7172727272727273 0.6666666666666666 0.15 0.260752688172043
1 0.8127272727272727 0.5887096774193549 0.1 0.22043010752688172
14 0.9 0.5403225806451613 0.14363636363636365 0.1881720430107527
4 0.7036363636363636 0.8924731182795699 0.14545454545454545 0.20698924731182797
6 0.8181818181818182 0.8440860215053764 0.1590909090909091 0.28763440860215056
0 0.9181818181818182 0.7768817204301075 0.13363636363636364 0.2903225806451613
6 0.9681818181818181 0.717741935483871 0.06272727272727273 0.2768817204301075