10 0.044580419580419584 0.22916666666666666 0.08916083916083917 0.4583333333333333
1 0.12325174825174826 0.2734375 0.1346153846153846 0.546875
9 0.20367132867132867 0.2994791666666667 0.1451048951048951 0.5989583333333334
11 0.3269230769230769 0.3125 0.17482517482517482 0.5729166666666666
4 0.42395104895104896 0.3802083333333333 0.08916083916083917 0.4375
3 0.7482517482517482 0.17708333333333334 0.056818181818181816 0.13020833333333334
0 0.7980769230769231 0.1796875 0.0472027972027972 0.10677083333333333
3 0.8269230769230769 0.17447916666666666 0.0472027972027972 0.125
0 0.5017482517482518 0.3541666666666667 0.06555944055944056 0.22395833333333334
0 0.548951048951049 0.3619791666666667 0.09003496503496504 0.21875
1 0.6101398601398601 0.3645833333333333 0.10402097902097902 0.21354166666666666
11 0.6879370629370629 0.3697916666666667 0.12062937062937062 0.23177083333333334
0 0.7797202797202797 0.3828125 0.08741258741258741 0.20833333333333334
1 0.8356643356643356 0.3776041666666667 0.08741258741258741 0.21354166666666666
6 0.8828671328671329 0.3880208333333333 0.07692307692307693 0.17708333333333334
5 0.9353146853146853 0.3854166666666667 0.08041958041958042 0.20052083333333334
10 0.1451048951048951 0.6875 0.12412587412587413 0.171875
2 0.24737762237762237 0.7291666666666666 0.09265734265734266 0.1640625
11 0.32954545454545453 0.765625 0.11800699300699301 0.18229166666666666
8 0.06468531468531469 0.8151041666666666 0.12937062937062938 0.2109375
6 0.16958041958041958 0.8645833333333334 0.13024475524475523 0.2109375
9 0.26573426573426573 0.8984375 0.13286713286713286 0.203125
1 0.36625874125874125 0.9244791666666666 0.1284965034965035 0.15104166666666666
10 0.5183566433566433 0.84375 0.09965034965034965 0.1875
1 0.5847902097902098 0.8359375 0.0979020979020979 0.15104166666666666
5 0.6547202797202797 0.8203125 0.0979020979020979 0.15364583333333334
11 0.7246503496503497 0.8072916666666666 0.1145104895104895 0.16145833333333334
8 0.7980769230769231 0.7942708333333334 0.0979020979020979 0.15885416666666666
5 0.8592657342657343 0.78125 0.09353146853146853 0.14583333333333334
6 0.9213286713286714 0.7708333333333334 0.08479020979020979 0.13802083333333334
8 0.9676573426573427 0.7604166666666666 0.06381118881118882 0.13802083333333334