10 0.12833647977991308 0.11603819544515644 0.1366205300343706 0.21793749286107048
2 0.24094202898550723 0.09328358208955224 0.09782608695652174 0.1865671641791045
14 0.3442028985507246 0.0708955223880597 0.13043478260869565 0.1417910447761194
3 0.07427536231884058 0.3843283582089552 0.14130434782608695 0.26119402985074625
7 0.21014492753623187 0.3656716417910448 0.15942028985507245 0.29850746268656714
4 0.34732434686122465 0.3486163654889629 0.15618687115659624 0.3300514579300542
9 0.4384057971014493 0.2947761194029851 0.07971014492753623 0.35074626865671643
10 0.5253623188405797 0.12686567164179105 0.09420289855072464 0.2537313432835821
1 0.5891578856493499 0.13990242091957794 0.07739400130203727 0.26943821594475525
2 0.6478053784753085 0.154133127807822 0.07478553039604764 0.2917828590058675
11 0.7161873206489648 0.18318066622944387 0.10512399430883437 0.32198093839756636
8 0.807274389543796 0.19328928007068355 0.09686289999743271 0.2995060454153132
9 0.8845451831486438 0.21849693360777264 0.10739422604822155 0.2921736087692898
4 0.9528985507246377 0.23134328358208955 0.09420289855072464 0.31343283582089554
10 0.15787806698960868 0.7512565947819071 0.16174205213517806 0.2928248583749937
1 0.3039407190911863 0.734572847712178 0.10671774771501664 0.2772482356349615
5 0.3862593349247122 0.7111862052819394 0.11860203043221541 0.29976654525759483
11 0.46195652173913043 0.7014925373134329 0.03260869565217391 0.2835820895522388
6 0.11594202898550725 0.9440298507462687 0.18840579710144928 0.11194029850746269
5 0.2826086956521739 0.9328358208955224 0.1956521739130435 0.13432835820895522
3 0.411231884057971 0.9365671641791045 0.13405797101449277 0.12686567164179105
2 0.5163043478260869 0.8731343283582089 0.07608695652173914 0.2537313432835821
1 0.5797101449275363 0.8731343283582089 0.12318840579710146 0.2537313432835821
11 0.7047101449275363 0.8917910447761194 0.17028985507246377 0.21641791044776118
2 0.842391304347826 0.8917910447761194 0.13405797101449277 0.21641791044776118
8 0.9365942028985508 0.8805970149253731 0.12681159420289856 0.23880597014925373