10 0.2147239263803681 0.15294117647058825 0.12423312883435583 0.18529411764705883
2 0.31441717791411045 0.16470588235294117 0.09202453987730061 0.18235294117647058
14 0.401840490797546 0.18235294117647058 0.1165644171779141 0.17352941176470588
3 0.12116564417177914 0.3411764705882353 0.13190184049079753 0.2647058823529412
7 0.2331288343558282 0.37058823529411766 0.14877300613496933 0.2823529411764706
4 0.3512269938650307 0.38823529411764707 0.14570552147239263 0.2735294117647059
9 0.4647239263803681 0.40294117647058825 0.14263803680981596 0.27647058823529413
1 0.7162576687116564 0.08529411764705883 0.13190184049079753 0.17058823529411765
6 0.8021472392638037 0.10882352941176471 0.13190184049079753 0.21764705882352942
11 0.9049079754601227 0.14411764705882352 0.17791411042944785 0.28823529411764703
6 0.656441717791411 0.3 0.09815950920245399 0.4
7 0.7608586429059416 0.36890554932855113 0.20811062040803335 0.4035752950830723
4 0.9095092024539877 0.42058823529411765 0.18098159509202455 0.3588235294117647
8 0.09202453987730061 0.6794117647058824 0.12883435582822086 0.1588235294117647
11 0.1901840490797546 0.7088235294117647 0.15337423312883436 0.21764705882352942
7 0.3113496932515337 0.7352941176470589 0.1441717791411043 0.27058823529411763
0 0.4098982087829635 0.7732499510648759 0.12802895175180742 0.2858184013236001
6 0.5093385962838842 0.8241637924788433 0.1372314057395375 0.2865374638688544
0 0.5720858895705522 0.8470588235294118 0.0705521472392638 0.2823529411764706
10 0.6993865030674846 0.65 0.18404907975460122 0.1
5 0.8190184049079755 0.6588235294117647 0.12883435582822086 0.11764705882352941
16 0.9233128834355828 0.6852941176470588 0.15337423312883436 0.17058823529411765
2 0.6503067484662577 0.7705882352941177 0.08588957055214724 0.32941176470588235
2 0.7381493215222589 0.8175023240628146 0.17511318550892369 0.32470783169693035
9 0.8757668711656442 0.85 0.1687116564417178 0.3
5 0.9601226993865031 0.8705882352941177 0.07975460122699386 0.25882352941176473