2 0.08838383838383838 0.34265734265734266 0.10858585858585859 0.2937062937062937
13 0.20643939393939395 0.3793706293706294 0.17045454545454544 0.2202797202797203
10 0.7443181818181818 0.1451048951048951 0.08964646464646464 0.17132867132867133
8 0.8320707070707071 0.16433566433566432 0.054292929292929296 0.15734265734265734
11 0.8952020202020202 0.17307692307692307 0.06439393939393939 0.15734265734265734
9 0.6818181818181818 0.3146853146853147 0.08333333333333333 0.23076923076923078
6 0.7689393939393939 0.34440559440559443 0.09154040404040405 0.2465034965034965
6 0.8541666666666666 0.3618881118881119 0.08964646464646464 0.243006993006993
1 0.9343434343434344 0.36013986013986016 0.07575757575757576 0.21503496503496503
10 0.1414141414141414 0.6713286713286714 0.11805555555555555 0.15734265734265734
2 0.25252525252525254 0.6643356643356644 0.09659090909090909 0.14685314685314685
6 0.32765151515151514 0.6625874125874126 0.10542929292929293 0.1520979020979021
18 0.4172979797979798 0.6503496503496503 0.13068181818181818 0.17132867132867133
4 0.10227272727272728 0.833916083916084 0.13446969696969696 0.22202797202797203
3 0.23106060606060605 0.8356643356643356 0.13636363636363635 0.21678321678321677
7 0.3327020202020202 0.8269230769230769 0.1452020202020202 0.20279720279720279
5 0.4659090909090909 0.8304195804195804 0.14898989898989898 0.22552447552447552
0 0.6734209998778322 0.7283510662957869 0.035794294954637096 0.10945496838929006
1 0.7069246717975384 0.7431561618780084 0.03450228471860404 0.10229910912863358
8 0.7032828282828283 0.8846153846153846 0.10858585858585859 0.23076923076923078
7 0.7954545454545454 0.9038461538461539 0.10858585858585859 0.19230769230769232
5 0.889520202020202 0.9300699300699301 0.10479797979797979 0.13986013986013987