10 0.6474025974025974 0.10067114093959731 0.09805194805194806 0.09899328859060402
1 0.7155844155844155 0.10570469798657718 0.06883116883116883 0.08557046979865772
0 0.7597402597402597 0.10570469798657718 0.06233766233766234 0.08557046979865772
11 0.8084415584415584 0.10906040268456375 0.08181818181818182 0.08892617449664429
4 0.5824675324675325 0.19798657718120805 0.14675324675324675 0.11577181208053691
5 0.7084415584415584 0.20469798657718122 0.1448051948051948 0.11912751677852348
9 0.837012987012987 0.20973154362416108 0.14675324675324675 0.11577181208053691
10 0.1253246753246753 0.5453020134228188 0.09610389610389611 0.16275167785234898
18 0.3168831168831169 0.5050335570469798 0.07792207792207792 0.16610738255033558
5 0.19935064935064936 0.5302013422818792 0.06298701298701298 0.1493288590604027
7 0.2545454545454545 0.5234899328859061 0.06753246753246753 0.1493288590604027
1 0.08181818181818182 0.7399328859060402 0.1 0.20302013422818793
6 0.17012987012987013 0.7231543624161074 0.09480519480519481 0.19798657718120805
9 0.2532467532467532 0.7063758389261745 0.09480519480519481 0.19798657718120805
2 0.3409090909090909 0.6778523489932886 0.09480519480519481 0.18791946308724833
3 0.7292207792207792 0.5033557046979866 0.052597402597402594 0.12416107382550336
0 0.7792207792207793 0.4949664429530201 0.04220779220779221 0.1040268456375839
3 0.8032467532467532 0.47818791946308725 0.04285714285714286 0.12248322147651007
0 0.4896103896103896 0.7734899328859061 0.08051948051948052 0.2214765100671141
0 0.5435064935064935 0.761744966442953 0.08116883116883117 0.21476510067114093
1 0.6038961038961039 0.7432885906040269 0.09415584415584416 0.20973154362416108
11 0.6792207792207792 0.7231543624161074 0.11103896103896103 0.22986577181208054
0 0.7681818181818182 0.7013422818791947 0.07792207792207792 0.20302013422818793
1 0.8214285714285714 0.6795302013422819 0.07792207792207792 0.20973154362416108
6 0.8662337662337662 0.674496644295302 0.07077922077922078 0.17785234899328858
5 0.9181818181818182 0.6526845637583892 0.07142857142857142 0.20302013422818793