10 0.06615384615384616 0.3551912568306011 0.11538461538461539 0.3442622950819672
3 0.14846153846153845 0.35792349726775957 0.08307692307692308 0.3319672131147541
16 0.22692307692307692 0.33060109289617484 0.11846153846153847 0.3620218579234973
4 0.3069230769230769 0.31693989071038253 0.07923076923076923 0.319672131147541
7 0.36538461538461536 0.30191256830601093 0.0823076923076923 0.3292349726775956
6 0.4238461538461539 0.3087431693989071 0.08076923076923077 0.34562841530054644
3 0.4823076923076923 0.2978142076502732 0.08538461538461538 0.366120218579235
10 0.6906891461883 0.19641151282408323 0.21725001170531308 0.3315048593738348
2 0.8345114763744003 0.15778743202480522 0.14464892128596044 0.2906638376752664
11 0.9338461538461539 0.13797814207650272 0.13230769230769232 0.27595628415300544
5 0.6007692307692307 0.4385245901639344 0.12153846153846154 0.22131147540983606
1 0.7361538461538462 0.41939890710382516 0.2569230769230769 0.25956284153005466
0 0.9038461538461539 0.39344262295081966 0.19230769230769232 0.3114754098360656
10 0.16846153846153847 0.7390710382513661 0.13153846153846155 0.1557377049180328
7 0.26153846153846155 0.7117486338797814 0.09230769230769231 0.13797814207650272
11 0.3507692307692308 0.6898907103825137 0.12153846153846154 0.15027322404371585
9 0.12384615384615384 0.8989071038251366 0.16153846153846155 0.20081967213114754
5 0.26692307692307693 0.860655737704918 0.15615384615384614 0.1885245901639344
7 0.4084615384615385 0.8237704918032787 0.16846153846153847 0.20765027322404372
14 0.6630769230769231 0.8866120218579235 0.2153846153846154 0.226775956284153
5 0.8033427404330207 0.8573956331273841 0.13035671435730295 0.25374399260913383
8 0.9042467584280548 0.8248855411974284 0.1280549779646241 0.23990770050045745
1 0.9669230769230769 0.7704918032786885 0.06615384615384616 0.2677595628415301