16 0.11648745519713262 0.2857142857142857 0.1827956989247312 0.4666666666666667
4 0.2724014336917563 0.2976190476190476 0.10752688172043011 0.44285714285714284
7 0.37455197132616486 0.29523809523809524 0.08960573476702509 0.44761904761904764
10 0.4775985663082437 0.2619047619047619 0.08691756272401434 0.21428571428571427
1 0.557347670250896 0.25476190476190474 0.05465949820788531 0.2119047619047619
0 0.6075268817204301 0.24285714285714285 0.0492831541218638 0.2
11 0.6666666666666666 0.23095238095238096 0.07616487455197132 0.20238095238095238
3 0.7544802867383512 0.22857142857142856 0.05465949820788531 0.2
9 0.8064516129032258 0.21666666666666667 0.05734767025089606 0.1880952380952381
8 0.8593189964157706 0.21428571428571427 0.05197132616487455 0.19285714285714287
9 0.9086021505376344 0.20714285714285716 0.06003584229390681 0.1880952380952381
0 0.022401433691756272 0.6238095238095238 0.044802867383512544 0.20952380952380953
3 0.09498207885304659 0.6166666666666667 0.053763440860215055 0.19523809523809524
4 0.14874551971326164 0.6095238095238096 0.05017921146953405 0.18095238095238095
9 0.2222222222222222 0.6095238095238096 0.07168458781362007 0.18095238095238095
1 0.05734767025089606 0.8809523809523809 0.11469534050179211 0.23809523809523808
7 0.17921146953405018 0.8666666666666667 0.12903225806451613 0.26666666666666666
10 0.30824372759856633 0.8547619047619047 0.11827956989247312 0.2904761904761905
0 0.5376344086021505 0.5642857142857143 0.11827956989247312 0.09047619047619047
1 0.49801316110244764 0.8035289342639724 0.10767421868378045 0.3083236626872246
11 0.619673630776223 0.7574948823532728 0.12197985476813847 0.3053360721557103
11 0.747590861144507 0.7083036155858249 0.12018774007279794 0.30511428287691145
11 0.8745519713261649 0.6619047619047619 0.12186379928315412 0.2857142857142857