10 0.11354166666666667 0.18181818181818182 0.13125 0.22727272727272727
7 0.23125 0.17657342657342656 0.08333333333333333 0.18356643356643357
8 0.2989583333333333 0.17132867132867133 0.08541666666666667 0.1993006993006993
18 0.3927083333333333 0.16083916083916083 0.10833333333333334 0.21328671328671328
5 0.06770833333333333 0.4143356643356643 0.13541666666666666 0.3041958041958042
1 0.18645833333333334 0.4125874125874126 0.140625 0.3304195804195804
9 0.29583333333333334 0.40734265734265734 0.14791666666666667 0.32342657342657344
2 0.41458333333333336 0.40734265734265734 0.146875 0.3076923076923077
10 0.6864583333333333 0.08741258741258741 0.11458333333333333 0.17482517482517482
2 0.7666666666666667 0.1258741258741259 0.15 0.2517482517482518
13 0.8927083333333333 0.1958041958041958 0.21458333333333332 0.3916083916083916
10 0.040625 0.8251748251748252 0.08125 0.1958041958041958
1 0.1125 0.8356643356643356 0.1 0.21678321678321677
6 0.18191675427146675 0.8551967081406032 0.09676002636221798 0.2169557095667865
11 0.259375 0.8828671328671329 0.12708333333333333 0.23426573426573427
5 0.35833333333333334 0.9038461538461539 0.1 0.19230769230769232
7 0.42604166666666665 0.9125874125874126 0.09791666666666667 0.17482517482517482
1 0.49166666666666664 0.9230769230769231 0.09166666666666666 0.15384615384615385
5 0.55625 0.9318181818181818 0.09583333333333334 0.13636363636363635
10 0.7022372068442617 0.7868616782070558 0.07754667984777566 0.11075778653048583
7 0.7748143161978917 0.7951478628253383 0.06062534519633142 0.09896545789977962
11 0.8411838702156511 0.8021743524983175 0.06921334651444239 0.110106377459888
3 0.6541666666666667 0.9038461538461539 0.05 0.16433566433566432
8 0.709375 0.9178321678321678 0.09791666666666667 0.16433566433566432
1 0.7958333333333333 0.9248251748251748 0.1 0.15034965034965034
9 0.875 0.9300699300699301 0.09166666666666666 0.13986013986013987