10 0.1346153846153846 0.06875 0.10757211538461539 0.08203125
7 0.23137019230769232 0.071875 0.0673076923076923 0.06640625
8 0.28725961538461536 0.07265625 0.07091346153846154 0.0703125
18 0.3635817307692308 0.0734375 0.0889423076923077 0.0765625
5 0.08954326923076923 0.14765625 0.12259615384615384 0.109375
1 0.1935096153846154 0.15234375 0.11538461538461539 0.11875
9 0.2824519230769231 0.1546875 0.12139423076923077 0.11484375
2 0.3798076923076923 0.16015625 0.12139423076923077 0.109375
10 0.5859375 0.1 0.0733173076923077 0.2
3 0.692543837450245 0.12262319163641164 0.12689418888375562 0.16137253460041112
11 0.8378821298751874 0.13601323509689028 0.14498596829276822 0.17639003954332697
1 0.6069711538461539 0.20703125 0.11538461538461539 0.1234375
5 0.7313701923076923 0.21484375 0.21754807692307693 0.1078125
2 0.9038461538461539 0.23046875 0.19230769230769232 0.0765625
10 0.1171875 0.453125 0.09134615384615384 0.36796875
1 0.17908653846153846 0.525 0.05889423076923077 0.365625
1 0.21814903846153846 0.5671875 0.054086538461538464 0.3484375
11 0.26382211538461536 0.6359375 0.07391826923076923 0.390625
6 0.3191105769230769 0.7359375 0.057692307692307696 0.3765625
9 0.35697115384615385 0.75625 0.057692307692307696 0.36015625
2 0.39122596153846156 0.7828125 0.051682692307692304 0.2921875
3 0.4248798076923077 0.80703125 0.05048076923076923 0.23125
10 0.6460336538461539 0.45 0.07451923076923077 0.3625
1 0.6953125 0.521875 0.046875 0.33984375
1 0.7271634615384616 0.56328125 0.046274038461538464 0.35
11 0.7644230769230769 0.621875 0.05829326923076923 0.36328125
6 0.8070913461538461 0.715625 0.04807692307692308 0.3609375
9 0.8389423076923077 0.75234375 0.04146634615384615 0.3234375
2 0.8665865384615384 0.78984375 0.04146634615384615 0.2875
3 0.8936298076923077 0.80390625 0.04326923076923077 0.246875