9 0.03676470588235294 0.10223048327137546 0.07352941176470588 0.20446096654275092
6 0.10753676470588236 0.0687732342007435 0.11213235294117647 0.137546468401487
18 0.20772058823529413 0.03903345724907063 0.1323529411764706 0.07806691449814127
7 0.046875 0.41263940520446096 0.09375 0.3420074349442379
1 0.1559498657307892 0.2889072394633252 0.172131059257812 0.3461911388005892
1 0.3077700420928068 0.18893533289277287 0.16270428384687233 0.3376736040892514
10 0.5569852941176471 0.3475836431226766 0.0974264705882353 0.2843866171003718
1 0.6452205882352942 0.31784386617100374 0.06433823529411764 0.27695167286245354
8 0.6976102941176471 0.29739776951672864 0.06433823529411764 0.26394052044609667
11 0.7674632352941176 0.27137546468401486 0.0818014705882353 0.275092936802974
9 0.8327205882352942 0.241635687732342 0.0625 0.2527881040892193
8 0.8841911764705882 0.2379182156133829 0.058823529411764705 0.24535315985130113
9 0.9329044117647058 0.21189591078066913 0.06066176470588235 0.24535315985130113
0 0.17632669285388605 0.8537945422918086 0.08191786115996808 0.1577926447350904
1 0.23892121420971518 0.8203023631924985 0.052152698043558696 0.14317593886326974
2 0.2917588398584242 0.7991534499708274 0.08019742533602614 0.16129359875936553
3 0.13419117647058823 0.9758364312267658 0.10661764705882353 0.048327137546468404
4 0.21507352941176472 0.9553903345724907 0.09558823529411764 0.08921933085501858
5 0.296875 0.9330855018587361 0.0974264705882353 0.13382899628252787
6 0.3795955882352941 0.912639405204461 0.0974264705882353 0.17472118959107807
10 0.5542279411764706 0.9107806691449815 0.15992647058823528 0.17843866171003717
1 0.6672794117647058 0.8996282527881041 0.10294117647058823 0.20074349442379183
5 0.7371323529411765 0.8884758364312267 0.10294117647058823 0.22304832713754646
11 0.8235294117647058 0.879182156133829 0.125 0.241635687732342
8 0.9255514705882353 0.8661710037174721 0.10477941176470588 0.26765799256505574
7 0.9761029411764706 0.8550185873605948 0.04779411764705882 0.2899628252788104