10 0.23921568627450981 0.0635593220338983 0.18823529411764706 0.1271186440677966
9 0.3872549019607843 0.059322033898305086 0.1392156862745098 0.11864406779661017
6 0.492156862745098 0.05649717514124294 0.13725490196078433 0.11299435028248588
18 0.6039215686274509 0.059322033898305086 0.1568627450980392 0.11864406779661017
2 0.1669942036483364 0.2306943516948909 0.20862531705586024 0.2873103107685265
7 0.3319694048754678 0.253761584745714 0.2027429641146837 0.2868167229086113
1 0.5010626088155115 0.2310552251803084 0.20683607914120508 0.2899706402389503
1 0.6362745098039215 0.2288135593220339 0.12745098039215685 0.2824858757062147
10 0.753921568627451 0.2612994350282486 0.0784313725490196 0.14124293785310735
6 0.8156862745098039 0.2584745762711864 0.060784313725490195 0.1327683615819209
11 0.8627450980392157 0.23163841807909605 0.06568627450980392 0.12570621468926554
7 0.9264705882352942 0.21610169491525424 0.05 0.11016949152542373
7 0.9647058823529412 0.19491525423728814 0.04411764705882353 0.1059322033898305
2 0.9882352941176471 0.17372881355932204 0.023529411764705882 0.09745762711864407
10 0.1588235294117647 0.5240112994350282 0.12352941176470589 0.23728813559322035
18 0.47058823529411764 0.7782485875706214 0.10392156862745099 0.2457627118644068
7 0.3215686274509804 0.6567796610169492 0.09215686274509804 0.19491525423728814
7 0.3911764705882353 0.7146892655367232 0.09411764705882353 0.20056497175141244
5 0.5970588235294118 0.8516949152542372 0.09019607843137255 0.16101694915254236
4 0.6607843137254902 0.885593220338983 0.0784313725490196 0.07627118644067797
10 0.7833333333333333 0.7231638418079096 0.16666666666666666 0.2711864406779661
4 0.910339891911343 0.703204030384178 0.1496062426938559 0.21490688057316049
2 0.9696078431372549 0.6892655367231638 0.060784313725490195 0.22033898305084745
2 0.7686274509803922 0.9124293785310734 0.13725490196078433 0.1751412429378531
5 0.8754901960784314 0.8898305084745762 0.22941176470588234 0.22033898305084745
9 0.9647058823529412 0.8799435028248588 0.07058823529411765 0.2401129943502825