10 0.07281553398058252 0.17075892857142858 0.08191747572815535 0.3359375
4 0.1316747572815534 0.23102678571428573 0.06310679611650485 0.4029017857142857
11 0.18385922330097088 0.34598214285714285 0.07342233009708737 0.42857142857142855
1 0.2342233009708738 0.453125 0.05825242718446602 0.39285714285714285
2 0.27305825242718446 0.5379464285714286 0.06067961165048544 0.4017857142857143
9 0.3149271844660194 0.5714285714285714 0.061893203883495146 0.33482142857142855
6 0.3592233009708738 0.6227678571428571 0.06492718446601942 0.23102678571428573
10 0.4824029126213592 0.13169642857142858 0.1662621359223301 0.26339285714285715
1 0.6189999105853928 0.1797472658451888 0.17182789133992046 0.33142361337181636
3 0.7180601175368737 0.25209867253564217 0.15799669847075393 0.3222093352732452
11 0.8686283881351488 0.3467333297148613 0.21161680294048904 0.3724073581431146
6 0.5230582524271845 0.49441964285714285 0.24757281553398058 0.4888392857142857
3 0.7075242718446602 0.5680803571428571 0.29854368932038833 0.34151785714285715
2 0.8919902912621359 0.6383928571428571 0.21601941747572814 0.20089285714285715
10 0.07160194174757281 0.7622767857142857 0.05339805825242718 0.046875
18 0.2137070870994547 0.8964941914840233 0.05093328791496415 0.09027270096389557
3 0.11454055527325031 0.7884674590797387 0.04390197013779653 0.07228569143857097
3 0.16597431442999577 0.8430778209966213 0.04123394651874738 0.06776945905701257
5 0.3015776699029126 0.9765625 0.04975728155339806 0.046875
10 0.504247572815534 0.7991071428571429 0.12985436893203883 0.11830357142857142
2 0.6104368932038835 0.828125 0.09648058252427184 0.13616071428571427
0 0.6595873786407767 0.8526785714285714 0.09101941747572816 0.13839285714285715
11 0.7445388349514563 0.8939732142857143 0.11407766990291263 0.15066964285714285
4 0.820995145631068 0.9308035714285714 0.09526699029126214 0.13839285714285715
9 0.8689320388349514 0.9441964285714286 0.08980582524271845 0.11160714285714286
9 0.9150485436893204 0.9553571428571429 0.0825242718446602 0.08928571428571429
0 0.9593446601941747 0.9654017857142857 0.08070388349514564 0.06919642857142858