10 0.10976948408342481 0.25984251968503935 0.10290889132821075 0.2017716535433071
4 0.2066410537870472 0.24803149606299213 0.07052689352360043 0.1919291338582677
11 0.29088913282107576 0.24114173228346455 0.08726673984632272 0.1919291338582677
1 0.3732162458836443 0.2312992125984252 0.06229418221734358 0.1919291338582677
2 0.43605927552140505 0.22933070866141733 0.06476399560922064 0.20078740157480315
9 0.5049396267837541 0.21456692913385828 0.0672338090010977 0.20964566929133857
6 0.5779363336992316 0.20964566929133857 0.07546652030735455 0.20669291338582677
10 0.7607025246981339 0.18405511811023623 0.05159165751920966 0.10433070866141732
7 0.8081778265642151 0.1643700787401575 0.03485181119648738 0.08858267716535433
9 0.8400109769484083 0.14566929133858267 0.03293084522502744 0.09350393700787402
18 0.8844676180021954 0.11614173228346457 0.042810098792535674 0.09940944881889764
6 0.7420417124039517 0.3228346456692913 0.06750823271130625 0.14271653543307086
0 0.8035126234906695 0.30118110236220474 0.05625686059275521 0.13681102362204725
9 0.8611416026344676 0.2637795275590551 0.062019758507135016 0.13976377952755906
0 0.9184961580680571 0.23523622047244094 0.05872667398463227 0.14173228346456693
10 0.06531284302963776 0.5984251968503937 0.07766190998902305 0.1309055118110236
18 0.24313940724478594 0.6948818897637795 0.05598243688254665 0.12992125984251968
6 0.11772777167947311 0.6230314960629921 0.03732162458836443 0.09251968503937008
0 0.16492864983534578 0.6545275590551181 0.05186608122941822 0.09251968503937008
2 0.30680570801317236 0.7322834645669292 0.059275521405049394 0.10925196850393701
3 0.3792535675082327 0.7716535433070866 0.059275521405049394 0.10334645669291338
9 0.5010976948408342 0.8415354330708661 0.07025246981339188 0.1141732283464567
7 0.5790340285400659 0.8789370078740157 0.07381997804610319 0.125
5 0.7218837892822053 0.6770486815982087 0.10411723500978187 0.3997564931398164
2 0.818880351262349 0.6702755905511811 0.09440175631174534 0.42322834645669294
2 0.9102634467618003 0.6791338582677166 0.09495060373216246 0.4409448818897638
6 0.9772228320526893 0.6761811023622047 0.045554335894621295 0.43503937007874016