10 0.1868836291913215 0.17199248120300753 0.13560157790927022 0.19266917293233082
4 0.29339250493096647 0.162593984962406 0.07988165680473373 0.17575187969924813
11 0.3742603550295858 0.14191729323308272 0.10601577909270217 0.17763157894736842
3 0.07642998027613412 0.36466165413533835 0.1346153846153846 0.22086466165413535
7 0.20808678500986194 0.35714285714285715 0.14003944773175542 0.22556390977443608
2 0.3348126232741617 0.33646616541353386 0.1296844181459566 0.22462406015037595
7 0.45956607495069035 0.30451127819548873 0.14003944773175542 0.22086466165413535
10 0.6878698224852071 0.19266917293233082 0.10207100591715976 0.1513157894736842
5 0.7702169625246549 0.17105263157894737 0.07297830374753451 0.14943609022556392
11 0.841715976331361 0.15037593984962405 0.08530571992110454 0.15037593984962405
4 0.6291913214990138 0.38345864661654133 0.1203155818540434 0.19924812030075187
4 0.7287968441814595 0.3599624060150376 0.11193293885601578 0.20206766917293234
9 0.8185404339250493 0.3308270676691729 0.09911242603550297 0.18327067669172933
3 0.9063116370808678 0.3026315789473684 0.11341222879684418 0.18421052631578946
10 0.19822485207100593 0.6607142857142857 0.21499013806706113 0.3026315789473684
1 0.3673570019723866 0.6372180451127819 0.15680473372781065 0.2556390977443609
1 0.47435897435897434 0.6231203007518797 0.14003944773175542 0.2274436090225564
11 0.5369822485207101 0.6156015037593985 0.0641025641025641 0.212406015037594
7 0.14053254437869822 0.9135338345864662 0.28106508875739644 0.17293233082706766
4 0.3875739644970414 0.893796992481203 0.2938856015779093 0.212406015037594
10 0.6282051282051282 0.7979323308270677 0.08185404339250493 0.22086466165413535
1 0.6824457593688363 0.7857142857142857 0.05374753451676528 0.20958646616541354
5 0.7164694280078896 0.7800751879699248 0.05571992110453649 0.2161654135338346
11 0.7578895463510849 0.7744360902255639 0.0650887573964497 0.212406015037594
8 0.8076923076923077 0.7612781954887218 0.055226824457593686 0.20488721804511278
7 0.8436883629191322 0.7528195488721805 0.05226824457593689 0.20206766917293234
1 0.8796844181459567 0.7518796992481203 0.051775147928994084 0.20206766917293234
3 0.9132149901380671 0.7424812030075187 0.04980276134122288 0.19736842105263158