10 0.2257142857142857 0.09051724137931035 0.13428571428571429 0.1788793103448276
4 0.3314285714285714 0.11206896551724138 0.07857142857142857 0.17025862068965517
11 0.41285714285714287 0.1271551724137931 0.10428571428571429 0.17672413793103448
3 0.09428571428571429 0.21767241379310345 0.13142857142857142 0.21767241379310345
7 0.22428571428571428 0.25862068965517243 0.13714285714285715 0.22629310344827586
2 0.3485714285714286 0.29094827586206895 0.12571428571428572 0.21982758620689655
7 0.4757142857142857 0.3081896551724138 0.13714285714285715 0.22198275862068967
10 0.6471428571428571 0.15732758620689655 0.09857142857142857 0.2349137931034483
8 0.7257142857142858 0.1875 0.06714285714285714 0.20689655172413793
11 0.7828571428571428 0.21120689655172414 0.08 0.21767241379310345
1 0.8485714285714285 0.2478448275862069 0.06714285714285714 0.22629310344827586
3 0.9 0.2629310344827586 0.06285714285714286 0.21120689655172414
3 0.95 0.28448275862068967 0.06714285714285714 0.21120689655172414
10 0.05285714285714286 0.6767241379310345 0.10428571428571429 0.3275862068965517
1 0.14 0.7112068965517241 0.07571428571428572 0.28448275862068967
2 0.19714285714285715 0.7327586206896551 0.07285714285714286 0.28879310344827586
11 0.26285714285714284 0.7478448275862069 0.09285714285714286 0.3254310344827586
5 0.35 0.7887931034482759 0.07714285714285714 0.31896551724137934
1 0.41 0.8017241379310345 0.07285714285714286 0.27155172413793105
4 0.4657142857142857 0.8038793103448276 0.07142857142857142 0.25
1 0.5242857142857142 0.8081896551724138 0.07142857142857142 0.22198275862068967
8 0.7271428571428571 0.6077586206896551 0.2542857142857143 0.3017241379310345
9 0.9057142857142857 0.6293103448275862 0.18857142857142858 0.3448275862068966