10 0.06401617250673855 0.0984251968503937 0.11590296495956873 0.1220472440944882
3 0.13746630727762804 0.11220472440944881 0.08423180592991913 0.11220472440944881
11 0.20350404312668463 0.11614173228346457 0.09433962264150944 0.12007874015748031
6 0.27695417789757415 0.12598425196850394 0.09299191374663072 0.12007874015748031
7 0.341644204851752 0.1377952755905512 0.08423180592991913 0.12007874015748031
2 0.4056603773584906 0.14173228346456693 0.08153638814016173 0.11811023622047244
4 0.47035040431266845 0.15354330708661418 0.09164420485175202 0.11811023622047244
10 0.7102425876010782 0.07283464566929133 0.09501347708894879 0.0688976377952756
8 0.7857142857142857 0.07874015748031496 0.06671159029649595 0.0610236220472441
11 0.8456873315363881 0.08661417322834646 0.08355795148247978 0.07480314960629922
5 0.6421832884097035 0.1377952755905512 0.10242587601078167 0.10236220472440945
1 0.7210242587601078 0.14960629921259844 0.0963611859838275 0.09448818897637795
6 0.7978436657681941 0.15748031496062992 0.10040431266846361 0.10039370078740158
6 0.876010781671159 0.16535433070866143 0.09433962264150944 0.09645669291338582
10 0.1522911051212938 0.468503937007874 0.10849056603773585 0.23228346456692914
7 0.238544474393531 0.4744094488188976 0.0761455525606469 0.18700787401574803
9 0.29784366576819404 0.468503937007874 0.07412398921832884 0.19291338582677164
18 0.3807277628032345 0.4507874015748031 0.09231805929919137 0.2125984251968504
6 0.09366576819407008 0.6929133858267716 0.14285714285714285 0.3090551181102362
0 0.20350404312668463 0.7066929133858267 0.12264150943396226 0.28937007874015747
9 0.3106469002695418 0.6889763779527559 0.13274932614555257 0.2992125984251969
0 0.4164420485175202 0.6850393700787402 0.12735849056603774 0.3031496062992126
10 0.6495956873315364 0.5807086614173228 0.18059299191374664 0.65748031496063
1 0.784170964902503 0.6369999203052485 0.13453747101308725 0.5716058042733162
5 0.8745097936194965 0.6760901567658784 0.13307993225954437 0.5636401536498691
11 0.9474393530997305 0.7145669291338582 0.10512129380053908 0.5708661417322834