10 0.05737704918032787 0.08950617283950617 0.11475409836065574 0.17901234567901234
3 0.13114754098360656 0.10493827160493827 0.18032786885245902 0.20987654320987653
11 0.2568306010928962 0.12962962962962962 0.20218579234972678 0.25925925925925924
6 0.39344262295081966 0.15123456790123457 0.19672131147540983 0.30246913580246915
7 0.5150273224043715 0.1728395061728395 0.1830601092896175 0.345679012345679
2 0.5765027322404371 0.17901234567901234 0.06557377049180328 0.35802469135802467
10 0.639344262295082 0.07407407407407407 0.060109289617486336 0.14814814814814814
9 0.662568306010929 0.13271604938271606 0.10109289617486339 0.2654320987654321
11 0.7131147540983607 0.23148148148148148 0.12021857923497267 0.3271604938271605
3 0.7650273224043715 0.30864197530864196 0.09836065573770492 0.1728395061728395
1 0.8128415300546448 0.3611111111111111 0.10655737704918032 0.06790123456790123
10 0.10655737704918032 0.5432098765432098 0.1912568306010929 0.2962962962962963
8 0.22945496689501615 0.5868757008781857 0.12566655994561665 0.25118198947267745
11 0.33371498361052054 0.6208310492778952 0.15413764448403944 0.2798290827921568
9 0.10382513661202186 0.7993827160493827 0.20765027322404372 0.4012345679012346
2 0.25546448087431695 0.8271604938271605 0.23224043715846995 0.345679012345679
6 0.4262295081967213 0.8611111111111112 0.23497267759562843 0.2777777777777778
10 0.6557377049180327 0.5833333333333334 0.09153005464480875 0.3765432098765432
7 0.7131147540983607 0.6049382716049383 0.08879781420765027 0.41975308641975306
11 0.773224043715847 0.6635802469135802 0.1051912568306011 0.4351851851851852
3 0.8442622950819673 0.7222222222222222 0.0860655737704918 0.4074074074074074
4 0.8934426229508197 0.75 0.08060109289617487 0.3765432098765432
3 0.9412568306010929 0.7592592592592593 0.08060109289617487 0.3333333333333333