10 0.21761133603238866 0.10416666666666667 0.15384615384615385 0.17803030303030304
5 0.32186234817813764 0.14772727272727273 0.10425101214574899 0.1553030303030303
11 0.409919028340081 0.1875 0.12246963562753037 0.16098484848484848
3 0.12651821862348178 0.24621212121212122 0.1771255060728745 0.22916666666666666
2 0.2682186234817814 0.3068181818181818 0.15890688259109312 0.21022727272727273
4 0.4139676113360324 0.36174242424242425 0.19230769230769232 0.19318181818181818
10 0.7444983092020877 0.12310606060606061 0.09571877259258467 0.1856060606060606
1 0.8053212700087429 0.1534090909090909 0.06728447575354081 0.1553030303030303
0 0.8468663536509369 0.16856060606060605 0.0632358927575894 0.1553030303030303
11 0.8904592827579525 0.19128787878787878 0.07945377870824102 0.16287878787878787
4 0.6761375891161217 0.2727272727272727 0.1383466638843044 0.22348484848484848
5 0.7916929707603703 0.32765151515151514 0.1383702178511504 0.23106060606060605
9 0.9089068825910931 0.36174242424242425 0.13765182186234817 0.19318181818181818
0 0.21153846153846154 0.509469696969697 0.18421052631578946 0.10227272727272728
6 0.3674089068825911 0.5397727272727273 0.12753036437246965 0.16287878787878787
9 0.4817813765182186 0.5757575757575758 0.15384615384615385 0.23484848484848486
7 0.08198380566801619 0.6231060606060606 0.16396761133603238 0.3143939393939394
10 0.2271099630516269 0.7045454545454546 0.17304226695204306 0.3143939393939394
18 0.37717840452055806 0.7916666666666666 0.1690172379229377 0.32196969696969696
7 0.5151821862348178 0.8522727272727273 0.1680161943319838 0.29545454545454547
10 0.6325910931174089 0.571969696969697 0.06680161943319839 0.22727272727272727
5 0.6933970632743186 0.6041666666666666 0.13248577509199103 0.2916666666666667
11 0.7988486529038232 0.6647727272727273 0.15478831251999275 0.30303030303030304
9 0.631578947368421 0.8352272727272727 0.06477732793522267 0.32954545454545453
2 0.7135627530364372 0.875 0.1720647773279352 0.25
7 0.854251012145749 0.9109848484848485 0.17813765182186234 0.17803030303030304