10 0.18309859154929578 0.17857142857142858 0.1607981220657277 0.19047619047619047
5 0.29225352112676056 0.14583333333333334 0.10915492957746478 0.16964285714285715
11 0.38380281690140844 0.11904761904761904 0.13028169014084506 0.17559523809523808
3 0.1596244131455399 0.3601190476190476 0.18309859154929578 0.19642857142857142
2 0.30633802816901406 0.33630952380952384 0.16666666666666666 0.22916666666666666
4 0.4636150234741784 0.3005952380952381 0.20305164319248825 0.23809523809523808
10 0.6901408450704225 0.10416666666666667 0.1596244131455399 0.20833333333333334
2 0.8145539906103286 0.05357142857142857 0.13615023474178403 0.10714285714285714
5 0.6995305164319249 0.31845238095238093 0.1596244131455399 0.27976190476190477
7 0.8157276995305164 0.28273809523809523 0.15258215962441316 0.35119047619047616
4 0.9237820347680092 0.2232090891162112 0.14674019063841248 0.4131194391446442
1 0.9741784037558685 0.17559523809523808 0.051643192488262914 0.35119047619047616
3 0.14551994275294733 0.7022999285870504 0.06670190150385463 0.16726289103713737
0 0.2068038433524243 0.6640844062981033 0.05224832559341079 0.14795050255269412
1 0.24862678413296274 0.647616809846671 0.061884042867039975 0.16082542820898965
0 0.3103412650786617 0.6302346208910572 0.05471876638984973 0.1541454244429585
2 0.3485815676206051 0.6104270225566095 0.05471876638984973 0.1541454244429585
3 0.3870064045966436 0.5995479956507331 0.05731223014235228 0.16629272728560385
11 0.4451997587817793 0.5818019952882942 0.07349810911285443 0.1560857519460257
0 0.11737089201877934 0.8571428571428571 0.19248826291079812 0.2857142857142857
7 0.3420164334109779 0.8027879692885151 0.2070349167517971 0.38371121781532685
3 0.5140845070422535 0.7113095238095238 0.107981220657277 0.375
10 0.6255868544600939 0.6815476190476191 0.1056338028169014 0.20535714285714285
7 0.6995305164319249 0.7113095238095238 0.10093896713615023 0.19940476190476192
11 0.7687793427230047 0.7380952380952381 0.11502347417840375 0.22321428571428573
2 0.8450704225352113 0.7708333333333334 0.1056338028169014 0.19940476190476192
9 0.9284037558685446 0.8214285714285714 0.10915492957746478 0.18452380952380953
8 0.971830985915493 0.8333333333333334 0.056338028169014086 0.20238095238095238