10 0.03700361010830325 0.3146067415730337 0.0740072202166065 0.38202247191011235
9 0.11263960785348515 0.29293301555088413 0.09427702559059077 0.38649259347505177
11 0.21066803973917703 0.25824614180305216 0.13060945487497916 0.4042727471233645
2 0.31743255956811994 0.2078782745869622 0.09619775286816404 0.3924377809327482
7 0.38176895306859204 0.16853932584269662 0.03429602888086643 0.33707865168539325
8 0.49097472924187724 0.21067415730337077 0.1371841155234657 0.42134831460674155
9 0.6146209386281588 0.1853932584269663 0.13898916967509026 0.3707865168539326
2 0.740072202166065 0.1544943820224719 0.1371841155234657 0.3089887640449438
6 0.8628158844765343 0.12359550561797752 0.1407942238267148 0.24719101123595505
2 0.0388086642599278 0.5955056179775281 0.0776173285198556 0.1797752808988764
3 0.1092057761732852 0.598314606741573 0.0812274368231047 0.1853932584269663
11 0.24368231046931407 0.6264044943820225 0.12274368231046931 0.24157303370786518
7 0.361913357400722 0.6151685393258427 0.0740072202166065 0.21910112359550563
3 0.7129963898916968 0.6179775280898876 0.04783393501805054 0.08707865168539326
0 0.7626353790613718 0.598314606741573 0.04061371841155235 0.07303370786516854
3 0.7870036101083032 0.5786516853932584 0.03790613718411552 0.08426966292134831
0 0.5072202166064982 0.8707865168539326 0.0812274368231047 0.15168539325842698
0 0.5667870036101083 0.8455056179775281 0.07490974729241877 0.15168539325842698
1 0.6245487364620939 0.8174157303370787 0.08754512635379061 0.14606741573033707
11 0.6994584837545126 0.7808988764044944 0.1055956678700361 0.1544943820224719
0 0.7870036101083032 0.7443820224719101 0.07129963898916968 0.14325842696629212
1 0.8393501805054152 0.7134831460674157 0.07129963898916968 0.14887640449438203
6 0.8862815884476535 0.6966292134831461 0.0631768953068592 0.12640449438202248
5 0.9341155234657039 0.6713483146067416 0.06407942238267147 0.14325842696629212