10 0.07291666666666667 0.2608695652173913 0.125 0.30533596837944665
9 0.16517857142857142 0.2766798418972332 0.06919642857142858 0.283596837944664
11 0.24107142857142858 0.29051383399209485 0.09672619047619048 0.2964426877470356
2 0.3229166666666667 0.29446640316205536 0.07068452380952381 0.2875494071146245
7 0.40327380952380953 0.29150197628458496 0.08035714285714286 0.283596837944664
1 0.4799107142857143 0.31620553359683795 0.07663690476190477 0.30039525691699603
6 0.5543154761904762 0.3241106719367589 0.07663690476190477 0.30434782608695654
10 0.71875 0.17391304347826086 0.050595238095238096 0.16205533596837945
8 0.7604166666666666 0.19268774703557312 0.03869047619047619 0.16205533596837945
11 0.7909226190476191 0.208498023715415 0.046130952380952384 0.1590909090909091
6 0.8273809523809523 0.2341897233201581 0.03720238095238095 0.16205533596837945
3 0.8556547619047619 0.24209486166007904 0.03720238095238095 0.1482213438735178
8 0.8831845238095238 0.2618577075098814 0.046130952380952384 0.1590909090909091
2 0.9136904761904762 0.2756916996047431 0.041666666666666664 0.15118577075098813
10 0.049107142857142856 0.7341897233201581 0.09821428571428571 0.2183794466403162
1 0.12574404761904762 0.7490118577075099 0.05803571428571429 0.20355731225296442
7 0.18377976190476192 0.7559288537549407 0.06845238095238096 0.208498023715415
11 0.24925595238095238 0.7727272727272727 0.08110119047619048 0.2134387351778656
1 0.3236607142857143 0.7895256916996047 0.07291666666666667 0.2134387351778656
0 0.3861607142857143 0.7924901185770751 0.0662202380952381 0.1907114624505929
9 0.45535714285714285 0.8142292490118577 0.08333333333333333 0.208498023715415
3 0.5252976190476191 0.8211462450592886 0.07068452380952381 0.1907114624505929
10 0.7998511904761905 0.6304347826086957 0.1800595238095238 0.18181818181818182
3 0.9613095238095238 0.633399209486166 0.07738095238095238 0.18774703557312253
3 0.7276785714285714 0.8685770750988142 0.17261904761904762 0.2628458498023715
0 0.9159226190476191 0.866600790513834 0.16815476190476192 0.23517786561264822