10 0.1210801393728223 0.17598684210526316 0.11759581881533102 0.20723684210526316
4 0.2229965156794425 0.1299342105263158 0.10540069686411149 0.21052631578947367
16 0.32839721254355403 0.09703947368421052 0.13501742160278746 0.1825657894736842
3 0.11672473867595819 0.4144736842105263 0.12717770034843207 0.2878289473684211
2 0.20818815331010454 0.37993421052631576 0.1254355400696864 0.2779605263157895
2 0.29094076655052264 0.3338815789473684 0.11933797909407666 0.2713815789473684
6 0.38501742160278746 0.29276315789473684 0.12717770034843207 0.2779605263157895
10 0.6193379790940766 0.23026315789473684 0.15156794425087108 0.23190789473684212
2 0.7421602787456446 0.16940789473684212 0.10975609756097561 0.20065789473684212
16 0.8641114982578397 0.1118421052631579 0.15505226480836237 0.20723684210526316
4 0.5940766550522648 0.45394736842105265 0.14721254355400698 0.24835526315789475
0 0.7020905923344948 0.4144736842105263 0.13588850174216027 0.2713815789473684
5 0.8083623693379791 0.3470394736842105 0.13763066202090593 0.26480263157894735
6 0.9224738675958188 0.27960526315789475 0.14721254355400698 0.26480263157894735
10 0.04790940766550523 0.6463815789473685 0.09581881533101046 0.13486842105263158
1 0.06533101045296168 0.8305921052631579 0.13066202090592335 0.33881578947368424
2 0.19250871080139373 0.7894736842105263 0.2456445993031359 0.42105263157894735
9 0.3614982578397213 0.7483552631578947 0.19686411149825783 0.33881578947368424
10 0.5844947735191638 0.7664473684210527 0.13937282229965156 0.14802631578947367
18 0.8432055749128919 0.6398026315789473 0.10801393728222997 0.11019736842105263
9 0.6986062717770035 0.7138157894736842 0.09668989547038327 0.1299342105263158
0 0.7630662020905923 0.6792763157894737 0.09233449477351917 0.12335526315789473
1 0.7717770034843205 0.868421052631579 0.20818815331010454 0.21710526315789475