10 0.13137755102040816 0.2383177570093458 0.1556122448979592 0.2803738317757009
4 0.2561476941344263 0.16668142328515553 0.1442513472812758 0.28885925239986393
16 0.3826530612244898 0.11448598130841121 0.17346938775510204 0.22897196261682243
2 0.3647959183673469 0.3060747663551402 0.16326530612244897 0.14485981308411214
6 0.43112244897959184 0.27102803738317754 0.07653061224489796 0.21495327102803738
8 0.8086734693877551 0.1822429906542056 0.2653061224489796 0.3644859813084112
6 0.9464285714285714 0.16822429906542055 0.10714285714285714 0.3364485981308411
10 0.07653061224489796 0.8130841121495327 0.11479591836734694 0.36682242990654207
1 0.15433673469387754 0.7733644859813084 0.08801020408163265 0.4158878504672897
9 0.21301020408163265 0.7336448598130841 0.08928571428571429 0.4766355140186916
11 0.28188775510204084 0.6425233644859814 0.10459183673469388 0.5280373831775701
9 0.3622448979591837 0.5794392523364486 0.08545918367346939 0.40186915887850466
0 0.41581632653061223 0.5373831775700935 0.08163265306122448 0.31542056074766356
0 0.44642857142857145 0.5046728971962616 0.04081632653061224 0.2523364485981308
10 0.6823979591836735 0.5607476635514018 0.1760204081632653 0.34813084112149534
11 0.8035714285714286 0.5186915887850467 0.11734693877551021 0.2803738317757009
17 0.8877551020408163 0.4976635514018692 0.14668367346938777 0.2383177570093458
0 0.6492346938775511 0.8411214953271028 0.16326530612244897 0.3014018691588785
7 0.7665816326530612 0.8014018691588785 0.14285714285714285 0.32710280373831774
7 0.8737244897959183 0.75 0.1364795918367347 0.3317757009345794
4 0.9579081632653061 0.6962616822429907 0.08418367346938775 0.29205607476635514