10 0.07232704402515723 0.38016528925619836 0.12473794549266247 0.30991735537190085
3 0.1650943396226415 0.30785123966942146 0.09329140461215933 0.40289256198347106
16 0.2468553459119497 0.2334710743801653 0.13050314465408805 0.4669421487603306
3 0.33962264150943394 0.1384297520661157 0.09538784067085954 0.2768595041322314
9 0.4009433962264151 0.08884297520661157 0.09486373165618449 0.1756198347107438
9 0.4617400419287212 0.04132231404958678 0.09329140461215933 0.08264462809917356
10 0.59958071278826 0.33264462809917356 0.12735849056603774 0.390495867768595
1 0.6677148846960168 0.2727272727272727 0.0759958071278826 0.31611570247933884
3 0.7143605870020965 0.23140495867768596 0.0870020964360587 0.3243801652892562
11 0.7751572327044025 0.16735537190082644 0.09853249475890985 0.33264462809917356
6 0.8322851153039832 0.1322314049586777 0.08490566037735849 0.2644628099173554
1 0.8789308176100629 0.10743801652892562 0.07809224318658281 0.21487603305785125
5 0.9281970649895178 0.09090909090909091 0.08909853249475891 0.18181818181818182
0 0.9654088050314465 0.05785123966942149 0.0649895178197065 0.11570247933884298
0 0.13522012578616352 0.756198347107438 0.10429769392033543 0.18801652892561985
2 0.2190775681341719 0.6942148760330579 0.10482180293501048 0.1962809917355372
3 0.3029350104821803 0.6322314049586777 0.10482180293501048 0.19008264462809918
11 0.41823899371069184 0.5888429752066116 0.13155136268343814 0.10330578512396695
6 0.11215932914046121 0.8925619834710744 0.15461215932914046 0.2066115702479339
4 0.240041928721174 0.8140495867768595 0.149895178197065 0.2644628099173554
7 0.37054507337526205 0.7107438016528925 0.149895178197065 0.25826446280991733
7 0.4779874213836478 0.6363636363636364 0.10220125786163523 0.19834710743801653
9 0.6079664570230608 0.7210743801652892 0.15723270440251572 0.3677685950413223