10 0.047337278106508875 0.14603960396039603 0.09467455621301775 0.29207920792079206
3 0.128698224852071 0.15841584158415842 0.0695266272189349 0.31683168316831684
16 0.1997041420118343 0.18316831683168316 0.10207100591715976 0.349009900990099
3 0.28254437869822485 0.21782178217821782 0.07100591715976332 0.32425742574257427
9 0.33727810650887574 0.2400990099009901 0.07100591715976332 0.3292079207920792
9 0.3890532544378698 0.2599009900990099 0.07100591715976332 0.33663366336633666
6 0.4408284023668639 0.2698019801980198 0.07100591715976332 0.3094059405940594
10 0.5576923076923077 0.297029702970297 0.11242603550295859 0.21782178217821782
1 0.6301775147928994 0.2698019801980198 0.08875739644970414 0.17574257425742573
5 0.6923076923076923 0.2400990099009901 0.08875739644970414 0.1806930693069307
11 0.7544378698224852 0.21287128712871287 0.10502958579881656 0.18564356435643564
8 0.8224852071005917 0.18564356435643564 0.08875739644970414 0.18564356435643564
5 0.8772189349112426 0.15841584158415842 0.08431952662721894 0.1707920792079208
6 0.9334319526627219 0.13366336633663367 0.07544378698224852 0.15841584158415842
8 0.9733727810650887 0.11386138613861387 0.05325443786982249 0.15841584158415842
2 0.013313609467455622 0.7054455445544554 0.026627218934911243 0.2623762376237624
11 0.0650887573964497 0.7301980198019802 0.1301775147928994 0.29207920792079206
7 0.19363424351772282 0.7918433451499867 0.11816664018646576 0.2636492460480343
2 0.2716782593299172 0.8121010678886725 0.1133704193122696 0.2880559711025715
8 0.3510894711940282 0.8297971055543591 0.12498055106107332 0.2837969764390417
8 0.43047337278106507 0.849009900990099 0.11538461538461539 0.29207920792079206
8 0.5207100591715976 0.6485148514851485 0.0650887573964497 0.22772277227722773
4 0.6085962678230492 0.6798835850728047 0.14116271590624974 0.25018076167146985
18 0.81475596965778 0.712509658860277 0.16483135495950416 0.25156376244342027
9 0.628698224852071 0.9405940594059405 0.2514792899408284 0.1188118811881188