10 0.18679775280898878 0.1423076923076923 0.19382022471910113 0.2846153846153846
5 0.34691011235955055 0.17692307692307693 0.14325842696629212 0.35384615384615387
11 0.49406982220457873 0.23251356956186467 0.17650223264668852 0.3668279049064147
6 0.08286516853932584 0.36923076923076925 0.16573033707865167 0.35384615384615387
6 0.23876404494382023 0.4 0.19101123595505617 0.2923076923076923
7 0.4297752808988764 0.43846153846153846 0.23595505617977527 0.2153846153846154
10 0.6207865168539326 0.28076923076923077 0.0449438202247191 0.45384615384615384
1 0.669774997352491 0.2988281637934289 0.09089976404086933 0.39835092124953786
7 0.7323108417012669 0.32298304549533163 0.09518493588448843 0.4370362830052188
11 0.8061797752808989 0.33076923076923076 0.12359550561797752 0.4307692307692308
7 0.901685393258427 0.34615384615384615 0.09550561797752809 0.4
4 0.9606741573033708 0.3576923076923077 0.07865168539325842 0.3769230769230769
0 0.44084665399568224 0.665927522015072 0.05114378915893038 0.16511963424474038
1 0.4762542501621588 0.6764176208841601 0.05454325115480486 0.18072807292349816
5 0.05056179775280899 0.7846153846153846 0.10112359550561797 0.3230769230769231
11 0.2247191011235955 0.8307692307692308 0.17415730337078653 0.3384615384615385
1 0.39325842696629215 0.8653846153846154 0.12921348314606743 0.2692307692307692
9 0.49719101123595505 0.8846153846153846 0.12359550561797752 0.23076923076923078
1 0.5702247191011236 0.9038461538461539 0.056179775280898875 0.19230769230769232
10 0.07303370786516854 0.5961538461538461 0.07303370786516854 0.1
3 0.8196974527411374 0.6881438375858046 0.045230575014925646 0.15697967996414786
0 0.8612418109699819 0.6761165716133256 0.03591789887504636 0.13323128700479753
3 0.882828011234597 0.654830234889542 0.036803608722790815 0.15630821008172055
0 0.6348314606741573 0.9423076923076923 0.07303370786516854 0.11538461538461539
0 0.6839887640449438 0.9346153846153846 0.0702247191011236 0.13076923076923078
1 0.7345505617977528 0.926923076923077 0.08146067415730338 0.14615384615384616
11 0.797752808988764 0.9115384615384615 0.09550561797752809 0.17692307692307693
0 0.8735955056179775 0.9076923076923077 0.06741573033707865 0.18461538461538463
1 0.9185393258426966 0.8923076923076924 0.06741573033707865 0.2153846153846154
6 0.9592696629213483 0.8961538461538462 0.05898876404494382 0.2076923076923077
5 0.9845505617977528 0.8769230769230769 0.03089887640449438 0.24615384615384617