6 0.15265486725663716 0.17253521126760563 0.15486725663716813 0.34507042253521125
6 0.28982300884955753 0.17253521126760563 0.1415929203539823 0.34507042253521125
7 0.4247787610619469 0.18309859154929578 0.1504424778761062 0.323943661971831
3 0.8561946902654868 0.04929577464788732 0.05309734513274336 0.09859154929577464
0 0.915929203539823 0.04929577464788732 0.04424778761061947 0.09859154929577464
1 0.956858407079646 0.0528169014084507 0.05088495575221239 0.1056338028169014
7 0.588495575221239 0.15492957746478872 0.17699115044247787 0.30985915492957744
0 0.8042035398230089 0.17253521126760563 0.1747787610619469 0.34507042253521125
7 0.9612831858407079 0.2147887323943662 0.07743362831858407 0.2605633802816901
10 0.17035398230088494 0.4753521126760563 0.11946902654867257 0.2605633802816901
8 0.2706333444062439 0.502080840982637 0.07939039782635206 0.2747774365376624
11 0.35274922115796464 0.5297104885542913 0.10593907039272374 0.27723634033246647
8 0.059734513274336286 0.704225352112676 0.11946902654867257 0.3380281690140845
4 0.1772256478463128 0.746807405871765 0.1328482005000001 0.32899101877515813
2 0.3004509569083089 0.7952941307503733 0.13068730505388398 0.3358283636467179
8 0.4202804409978861 0.8335248383216419 0.1305328232506392 0.3147016030833376
10 0.5663716814159292 0.5704225352112676 0.13274336283185842 0.4507042253521127
7 0.6836310932830384 0.6172158011154693 0.13176867767659792 0.4837156875903797
11 0.8000390054329892 0.641669364618835 0.13387807918829908 0.4698360891976931
6 0.9032755691685842 0.681436887061856 0.11633344594729608 0.4893235805645374
1 0.9701327433628318 0.704225352112676 0.059734513274336286 0.43661971830985913