10 0.12124463519313304 0.297029702970297 0.10515021459227468 0.15841584158415842
7 0.21467215330871378 0.2907576562187147 0.07334510515100694 0.16923846808886422
9 0.27601005260798167 0.25941467138959445 0.06932829361356298 0.17908185591251818
18 0.36154475407202535 0.21107616697050377 0.08891663229071128 0.18924205625063
0 0.4302575107296137 0.33910891089108913 0.1223175965665236 0.07425742574257425
6 0.6373390557939914 0.2524752475247525 0.12446351931330472 0.24752475247524752
13 0.8165236051502146 0.2599009900990099 0.17381974248927037 0.23267326732673269
10 0.018240343347639486 0.6905940594059405 0.03648068669527897 0.35148514851485146
1 0.08265632034372826 0.7142553920528119 0.09774653806022567 0.3526659951596493
9 0.17506851543337537 0.7204443360224708 0.10162583261961043 0.33787211228649044
11 0.2868627737330821 0.7293677377559841 0.13692321541452243 0.3729863958358731
7 0.4022197085981085 0.7507105788197767 0.1044593402566873 0.3626533886716933
5 0.47639484978540775 0.75 0.06437768240343347 0.3712871287128713
10 0.6545064377682404 0.5841584158415841 0.12124463519313304 0.1608910891089109
1 0.7575107296137339 0.5891089108910891 0.07618025751072961 0.16584158415841585
14 0.8540772532188842 0.5891089108910891 0.11909871244635194 0.15841584158415842
4 0.6008583690987125 0.806930693069307 0.11158798283261803 0.23514851485148514
6 0.7188841201716738 0.8143564356435643 0.13090128755364808 0.24257425742574257
0 0.8240343347639485 0.8168316831683168 0.10085836909871244 0.24257425742574257
6 0.9238197424892703 0.8267326732673267 0.11158798283261803 0.2599009900990099