10 0.1173036093418259 0.15977443609022557 0.07696390658174097 0.14097744360902256
7 0.1762208067940552 0.16729323308270677 0.05467091295116773 0.11466165413533834
9 0.21656050955414013 0.16541353383458646 0.05201698513800425 0.12030075187969924
18 0.27335456475583864 0.16071428571428573 0.06475583864118896 0.1325187969924812
6 0.07430997876857749 0.29605263157894735 0.09978768577494693 0.19172932330827067
0 0.14968152866242038 0.3101503759398496 0.08598726114649681 0.17951127819548873
9 0.2229299363057325 0.30451127819548873 0.09288747346072186 0.18515037593984962
0 0.2945859872611465 0.3082706766917293 0.09023354564755838 0.18515037593984962
10 0.5302547770700637 0.10526315789473684 0.0875796178343949 0.162593984962406
8 0.5966029723991507 0.14943609022556392 0.07059447983014862 0.15225563909774437
11 0.6480891719745223 0.18327067669172933 0.08280254777070063 0.16917293233082706
7 0.7133757961783439 0.2236842105263158 0.07908704883227176 0.15601503759398497
0 0.7653927813163482 0.25375939849624063 0.06900212314225053 0.162593984962406
6 0.8184713375796179 0.2894736842105263 0.07430997876857749 0.16635338345864661
0 0.8704883227176221 0.31109022556390975 0.07749469214437367 0.1588345864661654
4 0.07430997876857749 0.6635338345864662 0.14861995753715498 0.3082706766917293
0 0.18114838498705552 0.6893640638009828 0.15333918749407355 0.3078563706666692
10 0.6445533136615461 0.6633399521115407 0.16338378422165983 0.26286388218531676
5 0.7491528974159418 0.7346038603617164 0.13027099363214112 0.2568857755609941
11 0.8541606525829207 0.7945895731231705 0.14886193131176367 0.27210927764141946
4 0.5010615711252654 0.8468045112781954 0.17197452229299362 0.30639097744360905
4 0.6300424628450106 0.8872180451127819 0.18152866242038215 0.22556390977443608
7 0.7462845010615711 0.9304511278195489 0.15498938428874734 0.13909774436090225