10 0.044605809128630707 0.45555555555555555 0.08921161825726141 0.2
1 0.11307053941908714 0.4222222222222222 0.13485477178423236 0.26666666666666666
9 0.1970954356846473 0.3861111111111111 0.13692946058091288 0.3388888888888889
11 0.30186721991701243 0.32222222222222224 0.17634854771784234 0.4666666666666667
7 0.37863070539419086 0.25555555555555554 0.08091286307053942 0.45555555555555555
0 0.5114107883817427 0.20555555555555555 0.18464730290456433 0.4111111111111111
5 0.6358921161825726 0.12777777777777777 0.13070539419087138 0.25555555555555554
4 0.7302904564315352 0.075 0.13692946058091288 0.15
5 0.4948132780082988 0.48333333333333334 0.15145228215767634 0.14444444444444443
10 0.6161825726141079 0.4166666666666667 0.1825726141078838 0.2777777777777778
4 0.7645228215767634 0.3416666666666667 0.2012448132780083 0.42777777777777776
17 0.9045643153526971 0.24444444444444444 0.1908713692946058 0.4888888888888889
10 0.07572614107883817 0.9416666666666667 0.15145228215767634 0.11666666666666667
2 0.1825726141078838 0.9027777777777778 0.12863070539419086 0.19444444444444445
1 0.262448132780083 0.8583333333333333 0.12240663900414937 0.2833333333333333
11 0.34854771784232363 0.8083333333333333 0.14107883817427386 0.37222222222222223
2 0.40145228215767637 0.7166666666666667 0.035269709543568464 0.32222222222222224
4 0.45643153526970953 0.925 0.07468879668049792 0.15
11 0.5508298755186722 0.8472222222222222 0.1970954356846473 0.3055555555555556
1 0.6887966804979253 0.7833333333333333 0.15352697095435686 0.43333333333333335
2 0.7946058091286307 0.7361111111111112 0.16182572614107885 0.3611111111111111
9 0.9066390041493776 0.6722222222222223 0.16597510373443983 0.23333333333333334