10 0.08118971061093247 0.15454545454545454 0.11093247588424437 0.3090909090909091
1 0.15594855305466238 0.18181818181818182 0.07234726688102894 0.33181818181818185
9 0.20819935691318328 0.21515151515151515 0.07395498392282958 0.3242424242424242
11 0.272508038585209 0.25303030303030305 0.09565916398713827 0.36818181818181817
7 0.33762057877813506 0.30303030303030304 0.07636655948553055 0.34545454545454546
5 0.39228295819935693 0.3287878787878788 0.07636655948553055 0.35
2 0.4437299035369775 0.3409090909090909 0.0747588424437299 0.3151515151515151
3 0.49356913183279744 0.35454545454545455 0.0707395498392283 0.2772727272727273
10 0.6567524115755627 0.1484848484848485 0.11254019292604502 0.16666666666666666
18 0.8794212218649518 0.1621212121212121 0.08842443729903537 0.14393939393939395
9 0.7532154340836013 0.1606060606060606 0.07636655948553055 0.14696969696969697
0 0.8094855305466238 0.16363636363636364 0.07315112540192927 0.14393939393939395
1 0.7805466237942122 0.37575757575757573 0.1680064308681672 0.24545454545454545
10 0.1422829581993569 0.6454545454545455 0.17845659163987138 0.21212121212121213
9 0.3086816720257235 0.6484848484848484 0.15112540192926044 0.21818181818181817
1 0.4429260450160772 0.6530303030303031 0.13987138263665594 0.22727272727272727
1 0.10209003215434084 0.843939393939394 0.20418006430868169 0.31212121212121213
2 0.272508038585209 0.8469696969696969 0.22347266881028938 0.30606060606060603
9 0.43890675241157556 0.8560606060606061 0.18006430868167203 0.2878787878787879
10 0.6262057877813505 0.6787878787878788 0.10530546623794212 0.15303030303030302
4 0.6897106109324759 0.6833333333333333 0.06430868167202572 0.12121212121212122
11 0.7483922829581994 0.6848484848484848 0.07958199356913183 0.1409090909090909
2 0.8070739549839229 0.6909090909090909 0.06591639871382636 0.1303030303030303
9 0.8536977491961415 0.7015151515151515 0.06109324758842444 0.1303030303030303
0 0.8979099678456591 0.6954545454545454 0.0594855305466238 0.12424242424242424
1 0.9453376205787781 0.7151515151515152 0.06591639871382636 0.13333333333333333