4 0.3450479233226837 0.07272727272727272 0.21405750798722045 0.14545454545454545
18 0.547923322683706 0.15151515151515152 0.2012779552715655 0.30303030303030304
1 0.09824281150159744 0.17424242424242425 0.1964856230031949 0.3484848484848485
2 0.20926517571884984 0.20454545454545456 0.19808306709265175 0.36666666666666664
4 0.3738019169329074 0.2515151515151515 0.22364217252396165 0.2727272727272727
3 0.5407348242811502 0.30606060606060603 0.20607028753993611 0.16363636363636364
2 0.7300319488817891 0.22575757575757577 0.16293929712460065 0.3242424242424242
3 0.8306709265175719 0.2545454545454545 0.18849840255591055 0.26666666666666666
2 0.9233226837060703 0.2878787878787879 0.15335463258785942 0.2
10 0.1182108626198083 0.5257575757575758 0.12300319488817892 0.27575757575757576
7 0.20527156549520767 0.5651515151515152 0.10782747603833866 0.353030303030303
11 0.28434504792332266 0.6272727272727273 0.11421725239616613 0.36515151515151517
5 0.37859424920127793 0.7196969696969697 0.10862619808306709 0.3515151515151515
8 0.4520766773162939 0.7833333333333333 0.09424920127795527 0.34393939393939393
0 0.5175718849840255 0.8181818181818182 0.09424920127795527 0.2878787878787879
7 0.59185303514377 0.8469696969696969 0.10303514376996806 0.2196969696969697
10 0.7827476038338658 0.5045454545454545 0.08146964856230032 0.23333333333333334
1 0.854632587859425 0.5409090909090909 0.06469648562300319 0.2636363636363636
13 0.9185303514376997 0.593939393939394 0.08546325878594249 0.29848484848484846
8 0.744408945686901 0.6924242424242424 0.08146964856230032 0.30454545454545456
6 0.8123003194888179 0.753030303030303 0.07507987220447285 0.3015151515151515
0 0.8801916932907349 0.8136363636363636 0.07348242811501597 0.30757575757575756
6 0.9440894568690096 0.843939393939394 0.0694888178913738 0.2606060606060606