4 0.3501908396946565 0.08575581395348837 0.24618320610687022 0.17151162790697674
18 0.523854961832061 0.18604651162790697 0.1316793893129771 0.37209302325581395
1 0.07347328244274809 0.1555232558139535 0.14694656488549618 0.311046511627907
2 0.15359523394854618 0.24440727491949754 0.22228769758156733 0.48083363494679704
4 0.3377862595419847 0.32558139534883723 0.25572519083969464 0.4069767441860465
3 0.49904580152671757 0.39680232558139533 0.18129770992366412 0.26453488372093026
10 0.6564885496183206 0.23837209302325582 0.0982824427480916 0.2558139534883721
1 0.7099236641221374 0.27180232558139533 0.05916030534351145 0.20494186046511628
2 0.7509541984732825 0.27761627906976744 0.0648854961832061 0.20494186046511628
11 0.8005725190839694 0.29651162790697677 0.07729007633587787 0.22965116279069767
4 0.8444656488549618 0.31540697674418605 0.06297709923664122 0.20930232558139536
5 0.8835877862595419 0.3386627906976744 0.05916030534351145 0.2136627906976744
6 0.9208015267175572 0.34738372093023256 0.06297709923664122 0.2238372093023256
4 0.9570610687022901 0.35755813953488375 0.05916030534351145 0.20494186046511628
3 0.3435114503816794 0.7630813953488372 0.060114503816793896 0.13372093023255813
0 0.4074427480916031 0.8037790697674418 0.05534351145038168 0.12936046511627908
1 0.4446564885496183 0.8357558139534884 0.05725190839694656 0.12936046511627908
0 0.0648854961832061 0.7238372093023255 0.0868320610687023 0.22093023255813954
2 0.12309160305343511 0.7688953488372093 0.0916030534351145 0.2311046511627907
4 0.183206106870229 0.8183139534883721 0.08396946564885496 0.22529069767441862
11 0.24713740458015268 0.8648255813953488 0.10687022900763359 0.2369186046511628
3 0.32538167938931295 0.9040697674418605 0.08969465648854962 0.19186046511627908
6 0.38740458015267176 0.9244186046511628 0.08874045801526717 0.1511627906976744
5 0.4494274809160305 0.9418604651162791 0.08969465648854962 0.11627906976744186
3 0.5047709923664122 0.9651162790697675 0.08492366412213741 0.06831395348837209
10 0.6459923664122137 0.6482558139534884 0.08396946564885496 0.2311046511627907
1 0.700381679389313 0.6962209302325582 0.0648854961832061 0.29505813953488375
9 0.7414122137404581 0.7456395348837209 0.0648854961832061 0.3241279069767442
11 0.7938931297709924 0.8270348837209303 0.07633587786259542 0.34593023255813954
9 0.8501908396946565 0.8837209302325582 0.06202290076335878 0.23255813953488372
0 0.8883587786259542 0.9200581395348837 0.05916030534351145 0.15988372093023256
0 0.9236641221374046 0.9549418604651163 0.05534351145038168 0.09011627906976744
2 0.9618320610687023 0.9811046511627907 0.061068702290076333 0.0377906976744186