1 0.054878048780487805 0.19345238095238096 0.10975609756097561 0.3869047619047619
1 0.14634146341463414 0.17559523809523808 0.10975609756097561 0.35119047619047616
11 0.2530487804878049 0.15476190476190477 0.1443089430894309 0.30952380952380953
9 0.36585365853658536 0.1130952380952381 0.11788617886178862 0.2261904761904762
3 0.45223577235772355 0.09226190476190477 0.09552845528455285 0.18452380952380953
10 0.5782520325203252 0.36607142857142855 0.11178861788617886 0.3630952380952381
5 0.665650406504065 0.3601190476190476 0.08333333333333333 0.375
11 0.7327235772357723 0.34226190476190477 0.08739837398373984 0.4107142857142857
4 0.8073089110756342 0.33108453272780264 0.08915083294159554 0.3896825733253179
6 0.8786245433616414 0.30595222955987905 0.08915083294159554 0.3896825733253178
5 0.9397184337203346 0.2878116159601622 0.08107989194208037 0.39480350738503817
3 0.9827235772357723 0.25892857142857145 0.034552845528455285 0.39880952380952384
10 0.1267507488302217 0.8565381111480047 0.12664505339579923 0.2805367079702179
18 0.3861788617886179 0.6517857142857143 0.0975609756097561 0.20833333333333334
9 0.24029488064522464 0.7705970236075762 0.0837255653613398 0.2523620879742256
0 0.3068544837753616 0.7132462795094702 0.07960138440963545 0.2459939835755143
1 0.29878048780487804 0.9523809523809523 0.18699186991869918 0.09523809523809523
10 0.5426829268292683 0.6904761904761905 0.06910569105691057 0.125
18 0.6829268292682927 0.7380952380952381 0.052845528455284556 0.125
6 0.584349593495935 0.6994047619047619 0.03556910569105691 0.08630952380952381
0 0.6219512195121951 0.7202380952380952 0.046747967479674794 0.09226190476190477
2 0.7347560975609756 0.7589285714285714 0.052845528455284556 0.10714285714285714
3 0.7916666666666666 0.7767857142857143 0.051829268292682924 0.10119047619047619
9 0.8892276422764228 0.8154761904761905 0.06097560975609756 0.1130952380952381
7 0.9512195121951219 0.8303571428571429 0.06707317073170732 0.12202380952380952