1 0.019 0.371875 0.038 0.35625
1 0.062 0.3375 0.124 0.425
11 0.16 0.284375 0.16 0.53125
9 0.265 0.228125 0.134 0.45625
3 0.353 0.190625 0.13 0.38125
7 0.438 0.165625 0.14 0.33125
0 0.49 0.121875 0.06 0.24375
3 0.792 0.20625 0.048 0.153125
0 0.845 0.1625 0.043 0.146875
1 0.876 0.14375 0.048 0.146875
0 0.6 0.471875 0.071 0.15625
2 0.65 0.453125 0.075 0.190625
4 0.702 0.440625 0.07 0.21875
11 0.757 0.41875 0.089 0.2625
3 0.82 0.378125 0.074 0.253125
6 0.872 0.35 0.072 0.265625
5 0.922 0.303125 0.076 0.253125
3 0.965 0.26875 0.07 0.25
10 0.037 0.90625 0.074 0.1875
1 0.098 0.8875 0.104 0.225
4 0.167 0.85625 0.122 0.2875
11 0.261 0.83125 0.122 0.3375
3 0.347 0.8125 0.11 0.375
2 0.4289337751846376 0.7877650238747204 0.11097111906285818 0.394747403193211
3 0.488 0.753125 0.064 0.38125
10 0.693 0.690625 0.098 0.28125
1 0.751 0.65 0.07 0.2
0 0.789 0.628125 0.062 0.15625
11 0.831 0.6125 0.082 0.125
4 0.684 0.903125 0.14 0.19375
5 0.793 0.846875 0.138 0.30625
9 0.9043157660224836 0.7782945930011805 0.14072663779747155 0.3798174229648744