10 0.14002732240437157 0.22280334728033474 0.08743169398907104 0.16108786610878661
6 0.2151639344262295 0.17154811715481172 0.06352459016393443 0.15271966527196654
11 0.26434426229508196 0.14644351464435146 0.06489071038251366 0.16736401673640167
1 0.06284153005464481 0.4320083682008368 0.08196721311475409 0.19456066945606695
6 0.1413934426229508 0.3891213389121339 0.0860655737704918 0.20606694560669456
4 0.24521857923497267 0.32217573221757323 0.0860655737704918 0.21443514644351463
3 0.3271857923497268 0.25732217573221755 0.08674863387978142 0.20292887029288703
10 0.48155737704918034 0.2301255230125523 0.045081967213114756 0.25523012552301255
2 0.5691210223400585 0.16317991631799164 0.15985761363102424 0.24686192468619247
9 0.6659836065573771 0.10564853556485355 0.1325136612021858 0.2112970711297071
18 0.8367486338797814 0.05753138075313807 0.1953551912568306 0.11506276150627615
6 0.5314207650273224 0.4372384937238494 0.1448087431693989 0.18410041841004185
0 0.6147540983606558 0.39435146443514646 0.2459016393442623 0.2698744769874477
7 0.7847378585785147 0.34623430962343094 0.2694584668537128 0.36401673640167365
4 0.9282786885245902 0.24267782426778242 0.14344262295081966 0.37656903765690375
10 0.11270491803278689 0.6642259414225942 0.09904371584699453 0.15690376569037656
1 0.18101092896174864 0.6558577405857741 0.06693989071038252 0.14958158995815898
4 0.24180327868852458 0.6464435146443515 0.07855191256830601 0.15271966527196654
11 0.31010928961748635 0.6391213389121339 0.08743169398907104 0.15690376569037656
7 0.05259562841530055 0.8483263598326359 0.1051912568306011 0.22071129707112971
5 0.1523224043715847 0.8357740585774058 0.11748633879781421 0.21338912133891214
9 0.25341530054644806 0.8263598326359832 0.12431693989071038 0.20502092050209206
9 0.35792349726775957 0.8211297071129707 0.12226775956284153 0.21338912133891214
10 0.5129781420765027 0.8849372384937239 0.10792349726775956 0.2301255230125523
3 0.5853825136612022 0.8629707112970711 0.08128415300546447 0.22280334728033474
11 0.6495901639344263 0.8263598326359832 0.09153005464480875 0.2384937238493724
6 0.7213114754098361 0.7928870292887029 0.08879781420765027 0.24163179916317992
7 0.7868852459016393 0.7667364016736402 0.08060109289617487 0.24163179916317992
2 0.8490437158469946 0.7311715481171548 0.07923497267759563 0.23535564853556484
4 0.9139344262295082 0.7060669456066946 0.08879781420765027 0.23535564853556484