10 0.16909814323607428 0.16944444444444445 0.1226790450928382 0.15694444444444444
6 0.25596816976127323 0.1 0.09151193633952255 0.14166666666666666
11 0.3163129973474801 0.06944444444444445 0.09482758620689655 0.1388888888888889
1 0.10477453580901856 0.33611111111111114 0.11671087533156499 0.125
6 0.19827586206896552 0.2972222222222222 0.1240053050397878 0.18888888888888888
4 0.32161803713527853 0.20555555555555555 0.1259946949602122 0.19583333333333333
3 0.4171087533156499 0.12361111111111112 0.1253315649867374 0.18888888888888888
10 0.8083554376657824 0.08611111111111111 0.24005305039787797 0.17222222222222222
5 0.7102122015915119 0.2833333333333333 0.28249336870026526 0.23333333333333334
1 0.8879310344827587 0.2 0.22413793103448276 0.4
10 0.07559681697612732 0.8208333333333333 0.13793103448275862 0.35833333333333334
6 0.16909814323607428 0.7486111111111111 0.11273209549071618 0.3194444444444444
11 0.26525198938992045 0.7013888888888888 0.1273209549071618 0.33611111111111114
5 0.34615384615384615 0.6416666666666667 0.10875331564986737 0.3194444444444444
3 0.42108753315649866 0.5902777777777778 0.11472148541114058 0.33055555555555555
9 0.4927055702917772 0.5388888888888889 0.11273209549071618 0.2777777777777778
10 0.6074270557029178 0.7069444444444445 0.06763925729442971 0.2875
1 0.6438992042440318 0.7 0.07161803713527852 0.25416666666666665
2 0.6850132625994695 0.6847222222222222 0.06697612732095491 0.26666666666666666
11 0.7307692307692307 0.6777777777777778 0.09084880636604775 0.31527777777777777
8 0.7931034482758621 0.6444444444444445 0.08554376657824933 0.28888888888888886
9 0.8454907161803713 0.6319444444444444 0.09018567639257294 0.2833333333333333
4 0.8958885941644562 0.6069444444444444 0.09084880636604775 0.30833333333333335
3 0.9529177718832891 0.5777777777777777 0.09283819628647215 0.28888888888888886