10 0.2009433962264151 0.226890756302521 0.1481132075471698 0.15966386554621848
5 0.30471698113207546 0.17436974789915966 0.09811320754716982 0.14285714285714285
11 0.38301886792452833 0.12605042016806722 0.11037735849056604 0.14495798319327732
5 0.13867924528301886 0.36764705882352944 0.18679245283018867 0.1638655462184874
6 0.3009433962264151 0.31932773109243695 0.17641509433962263 0.20378151260504201
4 0.4528301886792453 0.23529411764705882 0.17641509433962263 0.21638655462184875
10 0.7339622641509433 0.2184873949579832 0.11886792452830189 0.22478991596638656
4 0.8283018867924529 0.14915966386554622 0.07547169811320754 0.1869747899159664
16 0.9056603773584906 0.11134453781512606 0.12358490566037736 0.20378151260504201
8 0.7433962264150943 0.3634453781512605 0.11226415094339623 0.1722689075630252
1 0.8320754716981132 0.32563025210084034 0.10471698113207548 0.21008403361344538
4 0.9179245283018868 0.25840336134453784 0.11226415094339623 0.22058823529411764
10 0.08584905660377358 0.8235294117647058 0.17169811320754716 0.35294117647058826
1 0.18962264150943398 0.7983193277310925 0.1339622641509434 0.40336134453781514
5 0.26209979211712114 0.7674656979095025 0.13637759500755736 0.4166051860725309
11 0.34933932699527026 0.7224833678852751 0.157253223142983 0.4216136134431627
8 0.45322115349394354 0.657116029675711 0.13589395039038346 0.39979846338345526
7 0.529245283018868 0.6281512605042017 0.13018867924528302 0.35714285714285715
1 0.590566037735849 0.6113445378151261 0.09811320754716982 0.3235294117647059
0 0.719811320754717 0.7037815126050421 0.16037735849056603 0.3067226890756303
6 0.8560133334893468 0.6080478915132963 0.12447762364166992 0.26505131943508187
9 0.9452830188679245 0.5651260504201681 0.10943396226415095 0.23109243697478993
7 0.6867924528301886 0.930672268907563 0.09433962264150944 0.13865546218487396
10 0.789622641509434 0.8865546218487395 0.17169811320754716 0.226890756302521
18 0.9254716981132075 0.842436974789916 0.1490566037735849 0.31512605042016806