10 0.17058709827015228 0.2468366056757737 0.12112824405246597 0.3226075025040301
5 0.2533725947792271 0.14711504804769723 0.07955728164364045 0.27909478734216464
11 0.3132411067193676 0.09939759036144578 0.08893280632411067 0.19879518072289157
5 0.12944664031620554 0.45180722891566266 0.15217391304347827 0.2289156626506024
6 0.25889328063241107 0.3855421686746988 0.14624505928853754 0.3614457831325301
4 0.3685770750988142 0.25 0.12055335968379446 0.42771084337349397
16 0.5523715415019763 0.28313253012048195 0.24703557312252963 0.5662650602409639
4 0.7164031620553359 0.28313253012048195 0.17193675889328064 0.5662650602409639
7 0.8359683794466403 0.28012048192771083 0.17786561264822134 0.5602409638554217
6 0.9367588932806324 0.26506024096385544 0.12648221343873517 0.5301204819277109
10 0.16403162055335968 0.7349397590361446 0.1274703557312253 0.23795180722891565
8 0.26778656126482214 0.6957831325301205 0.10177865612648221 0.20783132530120482
11 0.35276679841897235 0.677710843373494 0.1007905138339921 0.15060240963855423
4 0.13043478260869565 0.9126506024096386 0.11956521739130435 0.1716867469879518
8 0.23221343873517786 0.891566265060241 0.1225296442687747 0.21686746987951808
5 0.3300395256916996 0.8674698795180723 0.11166007905138339 0.25
9 0.39822134387351776 0.8253012048192772 0.06126482213438735 0.22289156626506024
10 0.5335968379446641 0.8825301204819277 0.11462450592885376 0.23493975903614459
9 0.6245059288537549 0.9066265060240963 0.09090909090909091 0.18674698795180722
0 0.6926877470355731 0.8945783132530121 0.08893280632411067 0.21084337349397592
18 0.7984189723320159 0.9006024096385542 0.1067193675889328 0.19879518072289157