10 0.12052117263843648 0.17485549132947978 0.10749185667752444 0.17196531791907516
2 0.2271986970684039 0.1676300578034682 0.08713355048859935 0.17485549132947978
16 0.3249185667752443 0.15028901734104047 0.10586319218241043 0.17196531791907516
5 0.08794788273615635 0.36560693641618497 0.10342019543973942 0.1936416184971098
7 0.18403908794788273 0.3670520231213873 0.1001628664495114 0.19653179190751446
4 0.2768729641693811 0.3511560693641618 0.09446254071661238 0.18786127167630057
1 0.36400651465798045 0.3439306358381503 0.0985342019543974 0.1936416184971098
10 0.505700325732899 0.26011560693641617 0.10179153094462541 0.2774566473988439
1 0.5887622149837134 0.2702312138728324 0.061074918566775244 0.24421965317919075
1 0.6441368078175895 0.28034682080924855 0.06026058631921824 0.2514450867052023
11 0.7084690553745928 0.2875722543352601 0.07980456026058631 0.2630057803468208
9 0.7776872964169381 0.2991329479768786 0.06351791530944625 0.24132947976878613
3 0.8346905537459284 0.30491329479768786 0.061074918566775244 0.2514450867052023
7 0.8892508143322475 0.31358381502890176 0.06514657980456026 0.26878612716763006
0 0.9462540716612378 0.3236994219653179 0.06351791530944625 0.2514450867052023
2 0.06026058631921824 0.6054913294797688 0.12052117263843648 0.1936416184971098
11 0.18403908794788273 0.611271676300578 0.14332247557003258 0.20520231213872833
0 0.12866449511400652 0.8569364161849711 0.20521172638436483 0.2861271676300578
7 0.3289902280130293 0.8627167630057804 0.20195439739413681 0.2745664739884393
10 0.6522801302931596 0.7023121387283237 0.11237785016286644 0.11416184971098266
8 0.740228013029316 0.7008670520231214 0.06596091205211727 0.09971098265895954
11 0.8143322475570033 0.7008670520231214 0.09201954397394137 0.10549132947976879
8 0.5537459283387622 0.8526011560693642 0.13192182410423453 0.22109826589595374
9 0.6726384364820847 0.8540462427745664 0.12866449511400652 0.20953757225433525
2 0.7890879478827362 0.8526011560693642 0.13029315960912052 0.21242774566473988
6 0.9071661237785016 0.8497109826589595 0.12866449511400652 0.20520231213872833