10 0.1316831683168317 0.25383141762452105 0.11584158415841585 0.20881226053639848
2 0.22376237623762377 0.21551724137931033 0.09504950495049505 0.20689655172413793
16 0.3079207920792079 0.16954022988505746 0.11386138613861387 0.20881226053639848
5 0.13465346534653466 0.47126436781609193 0.11336633663366337 0.23563218390804597
7 0.2198019801980198 0.4454022988505747 0.1103960396039604 0.23563218390804597
4 0.299009900990099 0.40229885057471265 0.10445544554455445 0.22509578544061304
1 0.37475247524752475 0.3706896551724138 0.10841584158415841 0.23180076628352492
0 0.5450495049504951 0.367816091954023 0.047524752475247525 0.15517241379310345
2 0.5846534653465346 0.3726053639846743 0.048514851485148516 0.16283524904214558
3 0.6237623762376238 0.3773946360153257 0.0504950495049505 0.15900383141762453
11 0.6995049504950495 0.3975095785440613 0.07475247524752475 0.19636015325670497
7 0.7693069306930693 0.39272030651340994 0.05693069306930693 0.171455938697318
9 0.8158415841584158 0.39176245210727967 0.05742574257425743 0.16475095785440613
6 0.8653465346534653 0.3946360153256705 0.0599009900990099 0.1724137931034483
4 0.9158415841584159 0.39176245210727967 0.057920792079207924 0.18295019157088122
0 0.7168316831683168 0.27011494252873564 0.033663366336633666 0.09003831417624521
3 0.7495049504950495 0.2681992337164751 0.033663366336633666 0.09386973180076628
0 0.8024752475247525 0.2681992337164751 0.033663366336633666 0.09386973180076628
1 0.8361386138613861 0.2681992337164751 0.033663366336633666 0.09386973180076628
10 0.07128712871287128 0.7873563218390804 0.14257425742574256 0.2567049808429119
4 0.16865472758900343 0.7645518331505307 0.10961251115217302 0.2348869714678681
11 0.251980198019802 0.7337164750957854 0.11782178217821782 0.210727969348659
1 0.148019801980198 0.9473180076628352 0.1316831683168317 0.1053639846743295
4 0.24752475247524752 0.9252873563218391 0.14455445544554454 0.14942528735632185
0 0.3564356435643564 0.907088122605364 0.1405940594059406 0.18582375478927204
10 0.5232673267326733 0.853448275862069 0.16732673267326734 0.29310344827586204
6 0.6593400718047161 0.8262875800544002 0.14583020323856397 0.2877290700322809
11 0.8239651137811249 0.7886847093734988 0.18888801112541928 0.32021217623727216