1 0.057692307692307696 0.4077669902912621 0.11538461538461539 0.24271844660194175
2 0.14697802197802198 0.40048543689320387 0.12912087912087913 0.25728155339805825
11 0.2651098901098901 0.38349514563106796 0.1620879120879121 0.2912621359223301
1 0.3901098901098901 0.3883495145631068 0.12637362637362637 0.2815533980582524
3 0.45054945054945056 0.3883495145631068 0.054945054945054944 0.2815533980582524
0 0.5604395604395604 0.1407766990291262 0.16483516483516483 0.2815533980582524
10 0.7692307692307693 0.16019417475728157 0.21428571428571427 0.32038834951456313
9 0.9436813186813187 0.20631067961165048 0.11263736263736264 0.33495145631067963
5 0.6195054945054945 0.42475728155339804 0.2445054945054945 0.2087378640776699
17 0.8475274725274725 0.45145631067961167 0.23901098901098902 0.1553398058252427
10 0.11538461538461539 0.7087378640776699 0.10989010989010989 0.15048543689320387
3 0.24175824175824176 0.7111650485436893 0.12225274725274725 0.17233009708737865
11 0.34203296703296704 0.6893203883495146 0.125 0.14563106796116504
8 0.042582417582417584 0.9029126213592233 0.08516483516483517 0.18446601941747573
0 0.12774725274725274 0.8932038834951457 0.10027472527472528 0.1553398058252427
0 0.22664835164835165 0.8640776699029126 0.10989010989010989 0.1553398058252427
1 0.3516483516483517 0.8640776699029126 0.12225274725274725 0.16747572815533981
10 0.6593406593406593 0.6771844660194175 0.10164835164835165 0.13592233009708737
1 0.7472527472527473 0.6990291262135923 0.07280219780219781 0.15048543689320387
3 0.804945054945055 0.7135922330097088 0.07005494505494506 0.1553398058252427
11 0.864010989010989 0.7257281553398058 0.09340659340659341 0.16262135922330098
3 0.5714285714285714 0.866504854368932 0.13736263736263737 0.2669902912621359
6 0.6895604395604396 0.883495145631068 0.14423076923076922 0.23300970873786409
3 0.7980769230769231 0.8956310679611651 0.13186813186813187 0.2087378640776699
5 0.907967032967033 0.9029126213592233 0.1346153846153846 0.1941747572815534