10 0.08192090395480225 0.29646017699115046 0.1638418079096045 0.4247787610619469
1 0.211864406779661 0.3205865156466018 0.1638418079096045 0.3556553774922967
2 0.3149717514124294 0.3487905735552107 0.15819209039548024 0.3861134007890224
11 0.3898305084745763 0.33849557522123896 0.096045197740113 0.4026548672566372
10 0.5282485875706214 0.2234513274336283 0.15819209039548024 0.36283185840707965
1 0.6200564971751412 0.24778761061946902 0.09322033898305085 0.28982300884955753
2 0.6878531073446328 0.23893805309734514 0.10310734463276836 0.28982300884955753
11 0.7711864406779662 0.24336283185840707 0.1228813559322034 0.3252212389380531
4 0.844632768361582 0.25 0.09887005649717515 0.29646017699115046
5 0.9110169491525424 0.26548672566371684 0.09322033898305085 0.3030973451327434
6 0.961864406779661 0.26548672566371684 0.07627118644067797 0.31194690265486724
5 0.19350282485875706 0.6460176991150443 0.18361581920903955 0.07964601769911504
11 0.3361581920903955 0.6814159292035398 0.2033898305084746 0.1504424778761062
9 0.0748587570621469 0.8030973451327433 0.1497175141242938 0.3938053097345133
2 0.21610169491525424 0.834070796460177 0.2457627118644068 0.33185840707964603
7 0.3629943502824859 0.8694690265486725 0.1497175141242938 0.2610619469026549
7 0.6214689265536724 0.6415929203539823 0.11299435028248588 0.07079646017699115
18 0.7048022598870056 0.6946902654867256 0.1327683615819209 0.17699115044247787
7 0.844632768361582 0.798894897856828 0.13559322033898305 0.2336092107900849
2 0.9166666666666666 0.8763939869254803 0.09887005649717515 0.20813503478517437
2 0.96045197740113 0.8871681415929203 0.07909604519774012 0.17256637168141592
1 0.9915254237288136 0.9269911504424779 0.01694915254237288 0.084070796460177