10 0.09675141242937853 0.06204379562043796 0.11440677966101695 0.12408759124087591
1 0.192090395480226 0.06569343065693431 0.07909604519774012 0.13138686131386862
8 0.24717514124293785 0.06934306569343066 0.07627118644067797 0.1386861313868613
11 0.3234463276836158 0.08394160583941605 0.10451977401129943 0.1678832116788321
6 0.0423728813559322 0.29014598540145986 0.0847457627118644 0.3978102189781022
1 0.125 0.3029197080291971 0.134180790960452 0.3722627737226277
0 0.2379943502824859 0.3156934306569343 0.134180790960452 0.3467153284671533
0 0.3439265536723164 0.3248175182481752 0.1115819209039548 0.3284671532846715
13 0.4752824858757062 0.33394160583941607 0.15112994350282485 0.3102189781021898
4 0.597457627118644 0.4032846715328467 0.1327683615819209 0.17153284671532848
1 0.711864406779661 0.44525547445255476 0.13559322033898305 0.08759124087591241
10 0.1228813559322034 0.6040145985401459 0.06567796610169492 0.12226277372262774
1 0.16031073446327684 0.6441605839416058 0.0346045197740113 0.08941605839416059
13 0.1998587570621469 0.6788321167883211 0.05861581920903955 0.12043795620437957
1 0.024717514124293787 0.6204379562043796 0.048728813559322036 0.17335766423357665
2 0.08333333333333333 0.6970802919708029 0.09675141242937853 0.1897810218978102
4 0.1638418079096045 0.7883211678832117 0.0981638418079096 0.1897810218978102
0 0.2563559322033898 0.8813868613138686 0.11440677966101695 0.18613138686131386
10 0.4470338983050847 0.6605839416058394 0.09463276836158192 0.25364963503649635
1 0.527542372881356 0.6861313868613139 0.07062146892655367 0.23357664233576642
9 0.5840395480225988 0.6952554744525548 0.0748587570621469 0.23357664233576642
11 0.682909604519774 0.7153284671532847 0.1016949152542373 0.2427007299270073
8 0.7711864406779662 0.7299270072992701 0.07062146892655367 0.21715328467153286
1 0.827683615819209 0.7481751824817519 0.06779661016949153 0.2116788321167883
6 0.8813559322033898 0.7627737226277372 0.06850282485875706 0.22262773722627738
0 0.9371468926553672 0.7664233576642335 0.06991525423728813 0.2062043795620438