10 0.18444730077120822 0.17177914110429449 0.10861182519280206 0.2714723926380368
1 0.27249357326478146 0.20552147239263804 0.07583547557840617 0.254601226993865
8 0.32390745501285345 0.2254601226993865 0.07455012853470437 0.254601226993865
11 0.3939588688946015 0.2561349693251534 0.09961439588688946 0.27607361963190186
6 0.10604113110539845 0.4217791411042945 0.13110539845758354 0.3282208588957055
1 0.20758354755784061 0.4662576687116564 0.12724935732647816 0.3220858895705521
0 0.3110539845758355 0.5107361963190185 0.12724935732647816 0.3205521472392638
0 0.41966580976863754 0.549079754601227 0.12724935732647816 0.3174846625766871
10 0.62853470437018 0.3098159509202454 0.07519280205655526 0.32515337423312884
1 0.6722365038560412 0.3312883435582822 0.055269922879177376 0.294478527607362
0 0.7088688946015425 0.34049079754601225 0.05141388174807198 0.27607361963190186
11 0.75 0.3496932515337423 0.061696658097686374 0.294478527607362
3 0.8039845758354756 0.37116564417177916 0.060411311053984576 0.3006134969325153
5 0.8457583547557841 0.3803680981595092 0.05848329048843188 0.3006134969325153
4 0.8862467866323908 0.39723926380368096 0.055269922879177376 0.2883435582822086
1 0.9260925449871465 0.4156441717791411 0.055269922879177376 0.294478527607362
9 0.05848329048843188 0.7822085889570553 0.11696658097686376 0.11042944785276074
7 0.17609254498714652 0.8236196319018405 0.13881748071979436 0.19325153374233128
6 0.28213367609254497 0.8634969325153374 0.14524421593830333 0.27300613496932513
3 0.39588688946015427 0.8634969325153374 0.13881748071979436 0.27300613496932513
6 0.4852185089974293 0.8742331288343558 0.10925449871465295 0.25153374233128833
10 0.6060411311053985 0.8052147239263804 0.09897172236503857 0.15644171779141106
2 0.6735218508997429 0.8113496932515337 0.05912596401028278 0.1687116564417178
16 0.7377892030848329 0.848159509202454 0.09511568123393316 0.24233128834355827
7 0.8080084419113166 0.8600096613865412 0.06606119849247423 0.21131965739674574
6 0.8567918061291989 0.8825148992169944 0.06479080730946904 0.21740108357794743
7 0.9043272129551206 0.8897362568785158 0.06733906760582777 0.20830571587812063
2 0.9518476639203458 0.9030925838651904 0.06726428830234496 0.17763086925235375