10 0.06352459016393443 0.1404109589041096 0.12704918032786885 0.2808219178082192
1 0.1680327868852459 0.08561643835616438 0.18032786885245902 0.17123287671232876
5 0.29098360655737704 0.04794520547945205 0.1885245901639344 0.0958904109589041
8 0.06557377049180328 0.3219178082191781 0.13114754098360656 0.1506849315068493
8 0.19262295081967212 0.2636986301369863 0.2540983606557377 0.2671232876712329
8 0.3401639344262295 0.20205479452054795 0.13934426229508196 0.3904109589041096
7 0.47540983606557374 0.3219178082191781 0.13114754098360656 0.1506849315068493
11 0.5737704918032787 0.2945205479452055 0.1885245901639344 0.2054794520547945
7 0.7090163934426229 0.2705479452054795 0.1557377049180328 0.2534246575342466
4 0.8032786885245902 0.25 0.14754098360655737 0.2945205479452055
2 0.8934426229508197 0.2328767123287671 0.1557377049180328 0.3287671232876712
6 0.9549180327868853 0.21232876712328766 0.09016393442622951 0.3698630136986301
10 0.0778688524590164 0.6164383561643836 0.1557377049180328 0.3150684931506849
5 0.229361684439253 0.54715541344398 0.1803312955298726 0.29794760478883997
11 0.3463114754098361 0.5068493150684932 0.12704918032786885 0.2191780821917808
2 0.04918032786885246 0.8904109589041096 0.09836065573770492 0.2191780821917808
9 0.16598360655737704 0.8424657534246576 0.2336065573770492 0.3150684931506849
2 0.3237704918032787 0.8013698630136986 0.1721311475409836 0.3972602739726027
10 0.5020491803278688 0.9041095890410958 0.11475409836065574 0.1917808219178082
1 0.5758196721311475 0.8732876712328768 0.0860655737704918 0.2534246575342466
2 0.6311475409836066 0.8253424657534246 0.0860655737704918 0.3047945205479452
11 0.7008196721311475 0.7636986301369864 0.10860655737704918 0.3321917808219178
8 0.7827868852459017 0.660958904109589 0.09631147540983606 0.3047945205479452
9 0.8442622950819673 0.5993150684931506 0.08401639344262295 0.2910958904109589
4 0.9036885245901639 0.541095890410959 0.0860655737704918 0.2568493150684932
3 0.9569672131147541 0.5034246575342466 0.07377049180327869 0.1815068493150685