10 0.05448717948717949 0.383 0.10897435897435898 0.208
1 0.1469017094017094 0.343 0.1014957264957265 0.222
5 0.2248931623931624 0.311 0.10844017094017094 0.213
11 0.32745726495726496 0.271 0.12179487179487179 0.223
8 0.03685897435897436 0.596 0.07371794871794872 0.187
8 0.12980769230769232 0.571 0.14262820512820512 0.229
8 0.26175213675213677 0.542 0.14423076923076922 0.275
4 0.39155982905982906 0.488 0.15491452991452992 0.281
10 0.751221744306645 0.3986209069919997 0.21264982585513853 0.35261184559155584
1 0.9348290598290598 0.361 0.13034188034188035 0.338
10 0.006944444444444444 0.812 0.013888888888888888 0.106
7 0.03365384615384615 0.82 0.06517094017094018 0.087
7 0.09188034188034189 0.833 0.07051282051282051 0.096
18 0.17735042735042736 0.848 0.09508547008547008 0.108
9 0.3173076923076923 0.876 0.07211538461538461 0.085
1 0.39903846153846156 0.896 0.060363247863247864 0.087
7 0.453525641025641 0.911 0.06143162393162393 0.096
1 0.5112179487179487 0.919 0.060897435897435896 0.093
10 0.592948717948718 0.879 0.027243589743589744 0.143
1 0.6175213675213675 0.886 0.05608974358974359 0.143
3 0.6623931623931624 0.893 0.060897435897435896 0.133
11 0.7136752136752137 0.902 0.07211538461538461 0.14
4 0.7740384615384616 0.917 0.06944444444444445 0.14
4 0.8253205128205128 0.922 0.06677350427350427 0.14
5 0.8728632478632479 0.925 0.06303418803418803 0.124
7 0.9204059829059829 0.927 0.06463675213675214 0.11