1 0.02631578947368421 0.26346153846153847 0.05263157894736842 0.47307692307692306
5 0.07039473684210526 0.25 0.14078947368421052 0.5
11 0.16776315789473684 0.21923076923076923 0.19078947368421054 0.43846153846153846
4 0.28618421052631576 0.14807692307692308 0.1513157894736842 0.29615384615384616
5 0.3736842105263158 0.1076923076923077 0.15 0.2153846153846154
2 0.4519736842105263 0.06538461538461539 0.1355263157894737 0.13076923076923078
10 0.6 0.38076923076923075 0.1006578947368421 0.18076923076923077
1 0.6519736842105263 0.35 0.07302631578947369 0.1576923076923077
0 0.6934210526315789 0.3211538461538462 0.07828947368421052 0.1596153846153846
11 0.7427631578947368 0.2865384615384615 0.08486842105263158 0.17307692307692307
6 0.7855263157894737 0.25 0.07302631578947369 0.1576923076923077
7 0.8243421052631579 0.2173076923076923 0.06842105263157895 0.14807692307692308
9 0.8671052631578947 0.18269230769230768 0.07697368421052632 0.1673076923076923
8 0.9098684210526315 0.1519230769230769 0.07039473684210526 0.15384615384615385
3 0.28092105263157896 0.676923076923077 0.04407894736842105 0.1076923076923077
0 0.3269736842105263 0.6192307692307693 0.034210526315789476 0.08653846153846154
1 0.35592105263157897 0.5846153846153846 0.035526315789473684 0.08653846153846154
0 0.07105263157894737 0.975 0.06907894736842106 0.04807692307692308
2 0.12039473684210526 0.9442307692307692 0.06710526315789474 0.11153846153846154
4 0.1763157894736842 0.9096153846153846 0.07105263157894737 0.1576923076923077
11 0.2381578947368421 0.8442307692307692 0.07763157894736843 0.17115384615384616
9 0.30657894736842106 0.7634615384615384 0.07105263157894737 0.1576923076923077
4 0.3611842105263158 0.7038461538461539 0.06644736842105263 0.16538461538461538
1 0.4072368421052632 0.6461538461538462 0.05460526315789474 0.14423076923076922
9 0.4532894736842105 0.6038461538461538 0.06381578947368421 0.1423076923076923
10 0.5644736842105263 0.8057692307692308 0.08881578947368421 0.20576923076923076
6 0.6401315789473684 0.7942307692307692 0.07039473684210526 0.1519230769230769
3 0.7006578947368421 0.7961538461538461 0.06710526315789474 0.15576923076923077
18 0.7605263157894737 0.7903846153846154 0.07894736842105263 0.17884615384615385
4 0.8243421052631579 0.7865384615384615 0.08223684210526316 0.17115384615384616
7 0.8947368421052632 0.7769230769230769 0.07894736842105263 0.175
0 0.9611842105263158 0.7788461538461539 0.06447368421052632 0.1596153846153846