10 0.043243243243243246 0.17427385892116182 0.08648648648648649 0.34854771784232363
1 0.09932432432432432 0.19398340248962656 0.07972972972972973 0.3869294605809129
5 0.14121621621621622 0.23962655601659752 0.07837837837837838 0.38381742738589214
11 0.18986486486486487 0.29979253112033194 0.09662162162162162 0.41286307053941906
4 0.24594594594594596 0.3558091286307054 0.07635135135135135 0.3630705394190871
5 0.28783783783783784 0.3775933609958506 0.075 0.3091286307053942
2 0.32837837837837835 0.4024896265560166 0.07162162162162163 0.24688796680497926
9 0.3695945945945946 0.42323651452282157 0.07432432432432433 0.19605809128630705
10 0.5141891891891892 0.09647302904564316 0.15608108108108107 0.19294605809128632
1 0.5601351351351351 0.1421161825726141 0.11148648648648649 0.20435684647302904
1 0.7486486486486487 0.4450207468879668 0.13108108108108107 0.21991701244813278
4 0.6 0.19294605809128632 0.11554054054054054 0.2095435684647303
11 0.643918918918919 0.26556016597510373 0.1472972972972973 0.24066390041493776
5 0.7101351351351352 0.36929460580912865 0.13108108108108107 0.21991701244813278
9 0.7898648648648648 0.475103734439834 0.11554054054054054 0.1545643153526971
5 0.8425675675675676 0.5 0.12297297297297298 0.10062240663900415
4 0.15743243243243243 0.6234439834024896 0.17162162162162162 0.10995850622406639
4 0.2594594594594595 0.6649377593360996 0.1810810810810811 0.19294605809128632
18 0.34459459459459457 0.729253112033195 0.14864864864864866 0.3215767634854772
3 0.062162162162162166 0.7842323651452282 0.12432432432432433 0.4315352697095436
4 0.16554054054054054 0.8412863070539419 0.2716216216216216 0.31742738589211617
0 0.30945945945945946 0.9066390041493776 0.21891891891891893 0.18672199170124482
10 0.4864864864864865 0.7074688796680498 0.13445945945945945 0.27800829875518673
7 0.5662162162162162 0.7406639004149378 0.15 0.32468879668049794
11 0.6587837837837838 0.8091286307053942 0.17432432432432432 0.3412863070539419
3 0.7716216216216216 0.8495850622406639 0.1445945945945946 0.262448132780083
4 0.847972972972973 0.8734439834024896 0.13378378378378378 0.20435684647302904
3 0.9182432432432432 0.8931535269709544 0.12635135135135134 0.1566390041493776