10 0.11049723756906077 0.2520833333333333 0.13812154696132597 0.19166666666666668
1 0.21132596685082872 0.20208333333333334 0.0856353591160221 0.15416666666666667
0 0.26657458563535913 0.16875 0.08977900552486189 0.15416666666666667
11 0.3314917127071823 0.13333333333333333 0.1132596685082873 0.17291666666666666
3 0.0856353591160221 0.46041666666666664 0.1643646408839779 0.15416666666666667
8 0.20718232044198895 0.4270833333333333 0.1643646408839779 0.21875
7 0.3328729281767956 0.37916666666666665 0.17679558011049723 0.2604166666666667
1 0.44337016574585636 0.32083333333333336 0.13674033149171272 0.2520833333333333
10 0.6408839779005525 0.3625 0.2430939226519337 0.35
1 0.8100595313012592 0.32112442805805735 0.20638943079164915 0.40989421802266185
8 0.9060773480662984 0.26875 0.1878453038674033 0.4125
11 0.9668508287292817 0.21458333333333332 0.06629834254143646 0.42916666666666664
10 0.12951610610974673 0.7964484471822604 0.18485055654374746 0.2425000353249171
5 0.23748258562666497 0.7373942356851205 0.13081902478808977 0.20640214107348703
16 0.3494961275580259 0.6806416123306372 0.18485055654374746 0.2425000353249171
2 0.11187845303867404 0.9291666666666667 0.17403314917127072 0.14166666666666666
2 0.2292817679558011 0.9020833333333333 0.1712707182320442 0.19583333333333333
9 0.3506652443383727 0.8644842068857252 0.1623647730523469 0.23300267634185884
5 0.4516574585635359 0.8041666666666667 0.13535911602209943 0.23333333333333334
10 0.5814917127071824 0.9270833333333334 0.12016574585635359 0.14583333333333334
1 0.6588397790055248 0.9041666666666667 0.08149171270718232 0.19166666666666668
6 0.7099447513812155 0.88125 0.08287292817679558 0.23541666666666666
11 0.7665745856353591 0.8479166666666667 0.10220994475138122 0.30416666666666664
5 0.8411602209944752 0.7895833333333333 0.08425414364640885 0.3020833333333333
7 0.893646408839779 0.7479166666666667 0.08425414364640885 0.30833333333333335
1 0.9419889502762431 0.7166666666666667 0.08149171270718232 0.27291666666666664
5 0.9751381215469613 0.6916666666666667 0.049723756906077346 0.21458333333333332