10 0.07914572864321608 0.20065789473684212 0.09296482412060302 0.17763157894736842
1 0.14949748743718594 0.1513157894736842 0.056532663316582916 0.14144736842105263
0 0.1884422110552764 0.12171052631578948 0.059045226130653265 0.14144736842105263
11 0.23492462311557788 0.08552631578947369 0.07663316582914573 0.16447368421052633
3 0.05402010050251256 0.4506578947368421 0.10678391959798995 0.23026315789473684
8 0.13944723618090452 0.3848684210526316 0.11055276381909548 0.23026315789473684
7 0.22989949748743718 0.3256578947368421 0.11934673366834171 0.24342105263157895
1 0.3165829145728643 0.26973684210526316 0.11055276381909548 0.23684210526315788
1 0.41959798994974873 0.3815789473684211 0.04020100502512563 0.3684210526315789
11 0.4949748743718593 0.33223684210526316 0.19095477386934673 0.46710526315789475
9 0.6507537688442211 0.20394736842105263 0.16080402010050251 0.40789473684210525
8 0.7638190954773869 0.15789473684210525 0.15577889447236182 0.3157894736842105
1 0.8680904522613065 0.1118421052631579 0.14321608040201006 0.2236842105263158
1 0.9447236180904522 0.07236842105263158 0.11055276381909548 0.14473684210526316
1 0.035175879396984924 0.7532894736842105 0.07035175879396985 0.3223684210526316
0 0.08165829145728644 0.7105263157894737 0.09798994974874371 0.2894736842105263
11 0.1457286432160804 0.680921052631579 0.10552763819095477 0.23026315789473684
6 0.20351758793969849 0.631578947368421 0.09045226130653267 0.13157894736842105
10 0.4321608040201005 0.743421052631579 0.06532663316582915 0.13157894736842105
8 0.46984924623115576 0.7368421052631579 0.0728643216080402 0.1118421052631579
7 0.5050251256281407 0.7335526315789473 0.06909547738693467 0.10855263157894737
18 0.5917085427135679 0.7401315789473685 0.10552763819095477 0.14473684210526316
6 0.7173366834170855 0.7664473684210527 0.08417085427135679 0.12828947368421054
8 0.8015075376884422 0.7828947368421053 0.08793969849246232 0.13157894736842105
9 0.8630653266331658 0.7960526315789473 0.09045226130653267 0.12171052631578948
5 0.9384422110552764 0.8092105263157895 0.0992462311557789 0.14144736842105263