7 0.05405405405405406 0.4555921052631579 0.10810810810810811 0.10855263157894737
11 0.15733590733590733 0.45230263157894735 0.18725868725868725 0.11513157894736842
7 0.29922779922779924 0.44901315789473684 0.15057915057915058 0.12171052631578948
1 0.4015444015444015 0.4555921052631579 0.15057915057915058 0.10855263157894737
5 0.5 0.46381578947368424 0.15057915057915058 0.09210526315789473
0 0.6013513513513513 0.46381578947368424 0.14478764478764478 0.09210526315789473
10 0.8117760617760618 0.18421052631578946 0.07046332046332046 0.17763157894736842
5 0.8648648648648649 0.1924342105263158 0.0444015444015444 0.16447368421052633
11 0.9063706563706564 0.19078947368421054 0.05115830115830116 0.16447368421052633
5 0.7586872586872587 0.3371710526315789 0.0888030888030888 0.24342105263157895
6 0.8407335907335908 0.35855263157894735 0.08301158301158301 0.22697368421052633
4 0.9198841698841699 0.36348684210526316 0.08204633204633205 0.24671052631578946
3 0.3388030888030888 0.6644736842105263 0.045366795366795366 0.125
0 0.3832046332046332 0.6776315789473685 0.03667953667953668 0.11019736842105263
1 0.41312741312741313 0.6924342105263158 0.04343629343629344 0.12006578947368421
0 0.4575289575289575 0.71875 0.03667953667953668 0.11513157894736842
2 0.48455598455598453 0.7302631578947368 0.03667953667953668 0.11513157894736842
3 0.5106177606177607 0.7467105263157895 0.04054054054054054 0.12828947368421054
11 0.553088803088803 0.7598684210526315 0.052123552123552123 0.13980263157894737
7 0.13223938223938225 0.7055921052631579 0.15057915057915058 0.2944078947368421
0 0.29343629343629346 0.7894736842105263 0.1361003861003861 0.26151315789473684
7 0.4527027027027027 0.8552631578947368 0.14575289575289574 0.25164473684210525
3 0.611003861003861 0.8914473684210527 0.13996138996138996 0.16282894736842105
10 0.7461389961389961 0.5953947368421053 0.04922779922779923 0.17105263157894737
7 0.775096525096525 0.6217105263157895 0.032818532818532815 0.13651315789473684
7 0.8001930501930502 0.662828947368421 0.03667953667953668 0.15296052631578946
18 0.8368725868725869 0.7171052631578947 0.0472972972972973 0.17105263157894737
9 0.8967181467181468 0.8092105263157895 0.03667953667953668 0.13651315789473684
1 0.9324324324324325 0.868421052631579 0.029922779922779922 0.13651315789473684
7 0.9546332046332047 0.9095394736842105 0.03185328185328185 0.14967105263157895
1 0.9758687258687259 0.9276315789473685 0.023166023166023165 0.1118421052631579