10 0.07861635220125786 0.36363636363636365 0.15723270440251572 0.2909090909090909
7 0.17477296955176294 0.3054454014098512 0.14513435840002278 0.3529492345462844
11 0.26220937537349376 0.21098152527738248 0.1724684739199179 0.3726299905464502
7 0.360062893081761 0.1409090909090909 0.14779874213836477 0.2818181818181818
1 0.4363207547169811 0.10909090909090909 0.14622641509433962 0.21818181818181817
5 0.5102201257861635 0.07727272727272727 0.14622641509433962 0.15454545454545454
10 0.6894654088050315 0.17424242424242425 0.11242138364779874 0.14545454545454545
2 0.7672955974842768 0.13484848484848486 0.08883647798742138 0.12878787878787878
16 0.8254716981132075 0.10454545454545454 0.10534591194968554 0.1484848484848485
5 0.7209119496855346 0.3212121212121212 0.10062893081761007 0.16515151515151516
0 0.7727987421383647 0.2878787878787879 0.10613207547169812 0.17727272727272728
9 0.8286163522012578 0.25303030303030305 0.10927672955974843 0.1803030303030303
5 0.8836477987421384 0.22121212121212122 0.10062893081761007 0.16818181818181818
10 0.10534591194968554 0.9575757575757575 0.18867924528301888 0.08484848484848485
1 0.20361635220125787 0.9409090909090909 0.12735849056603774 0.11818181818181818
5 0.26336477987421386 0.9196969696969697 0.12735849056603774 0.1606060606060606
11 0.3309748427672956 0.8863636363636364 0.14622641509433962 0.22727272727272727
4 0.4308176100628931 0.8469696969696969 0.15723270440251572 0.30606060606060603
7 0.5204402515723271 0.7984848484848485 0.15723270440251572 0.3484848484848485
0 0.5691823899371069 0.7257575757575757 0.059748427672955975 0.3242424242424242
10 0.6729559748427673 0.8818181818181818 0.08726415094339622 0.2318181818181818
1 0.7389937106918238 0.8242424242424242 0.059748427672955975 0.2196969696969697
8 0.7767295597484277 0.7772727272727272 0.06210691823899371 0.22424242424242424
11 0.8270440251572327 0.7166666666666667 0.07468553459119497 0.24848484848484848
9 0.875 0.6606060606060606 0.06367924528301887 0.2287878787878788
8 0.9127358490566038 0.6257575757575757 0.05817610062893082 0.21515151515151515
9 0.9473270440251572 0.6015151515151516 0.059748427672955975 0.18484848484848485