10 0.240990990990991 0.22282608695652173 0.13626126126126126 0.1956521739130435
1 0.32995495495495497 0.23641304347826086 0.09684684684684684 0.1793478260869565
0 0.38963963963963966 0.24728260869565216 0.0945945945945946 0.19021739130434784
11 0.46734234234234234 0.2608695652173913 0.13175675675675674 0.20108695652173914
3 0.14752252252252251 0.3858695652173913 0.16441441441441443 0.25271739130434784
9 0.268018018018018 0.41847826086956524 0.16441441441441443 0.25
7 0.38738738738738737 0.4429347826086957 0.1554054054054054 0.2418478260869565
4 0.5101351351351351 0.46195652173913043 0.16103603603603603 0.25271739130434784
10 0.7105855855855856 0.16032608695652173 0.10135135135135136 0.32065217391304346
4 0.8074145399869921 0.2117179746143549 0.12183614002140727 0.339249668067842
16 0.9245495495495496 0.2554347826086957 0.15090090090090091 0.3804347826086957
2 0.7218468468468469 0.47282608695652173 0.12387387387387387 0.30434782608695654
2 0.8085585585585585 0.49184782608695654 0.13513513513513514 0.266304347826087
6 0.911036036036036 0.5190217391304348 0.1463963963963964 0.21195652173913043
3 0.16216216216216217 0.6766304347826086 0.13063063063063063 0.10326086956521739
11 0.2759009009009009 0.720108695652174 0.17342342342342343 0.19021739130434784
6 0.3997747747747748 0.7445652173913043 0.1463963963963964 0.2391304347826087
8 0.5 0.7608695652173914 0.13963963963963963 0.2717391304347826
0 0.5923423423423423 0.7853260869565217 0.12612612612612611 0.32065217391304346
7 0.6362612612612613 0.7961956521739131 0.0472972972972973 0.3423913043478261
3 0.8986486486486487 0.6766304347826086 0.13063063063063063 0.10326086956521739