10 0.08928571428571429 0.19540229885057472 0.07692307692307693 0.14942528735632185
1 0.1462912087912088 0.1724137931034483 0.05013736263736264 0.14511494252873564
0 0.18475274725274726 0.15804597701149425 0.046703296703296704 0.15517241379310345
11 0.2342032967032967 0.13649425287356323 0.07211538461538461 0.15660919540229884
3 0.06043956043956044 0.3635057471264368 0.09134615384615384 0.1997126436781609
9 0.1401098901098901 0.34339080459770116 0.09134615384615384 0.19540229885057472
7 0.21771978021978022 0.3204022988505747 0.08791208791208792 0.1882183908045977
4 0.29532967032967034 0.2859195402298851 0.08928571428571429 0.19827586206896552
0 0.5247252747252747 0.10344827586206896 0.1510989010989011 0.1724137931034483
6 0.6552197802197802 0.10201149425287356 0.09271978021978022 0.16091954022988506
9 0.7616758241758241 0.10201149425287356 0.12706043956043955 0.17385057471264367
4 0.44711538461538464 0.3089080459770115 0.1353021978021978 0.23994252873563218
4 0.5789835164835165 0.3146551724137931 0.14972527472527472 0.2413793103448276
10 0.7190934065934066 0.3146551724137931 0.14972527472527472 0.2514367816091954
11 0.8564560439560439 0.3146551724137931 0.14285714285714285 0.24568965517241378
10 0.021291208791208792 0.8189655172413793 0.042582417582417584 0.3620689655172414
3 0.07486263736263736 0.7988505747126436 0.057005494505494504 0.3563218390804598
11 0.13804945054945056 0.7844827586206896 0.07142857142857142 0.382183908045977
7 0.1971153846153846 0.7600574712643678 0.0521978021978022 0.35488505747126436
5 0.2438186813186813 0.7471264367816092 0.05151098901098901 0.36637931034482757
9 0.28846153846153844 0.7126436781609196 0.05013736263736264 0.3218390804597701
3 0.33104395604395603 0.7097701149425287 0.04807692307692308 0.3160919540229885
2 0.4965659340659341 0.5948275862068966 0.13873626373626374 0.21264367816091953
11 0.6435439560439561 0.5761494252873564 0.1717032967032967 0.1752873563218391
1 0.44711538461538464 0.8548850574712644 0.13598901098901098 0.29022988505747127
0 0.6105769230769231 0.8318965517241379 0.2348901098901099 0.33620689655172414
7 0.834478021978022 0.8074712643678161 0.24313186813186813 0.3850574712643678