10 0.06584821428571429 0.33791208791208793 0.13169642857142858 0.1813186813186813
18 0.34486607142857145 0.20054945054945056 0.11160714285714286 0.1620879120879121
9 0.18415178571428573 0.2857142857142857 0.09821428571428571 0.16758241758241757
0 0.25669642857142855 0.25 0.09375 0.15934065934065933
1 0.2533482142857143 0.4642857142857143 0.21205357142857142 0.2032967032967033
10 0.6573660714285714 0.3021978021978022 0.11941964285714286 0.25
5 0.7555803571428571 0.2554945054945055 0.078125 0.21978021978021978
11 0.8370535714285714 0.21978021978021978 0.10044642857142858 0.25
3 0.6171875 0.4835164835164835 0.078125 0.16483516483516483
0 0.7098214285714286 0.4642857142857143 0.1015625 0.2032967032967033
6 0.8069196428571429 0.43956043956043955 0.10267857142857142 0.25
6 0.9051339285714286 0.41483516483516486 0.08816964285714286 0.2554945054945055
6 0.16741071428571427 0.9395604395604396 0.10267857142857142 0.12087912087912088
3 0.24553571428571427 0.8983516483516484 0.10714285714285714 0.2032967032967033
8 0.3235402360661099 0.8192089418457883 0.12458901788743505 0.2926201316000003
1 0.40848214285714285 0.9478021978021978 0.15625 0.1043956043956044
11 0.6015625 0.8543956043956044 0.046875 0.29120879120879123
3 0.6707589285714286 0.8296703296703297 0.14955357142857142 0.34065934065934067
1 0.7845982142857143 0.7967032967032966 0.14955357142857142 0.4065934065934066
5 0.890625 0.782967032967033 0.16517857142857142 0.4340659340659341
8 0.9676339285714286 0.7664835164835165 0.06473214285714286 0.4010989010989011