10 0.0778688524590164 0.24380165289256198 0.1557377049180328 0.23140495867768596
18 0.3866120218579235 0.045454545454545456 0.13934426229508196 0.09090909090909091
9 0.20730147843688834 0.14229193476493418 0.12641426276312553 0.1978279188758797
0 0.28825136612021857 0.08677685950413223 0.11748633879781421 0.17355371900826447
1 0.319672131147541 0.3140495867768595 0.2677595628415301 0.2892561983471074
10 0.6967213114754098 0.3243801652892562 0.05327868852459016 0.2190082644628099
1 0.7240437158469946 0.3181818181818182 0.05737704918032787 0.22107438016528927
3 0.7581967213114754 0.30578512396694213 0.05874316939890711 0.2066115702479339
11 0.7991803278688525 0.29132231404958675 0.06967213114754098 0.22107438016528927
4 0.8469945355191257 0.2830578512396694 0.06693989071038252 0.22107438016528927
4 0.8866120218579235 0.2665289256198347 0.06557377049180328 0.22520661157024793
5 0.924863387978142 0.256198347107438 0.06147540983606557 0.21487603305785125
7 0.9603825136612022 0.24380165289256198 0.06284153005464481 0.21074380165289255
10 0.04644808743169399 0.871900826446281 0.09016393442622951 0.256198347107438
2 0.11885245901639344 0.8326446280991735 0.10655737704918032 0.3202479338842975
13 0.22540983606557377 0.7665289256198347 0.16256830601092895 0.43388429752066116
3 0.33879781420765026 0.6838842975206612 0.11475409836065574 0.40289256198347106
5 0.4248633879781421 0.6322314049586777 0.11475409836065574 0.3450413223140496
2 0.5068306010928961 0.5909090909090909 0.11475409836065574 0.26239669421487605
8 0.5997267759562842 0.5599173553719008 0.11748633879781421 0.2024793388429752
10 0.755464480874317 0.6157024793388429 0.1721311475409836 0.3140495867768595
1 0.8961748633879781 0.5537190082644629 0.18032786885245902 0.19008264462809918
6 0.7609289617486339 0.8657024793388429 0.1830601092896175 0.26859504132231404
1 0.8838797814207651 0.8140495867768595 0.23224043715846995 0.371900826446281