10 0.17931551644038993 0.1250211208496066 0.10073633575562368 0.2335539273259348
1 0.25002184346038814 0.18062490612438628 0.07658425431972289 0.22431074463975018
6 0.3001765846981755 0.1962519848537111 0.07991917250588207 0.22013669381469966
11 0.3584442730311423 0.23299795132942294 0.08685822692246263 0.22460910498511136
3 0.10006938904516338 0.31310653261302424 0.12983864364325687 0.3155461361101457
5 0.19290138101563323 0.3744741268831111 0.12298932857476366 0.3153472292132383
2 0.2842465753424658 0.405982905982906 0.11986301369863013 0.26495726495726496
1 0.3852739726027397 0.42948717948717946 0.1267123287671233 0.21794871794871795
10 0.5924657534246576 0.13034188034188035 0.08561643835616438 0.2606837606837607
1 0.6592465753424658 0.18803418803418803 0.06335616438356165 0.2841880341880342
1 0.7029109589041096 0.24145299145299146 0.07106164383561644 0.28846153846153844
11 0.7508561643835616 0.2905982905982906 0.06763698630136987 0.29273504273504275
9 0.803082191780822 0.3525641025641026 0.07277397260273973 0.28846153846153844
1 0.8467465753424658 0.38675213675213677 0.06763698630136987 0.27564102564102566
6 0.8886986301369864 0.40384615384615385 0.06678082191780822 0.23717948717948717
8 0.9323630136986302 0.4252136752136752 0.06763698630136987 0.19444444444444445
11 0.07962328767123288 0.7799145299145299 0.15924657534246575 0.44017094017094016
6 0.18664383561643835 0.8504273504273504 0.18493150684931506 0.29914529914529914
3 0.2808219178082192 0.9102564102564102 0.1643835616438356 0.1794871794871795
0 0.3741438356164384 0.9487179487179487 0.1523972602739726 0.10256410256410256
10 0.6743167797378825 0.6974469232401583 0.11839805951538093 0.259692220209229
5 0.7722857580097222 0.7586653373375648 0.09749115691755196 0.2420014824244896
11 0.8539876129938907 0.8203561553151263 0.1119077018392374 0.2765873304063387
1 0.5941780821917808 0.8717948717948718 0.13356164383561644 0.2564102564102564
5 0.6866438356164384 0.905982905982906 0.1267123287671233 0.18803418803418803
1 0.7791095890410958 0.9316239316239316 0.136986301369863 0.13675213675213677