10 0.21530858315580426 0.2351813089806406 0.19731455477293014 0.3560531172022062
1 0.3794402011630617 0.2802299198585279 0.1377339192007822 0.366808846218117
6 0.46616541353383456 0.27238805970149255 0.10526315789473684 0.35074626865671643
3 0.09962406015037593 0.5410447761194029 0.19924812030075187 0.35074626865671643
5 0.28383458646616544 0.5597014925373134 0.23684210526315788 0.31343283582089554
2 0.4492481203007519 0.5746268656716418 0.13909774436090225 0.2835820895522388
0 0.5357142857142857 0.16791044776119404 0.03195488721804511 0.1455223880597015
0 0.5827067669172933 0.20522388059701493 0.06766917293233082 0.1828358208955224
2 0.6484962406015038 0.2947761194029851 0.06954887218045112 0.16791044776119404
18 0.7274436090225563 0.35447761194029853 0.07894736842105263 0.1865671641791045
4 0.7951127819548872 0.44402985074626866 0.06578947368421052 0.16044776119402984
1 0.8477443609022557 0.5074626865671642 0.05075187969924812 0.16417910447761194
2 0.9041353383458647 0.585820895522388 0.05451127819548872 0.15671641791044777
5 0.9530075187969925 0.6417910447761194 0.05451127819548872 0.1455223880597015
3 0.7744360902255639 0.2947761194029851 0.02819548872180451 0.08582089552238806
0 0.8195488721804511 0.35447761194029853 0.03007518796992481 0.08582089552238806
2 0.8515037593984962 0.3917910447761194 0.03007518796992481 0.08582089552238806
10 0.046992481203007516 0.8694029850746269 0.09398496240601503 0.26119402985074625
8 0.15037593984962405 0.8955223880597015 0.12781954887218044 0.208955223880597
11 0.26879699248120303 0.9067164179104478 0.15413533834586465 0.1865671641791045
1 0.39849624060150374 0.9216417910447762 0.12781954887218044 0.15671641791044777
3 0.48120300751879697 0.9328358208955224 0.07518796992481203 0.13432835820895522
2 0.5827067669172933 0.8582089552238806 0.12781954887218044 0.2835820895522388
9 0.7142857142857143 0.8694029850746269 0.18796992481203006 0.26119402985074625
5 0.881578947368421 0.8843283582089553 0.19172932330827067 0.23134328358208955