10 0.06756756756756757 0.25961538461538464 0.13513513513513514 0.4653846153846154
3 0.17192192192192193 0.25384615384615383 0.11561561561561562 0.45384615384615384
10 0.3581081081081081 0.3730769230769231 0.14189189189189189 0.22884615384615384
9 0.46846846846846846 0.34615384615384615 0.09684684684684684 0.20576923076923076
11 0.5540540540540541 0.32884615384615384 0.11861861861861862 0.22692307692307692
1 0.6486486486486487 0.3076923076923077 0.1006006006006006 0.20576923076923076
5 0.7237237237237237 0.29423076923076924 0.09684684684684684 0.225
7 0.8063063063063063 0.2673076923076923 0.1006006006006006 0.20961538461538462
0 0.8858858858858859 0.25 0.09684684684684684 0.20961538461538462
10 0.03078078078078078 0.6903846153846154 0.06156156156156156 0.25
7 0.09280067801883723 0.6494415823091388 0.07956042555425426 0.2270667072239251
11 0.17492492492492492 0.625 0.1066066066066066 0.21153846153846154
5 0.09759759759759759 0.8730769230769231 0.13813813813813813 0.25384615384615383
7 0.19294294294294295 0.8384615384615385 0.07357357357357357 0.3230769230769231
10 0.3588588588588589 0.8865384615384615 0.16816816816816818 0.22692307692307692
1 0.48348348348348347 0.8788461538461538 0.1111111111111111 0.2423076923076923
3 0.5653153153153153 0.8634615384615385 0.10960960960960961 0.27307692307692305
11 0.6524024024024024 0.8480769230769231 0.12462462462462462 0.3038461538461538
5 0.7642642642642643 0.8307692307692308 0.1111111111111111 0.3384615384615385
3 0.8475975975975976 0.8192307692307692 0.10960960960960961 0.36153846153846153
5 0.9140401166433205 0.7837009062259197 0.08808452305734338 0.35077050534030063
1 0.9662162162162162 0.7673076923076924 0.06756756756756757 0.38076923076923075