7 0.303951367781155 0.22093023255813954 0.19756838905775076 0.1937984496124031
2 0.38677811550151975 0.1937984496124031 0.08358662613981763 0.24806201550387597
10 0.560790273556231 0.1937984496124031 0.1641337386018237 0.24806201550387597
8 0.6770516717325228 0.17248062015503876 0.13221884498480244 0.29069767441860467
11 0.7735562310030395 0.15891472868217055 0.16109422492401215 0.3178294573643411
9 0.9019756838905775 0.12790697674418605 0.13829787234042554 0.2558139534883721
3 0.9574468085106383 0.09496124031007752 0.0851063829787234 0.18992248062015504
10 0.11854103343465046 0.6143410852713178 0.11626139817629179 0.26744186046511625
8 0.21200607902735563 0.5232558139534884 0.07826747720364742 0.22868217054263565
11 0.2796352583586626 0.46124031007751937 0.08662613981762918 0.21511627906976744
9 0.07446808510638298 0.8662790697674418 0.12613981762917933 0.2655038759689923
6 0.17325227963525835 0.8217054263565892 0.12689969604863222 0.35658914728682173
6 0.2651975683890577 0.7344961240310077 0.12689969604863222 0.35852713178294576
1 0.3472644376899696 0.627906976744186 0.10562310030395136 0.31007751937984496
10 0.5630699088145896 0.8410852713178295 0.10106382978723404 0.3178294573643411
1 0.628419452887538 0.8333333333333334 0.06838905775075987 0.3333333333333333
1 0.6679331306990881 0.7906976744186046 0.06306990881458967 0.31976744186046513
11 0.71580547112462 0.7558139534883721 0.08358662613981763 0.3624031007751938
6 0.776595744680851 0.7209302325581395 0.06838905775075987 0.3449612403100775
9 0.8130699088145896 0.6666666666666666 0.0668693009118541 0.3391472868217054
2 0.8495440729483282 0.6375968992248062 0.060790273556231005 0.3236434108527132
3 0.8844984802431611 0.6143410852713178 0.05927051671732523 0.313953488372093