10 0.13118279569892474 0.12951807228915663 0.13709677419354838 0.2580321285140562
5 0.22795698924731184 0.1746987951807229 0.11720430107526882 0.286144578313253
11 0.3043010752688172 0.2248995983935743 0.12204301075268817 0.286144578313253
2 0.39838709677419354 0.2891566265060241 0.1424731182795699 0.3142570281124498
3 0.4854838709677419 0.3433734939759036 0.13655913978494624 0.32429718875502006
2 0.5704301075268817 0.3785140562248996 0.1424731182795699 0.29116465863453816
7 0.6376344086021506 0.40562248995983935 0.1032258064516129 0.2289156626506024
10 0.7526881720430108 0.10140562248995984 0.053763440860215055 0.20281124497991967
2 0.7919354838709678 0.1395582329317269 0.038172043010752686 0.23092369477911648
0 0.8172043010752689 0.18473895582329317 0.03763440860215054 0.23092369477911648
11 0.8505376344086022 0.2459839357429719 0.0543010752688172 0.2761044176706827
2 0.896774193548387 0.32228915662650603 0.044623655913978495 0.25
3 0.9279569892473118 0.37248995983935745 0.041935483870967745 0.25
3 0.9602150537634409 0.40160642570281124 0.0489247311827957 0.21686746987951808
8 0.986021505376344 0.4307228915662651 0.027419354838709678 0.14558232931726908
10 0.19301075268817205 0.6204819277108434 0.15913978494623657 0.14457831325301204
1 0.25 0.6546184738955824 0.11129032258064517 0.15863453815261044
1 0.5043010752688172 0.8875502008032129 0.128494623655914 0.1746987951807229
4 0.3032258064516129 0.6927710843373494 0.11559139784946236 0.16265060240963855
11 0.36236559139784946 0.748995983935743 0.15053763440860216 0.18674698795180722
5 0.4510752688172043 0.8263052208835341 0.13279569892473117 0.1706827309236948
9 0.556989247311828 0.9176706827309237 0.11935483870967742 0.1395582329317269
5 0.6048387096774194 0.9357429718875502 0.11021505376344086 0.10040160642570281
10 0.8881720430107527 0.6736947791164659 0.22365591397849463 0.25100401606425704
7 0.8043010752688172 0.856425702811245 0.23010752688172043 0.28714859437751006