5 0.0581039755351682 0.057692307692307696 0.1162079510703364 0.11538461538461539
11 0.1452599388379205 0.08653846153846154 0.14678899082568808 0.17307692307692307
2 0.26605504587155965 0.08974358974358974 0.1712538226299694 0.1794871794871795
3 0.37920489296636084 0.08974358974358974 0.1620795107033639 0.1794871794871795
2 0.47629969418960244 0.08974358974358974 0.1452599388379205 0.1794871794871795
10 0.6880733944954128 0.04487179487179487 0.10015290519877676 0.05608974358974359
1 0.7691131498470948 0.05448717948717949 0.06880733944954129 0.049679487179487176
5 0.8165137614678899 0.05929487179487179 0.07339449541284404 0.05448717948717949
11 0.8883792048929664 0.07051282051282051 0.0856269113149847 0.05448717948717949
6 0.6368501529051988 0.09615384615384616 0.11697247706422019 0.07692307692307693
5 0.7308868501529052 0.10737179487179487 0.12079510703363915 0.07532051282051282
3 0.8149847094801224 0.12179487179487179 0.11467889908256881 0.07532051282051282
6 0.9097859327217125 0.13141025641025642 0.11391437308868502 0.06891025641025642
10 0.09021406727828746 0.42628205128205127 0.11391437308868502 0.4935897435897436
1 0.16972477064220184 0.5032051282051282 0.07339449541284404 0.4423076923076923
6 0.21941896024464833 0.5673076923076923 0.07339449541284404 0.4423076923076923
11 0.2775229357798165 0.6217948717948718 0.09250764525993883 0.4599358974358974
5 0.35091743119266056 0.6971153846153846 0.07339449541284404 0.4326923076923077
7 0.4013761467889908 0.7532051282051282 0.07339449541284404 0.4326923076923077
1 0.44954128440366975 0.7788461538461539 0.07033639143730887 0.3733974358974359
5 0.4969418960244648 0.7996794871794872 0.06574923547400612 0.32211538461538464
10 0.7469418960244648 0.4375 0.10856269113149847 0.266025641025641
6 0.8325688073394495 0.4439102564102564 0.06804281345565749 0.20512820512820512
11 0.8960244648318043 0.46634615384615385 0.08409785932721713 0.22275641025641027
4 0.7064220183486238 0.6858974358974359 0.17507645259938837 0.41185897435897434
2 0.8761467889908257 0.6858974358974359 0.16131498470948014 0.3942307692307692