10 0.16432225063938619 0.17745535714285715 0.16240409207161124 0.17522321428571427
3 0.29028132992327366 0.13839285714285715 0.11764705882352941 0.16517857142857142
16 0.4194373401534527 0.10267857142857142 0.1656010230179028 0.18191964285714285
8 0.13491048593350383 0.36495535714285715 0.1867007672634271 0.18861607142857142
5 0.28069053708439895 0.3314732142857143 0.17774936061381075 0.1953125
2 0.42135549872122763 0.29017857142857145 0.17838874680306904 0.20982142857142858
9 0.559462915601023 0.24888392857142858 0.18989769820971866 0.20089285714285715
10 0.7782487060102553 0.11278628492286288 0.10053587942695787 0.17234681729046253
5 0.8481123018163124 0.0857766051167951 0.08135429374920851 0.1713725864342622
11 0.9156010230179028 0.07254464285714286 0.09462915601023018 0.14508928571428573
8 0.7349308145390423 0.31496617341577604 0.11796372322600071 0.21336972212774086
9 0.8263549179180316 0.27792379387744315 0.11271466656554646 0.20641349866132558
2 0.9151544929667939 0.2376630975008893 0.10495272086352153 0.2015595206045597
7 0.9744245524296675 0.19419642857142858 0.05115089514066496 0.20089285714285715
10 0.23721227621483376 0.6082589285714286 0.16176470588235295 0.23995535714285715
1 0.3510230179028133 0.5837053571428571 0.11828644501278772 0.21428571428571427
13 0.46675191815856776 0.5770089285714286 0.14578005115089515 0.234375
8 0.18222506393861893 0.8002232142857143 0.14066496163682865 0.234375
6 0.3062659846547315 0.7946428571428571 0.13554987212276215 0.24776785714285715
0 0.4373401534526854 0.7734375 0.13171355498721227 0.21651785714285715
6 0.5684143222506394 0.7444196428571429 0.1425831202046036 0.25
10 0.7375106871538067 0.8034411299634989 0.12736168703024298 0.23614579176539635
1 0.8353367741103285 0.7984725525968773 0.09106484756168905 0.2097736560719175
6 0.9016989706468053 0.7883987903906211 0.08832867994280542 0.20071518719585285
11 0.9654731457800512 0.7834821428571429 0.06905370843989769 0.22767857142857142
1 0.7992327365728901 0.9363839285714286 0.1636828644501279 0.12723214285714285
5 0.9213554987212276 0.9229910714285714 0.15728900255754474 0.15401785714285715