10 0.03708791208791209 0.0821917808219178 0.07417582417582418 0.1643835616438356
3 0.12087912087912088 0.10273972602739725 0.10989010989010989 0.2054794520547945
16 0.24175824175824176 0.1404109589041096 0.15384615384615385 0.2808219178082192
5 0.057692307692307696 0.2705479452054795 0.11538461538461539 0.17123287671232876
2 0.16895604395604397 0.2945205479452055 0.1620879120879121 0.1232876712328767
10 0.4697802197802198 0.2191780821917808 0.19230769230769232 0.273972602739726
1 0.6098901098901099 0.273972602739726 0.12637362637362637 0.1643835616438356
6 0.7005494505494505 0.3047945205479452 0.12637362637362637 0.10273972602739725
10 0.0782967032967033 0.5821917808219178 0.1565934065934066 0.4520547945205479
5 0.1850368328192484 0.6479230321568165 0.12459916998383144 0.45007786888839196
11 0.27197802197802196 0.708904109589041 0.13186813186813187 0.4726027397260274
4 0.31868131868131866 0.7773972602739726 0.038461538461538464 0.4452054794520548
10 0.385989010989011 0.565068493150685 0.09615384615384616 0.3767123287671233
1 0.4588865612002362 0.6245842049263773 0.09193177369863449 0.33056954249655285
7 0.5324864757136093 0.6595168466677409 0.10581201485051091 0.33881429857752593
11 0.6152698425955287 0.7159742423233199 0.1225834861652529 0.3541874579294879
1 0.7090422204664594 0.7735479907888827 0.11159447517624199 0.3530711051195042
0 0.7882086291821444 0.8056141514009916 0.1024888524408072 0.3111379501010572
9 0.875 0.8458904109589042 0.12362637362637363 0.3082191780821918
3 0.9560439560439561 0.8732876712328768 0.08791208791208792 0.2534246575342466