10 0.10633484162895927 0.22962962962962963 0.21266968325791855 0.31851851851851853
2 0.2816742081447964 0.1814814814814815 0.21040723981900453 0.362962962962963
13 0.4592760180995475 0.14444444444444443 0.2398190045248869 0.28888888888888886
9 0.4298642533936652 0.31666666666666665 0.29411764705882354 0.14444444444444443
10 0.6594868351608171 0.2618812278844642 0.1422798561311322 0.23738980062779577
5 0.7469845043014637 0.23091119080973024 0.10050212426353604 0.19802471229130897
9 0.8154621542047696 0.2084479187004773 0.09103085052102251 0.18269255274328303
18 0.8886227534809752 0.19128152978017432 0.11007877300276395 0.21706057554303854
4 0.9536199095022625 0.15555555555555556 0.09276018099547512 0.18518518518518517
10 0.06787330316742081 0.8611111111111112 0.1165158371040724 0.2759259259259259
1 0.13687782805429866 0.8240740740740741 0.07239819004524888 0.28888888888888886
7 0.18552036199095023 0.7685185185185185 0.08144796380090498 0.3074074074074074
11 0.2409502262443439 0.7148148148148148 0.09276018099547512 0.32037037037037036
1 0.3042986425339366 0.6555555555555556 0.08597285067873303 0.3148148148148148
0 0.3552036199095023 0.5907407407407408 0.0757918552036199 0.2777777777777778
9 0.415158371040724 0.5444444444444444 0.09276018099547512 0.30925925925925923
3 0.47171945701357465 0.5 0.07918552036199095 0.2222222222222222
10 0.7115384615384616 0.6592592592592592 0.08484162895927602 0.2351851851851852
1 0.7714932126696833 0.6055555555555555 0.06334841628959276 0.22407407407407406
6 0.8088235294117647 0.55 0.0667420814479638 0.22037037037037038
11 0.8574660633484162 0.5 0.07239819004524888 0.2222222222222222
3 0.6957013574660633 0.8740740740740741 0.1085972850678733 0.24259259259259258
5 0.7726244343891403 0.8296296296296296 0.10407239819004525 0.3111111111111111
2 0.8484162895927602 0.7462962962962963 0.10180995475113122 0.3111111111111111
1 0.9264705882352942 0.6481481481481481 0.1074660633484163 0.3037037037037037