2 0.08909574468085106 0.08482142857142858 0.17819148936170212 0.16964285714285715
13 0.24867021276595744 0.15401785714285715 0.22074468085106383 0.3080357142857143
9 0.12234042553191489 0.38169642857142855 0.24468085106382978 0.46875
6 0.2752659574468085 0.44419642857142855 0.1675531914893617 0.34375
10 0.4295212765957447 0.19196428571428573 0.14095744680851063 0.3125
1 0.5013297872340425 0.24107142857142858 0.10638297872340426 0.296875
3 0.5625 0.29017857142857145 0.11037234042553191 0.28348214285714285
11 0.6356382978723404 0.34598214285714285 0.13297872340425532 0.30580357142857145
4 0.7247340425531915 0.421875 0.1276595744680851 0.29910714285714285
4 0.7965425531914894 0.46875 0.12367021276595745 0.29464285714285715
5 0.8617021276595744 0.49776785714285715 0.1196808510638298 0.234375
7 0.9268617021276596 0.5245535714285714 0.10372340425531915 0.18303571428571427
10 0.04654255319148936 0.6941964285714286 0.09308510638297872 0.15625
6 0.1449468085106383 0.7254464285714286 0.14095744680851063 0.21875
2 0.28726276999970435 0.800180558900581 0.13118800459113497 0.25820465677033233
18 0.3390957446808511 0.8571428571428571 0.0398936170212766 0.25892857142857145
10 0.5957446808510638 0.7165178571428571 0.18085106382978725 0.19196428571428573
4 0.7207446808510638 0.7544642857142857 0.13297872340425532 0.18973214285714285
16 0.8337765957446809 0.7857142857142857 0.15824468085106383 0.1875
5 0.49069148936170215 0.84375 0.17154255319148937 0.21875
0 0.6210106382978723 0.8928571428571429 0.15824468085106383 0.20535714285714285
6 0.7513297872340425 0.9151785714285714 0.15691489361702127 0.16964285714285715
4 0.8829787234042553 0.9330357142857143 0.1675531914893617 0.13392857142857142