10 0.2972972972972973 0.17841880341880342 0.17267267267267267 0.19658119658119658
1 0.4692192192192192 0.16666666666666666 0.12987987987987987 0.19123931623931623
13 0.6231231231231231 0.15384615384615385 0.17792792792792791 0.20405982905982906
8 0.240990990990991 0.36217948717948717 0.16591591591591592 0.172008547008547
6 0.40465465465465467 0.3579059829059829 0.15165165165165165 0.18162393162393162
0 0.5683183183183184 0.35149572649572647 0.14714714714714713 0.19444444444444445
6 0.710960960960961 0.344017094017094 0.11486486486486487 0.2094017094017094
10 0.8663663663663663 0.1955128205128205 0.05105105105105105 0.12713675213675213
8 0.9031531531531531 0.1858974358974359 0.03153153153153153 0.10897435897435898
11 0.9354354354354354 0.18269230769230768 0.04054054054054054 0.12286324786324786
8 0.8303303303303303 0.34615384615384615 0.057057057057057055 0.20512820512820512
9 0.8813813813813813 0.34615384615384615 0.05780780780780781 0.20512820512820512
2 0.9316816816816816 0.3386752136752137 0.05780780780780781 0.22008547008547008
6 0.975975975975976 0.3301282051282051 0.04804804804804805 0.21901709401709402
10 0.35933543284146285 0.6251846298037197 0.20021368656767055 0.23689859896798368
7 0.5100527670038026 0.5553070701892284 0.12883472280977687 0.18531209376884586
9 0.5983483483483484 0.5256410256410257 0.12162162162162163 0.15384615384615385
18 0.698948948948949 0.4967948717948718 0.13963963963963963 0.09615384615384616
5 0.3258258258258258 0.8696581196581197 0.23123123123123124 0.2606837606837607
8 0.5171869468976981 0.8070954994201748 0.2398195598500721 0.31193667154308186
9 0.668918918918919 0.7243589743589743 0.1996996996996997 0.3034188034188034
10 0.8130630630630631 0.813034188034188 0.04129129129129129 0.3162393162393162
1 0.8498498498498499 0.8173076923076923 0.02927927927927928 0.3301282051282051
5 0.8746246246246246 0.8151709401709402 0.03153153153153153 0.29914529914529914
11 0.9031531531531531 0.8258547008547008 0.03303303303303303 0.3247863247863248
6 0.9354354354354354 0.8290598290598291 0.027777777777777776 0.3108974358974359
8 0.9602102102102102 0.8322649572649573 0.02927927927927928 0.30448717948717946
9 0.9842342342342343 0.8386752136752137 0.02702702702702703 0.2980769230769231
3 0.996996996996997 0.8450854700854701 0.005255255255255256 0.2905982905982906