10 0.1111111111111111 0.15885416666666666 0.2222222222222222 0.3177083333333333
1 0.27555555555555555 0.20833333333333334 0.10666666666666667 0.4166666666666667
6 0.16 0.359375 0.2311111111111111 0.11458333333333333
0 0.5288888888888889 0.07291666666666667 0.2088888888888889 0.14583333333333334
1 0.6688888888888889 0.1015625 0.14666666666666667 0.203125
2 0.7955555555555556 0.15364583333333334 0.20444444444444446 0.3072916666666667
1 0.39555555555555555 0.23958333333333334 0.13333333333333333 0.3541666666666667
10 0.52 0.2838541666666667 0.19555555555555557 0.265625
18 0.6844444444444444 0.3333333333333333 0.2 0.16666666666666666
10 0.035555555555555556 0.5807291666666666 0.07111111111111111 0.328125
4 0.12666666666666668 0.6145833333333334 0.18222222222222223 0.3958333333333333
11 0.2511111111111111 0.6875 0.15555555555555556 0.4479166666666667
10 0.38666666666666666 0.546875 0.11555555555555555 0.2604166666666667
1 0.4622222222222222 0.5651041666666666 0.09333333333333334 0.2942708333333333
7 0.53 0.6015625 0.10666666666666667 0.3333333333333333
11 0.6044444444444445 0.6640625 0.12222222222222222 0.3541666666666667
1 0.6888888888888889 0.734375 0.11444444444444445 0.3385416666666667
0 0.7622222222222222 0.7734375 0.10111111111111111 0.3072916666666667
9 0.84 0.8333333333333334 0.12444444444444444 0.3307291666666667
3 0.9222222222222223 0.8697916666666666 0.10666666666666667 0.2604166666666667