10 0.05535279805352798 0.2870662460567823 0.10036496350364964 0.12302839116719243
1 0.12652068126520682 0.27365930599369087 0.06143552311435523 0.14511041009463724
14 0.2141119221411192 0.22082018927444794 0.10948905109489052 0.1719242902208202
5 0.2895377128953771 0.17586750788643532 0.06326034063260341 0.15457413249211358
8 0.34367396593673966 0.15378548895899052 0.06265206812652069 0.14511041009463724
1 0.3929440389294404 0.11908517350157728 0.05900243309002433 0.1632492113564669
9 0.44586374695863745 0.0946372239747634 0.06630170316301703 0.14511041009463724
10 0.5821167883211679 0.23264984227129337 0.09245742092457421 0.22949526813880125
2 0.6472019464720195 0.21451104100946372 0.05656934306569343 0.2058359621451104
16 0.7116788321167883 0.2058359621451104 0.08941605839416059 0.25946372239747634
7 0.7779805352798054 0.1640378548895899 0.06143552311435523 0.21529968454258674
6 0.8254257907542579 0.1474763406940063 0.06082725060827251 0.222397476340694
7 0.8710462287104623 0.12145110410094637 0.06326034063260341 0.222397476340694
2 0.9172749391727494 0.11356466876971609 0.06447688564476886 0.22555205047318613
10 0.07968369829683698 0.6222397476340694 0.15936739659367397 0.19085173501577288
2 0.21890222012134364 0.5744039254066905 0.13638869852244181 0.18487405293499176
9 0.3055235030607847 0.5234529984518532 0.11276392860557927 0.17506161600137576
18 0.44038929440389296 0.45425867507886436 0.1386861313868613 0.167192429022082
6 0.12408759124087591 0.8556782334384858 0.24817518248175183 0.2886435331230284
0 0.2608054778504378 0.7778642277317612 0.21094655759950393 0.26007104205361475
7 0.402676399026764 0.7121451104100947 0.2141119221411192 0.27287066246056785
10 0.5888077858880778 0.5891167192429022 0.15815085158150852 0.17823343848580442
3 0.7407366535886197 0.5355660240518998 0.12557601735154794 0.1421588283698757
11 0.8864454387323715 0.4821476702938281 0.1432882004361564 0.15503407245278936
9 0.5407542579075426 0.8020504731861199 0.06204379562043796 0.22870662460567823
1 0.6485647526366547 0.7457770612059915 0.20992572822806577 0.24114359725866208
5 0.8221987497969917 0.6816933900929444 0.21470683916244115 0.23963972377897177
2 0.9495133819951338 0.612776025236593 0.10097323600973236 0.20662460567823343