10 0.08258258258258258 0.4967532467532468 0.0990990990990991 0.1829004329004329
1 0.15090090090090091 0.4772727272727273 0.06156156156156156 0.22294372294372294
14 0.2334834834834835 0.4036796536796537 0.10810810810810811 0.30844155844155846
5 0.3033033033033033 0.3235930735930736 0.06381381381381382 0.27056277056277056
8 0.3551051051051051 0.2846320346320346 0.06306306306306306 0.2554112554112554
1 0.4009009009009009 0.22510822510822512 0.05930930930930931 0.2824675324675325
9 0.4512012012012012 0.18181818181818182 0.06606606606606606 0.2564935064935065
10 0.5412912912912913 0.3430735930735931 0.06456456456456457 0.2792207792207792
2 0.6073254557548667 0.32986653705852953 0.12954718039679147 0.23243713488216083
13 0.739718886654994 0.31812430112586426 0.20128019942640688 0.2765227632960358
3 0.5705705705705706 0.5119047619047619 0.12312312312312312 0.15367965367965367
8 0.6974474474474475 0.5086580086580087 0.19369369369369369 0.16017316017316016
2 0.8521021021021021 0.5064935064935064 0.1816816816816817 0.1645021645021645
10 0.15465465465465467 0.7467532467532467 0.11261261261261261 0.1277056277056277
5 0.246996996996997 0.7283549783549783 0.08783783783783784 0.12445887445887446
11 0.3235735735735736 0.7002164502164502 0.1006006006006006 0.13095238095238096
2 0.12687687687687688 0.9004329004329005 0.11186186186186187 0.16558441558441558
9 0.21696696696696696 0.8679653679653679 0.1111111111111111 0.16017316017316016
2 0.3048048048048048 0.8452380952380952 0.10135135135135136 0.16558441558441558
3 0.40015015015015015 0.8246753246753247 0.12237237237237238 0.17857142857142858
2 0.7117117117117117 0.7532467532467533 0.03003003003003003 0.07251082251082251
0 0.7515015015015015 0.7316017316017316 0.03003003003003003 0.07683982683982683
3 0.7785285285285285 0.7196969696969697 0.02702702702702703 0.08008658008658008
0 0.8130630630630631 0.7023809523809523 0.03153153153153153 0.08116883116883117
0 0.8393393393393394 0.6861471861471862 0.028528528528528527 0.07683982683982683
1 0.8671171171171171 0.672077922077922 0.03153153153153153 0.08874458874458875
11 0.9046546546546547 0.658008658008658 0.03903903903903904 0.07683982683982683
2 0.6501501501501501 0.920995670995671 0.08783783783783784 0.15476190476190477
6 0.734984984984985 0.8787878787878788 0.08483483483483484 0.1590909090909091
2 0.8205705705705706 0.827922077922078 0.08483483483483484 0.1471861471861472
8 0.9046546546546547 0.7878787878787878 0.08333333333333333 0.14285714285714285