10 0.09068627450980392 0.13864628820960698 0.08088235294117647 0.27729257641921395
8 0.15134803921568626 0.17576419213973798 0.06372549019607843 0.2980349344978166
11 0.20036764705882354 0.2314410480349345 0.07720588235294118 0.3471615720524017
9 0.2696078431372549 0.2740174672489083 0.0661764705882353 0.30458515283842796
3 0.31004901960784315 0.3078602620087336 0.061274509803921566 0.2980349344978166
4 0.3486519607843137 0.32096069868995636 0.06556372549019608 0.26746724890829693
9 0.39276960784313725 0.34170305676855894 0.06740196078431372 0.22270742358078602
10 0.5459558823529411 0.1168122270742358 0.12867647058823528 0.2336244541484716
3 0.6421568627450981 0.14956331877729256 0.0857843137254902 0.29912663755458513
11 0.71875 0.22270742358078602 0.10477941176470588 0.3569868995633188
7 0.7910539215686274 0.29475982532751094 0.07965686274509803 0.3231441048034934
5 0.8480392156862745 0.3231441048034934 0.07904411764705882 0.26200873362445415
9 0.90625 0.35043668122270744 0.07598039215686274 0.20087336244541484
3 0.9583333333333334 0.37882096069869 0.07107843137254902 0.13973799126637554
10 0.21017156862745098 0.6179039301310044 0.08946078431372549 0.16921397379912664
1 0.26409313725490197 0.6430131004366813 0.05759803921568627 0.1408296943231441
0 0.29901960784313725 0.6539301310043668 0.05575980392156863 0.1408296943231441
11 0.3388480392156863 0.6724890829694323 0.07169117647058823 0.15502183406113537
4 0.15073529411764705 0.75764192139738 0.12377450980392157 0.2052401746724891
5 0.25 0.8002183406113537 0.12377450980392157 0.2052401746724891
9 0.3480392156862745 0.8384279475982532 0.1256127450980392 0.21179039301310043
10 0.7463235294117647 0.5753275109170306 0.19117647058823528 0.21179039301310043
5 0.8658088235294118 0.6168122270742358 0.15318627450980393 0.29475982532751094
11 0.9491421568627451 0.6877729257641921 0.1017156862745098 0.3231441048034934
4 0.5789382703245413 0.7321224271804398 0.20190208227974005 0.3685921928846664
4 0.7254901960784313 0.824235807860262 0.2107843137254902 0.35152838427947597
7 0.8584558823529411 0.87882096069869 0.18259803921568626 0.2423580786026201