10 0.052552552552552555 0.3248847926267281 0.07807807807807808 0.2638248847926267
8 0.11786786786786786 0.30414746543778803 0.06006006006006006 0.27534562211981567
11 0.17192192192192193 0.271889400921659 0.07357357357357357 0.32027649769585254
9 0.243993993993994 0.2119815668202765 0.06306306306306306 0.31451612903225806
3 0.28678678678678676 0.1728110599078341 0.05780780780780781 0.31105990783410137
4 0.3303303303303303 0.16589861751152074 0.06306306306306306 0.3317972350230415
9 0.3738738738738739 0.13248847926267282 0.06606606606606606 0.26497695852534564
10 0.49099099099099097 0.3271889400921659 0.08933933933933934 0.21889400921658986
2 0.5840840840840841 0.2903225806451613 0.06981981981981981 0.20506912442396313
1 0.6343843843843844 0.25806451612903225 0.06831831831831832 0.2154377880184332
11 0.7177177177177178 0.21658986175115208 0.08933933933933934 0.22465437788018433
4 0.7897897897897898 0.173963133640553 0.07432432432432433 0.20622119815668202
2 0.8475975975975976 0.1497695852534562 0.07207207207207207 0.21658986175115208
5 0.9024024024024024 0.11866359447004608 0.07732732732732733 0.23732718894009217
3 0.9617117117117117 0.10599078341013825 0.07507507507507508 0.2119815668202765
10 0.16366366366366367 0.6728110599078341 0.11861861861861862 0.19930875576036866
6 0.2552552552552553 0.6013824884792627 0.07282282282282282 0.15552995391705068
11 0.3235735735735736 0.554147465437788 0.09084084084084085 0.16474654377880185
4 0.15015015015015015 0.8652073732718893 0.1921921921921922 0.25921658986175117
2 0.3280780780780781 0.7350230414746544 0.17867867867867868 0.2960829493087558
2 0.5007507507507507 0.8018433179723502 0.12162162162162163 0.2857142857142857
9 0.5756151358619143 0.7181451077265729 0.14078359778638094 0.2661453203187593
18 0.752729525772511 0.6033033075117159 0.21093418750443782 0.26260422729180755
0 0.5645645645645646 0.9470046082949308 0.24924924924924924 0.10599078341013825
7 0.734984984984985 0.8859447004608295 0.2897897897897898 0.22811059907834103
4 0.9024024024024024 0.8191244239631337 0.19519519519519518 0.3617511520737327