13 0.07911392405063292 0.33865248226950356 0.15822784810126583 0.4219858156028369
4 0.2362119261638502 0.3425252230169712 0.16623903396712694 0.37900062293242914
7 0.33649789029535865 0.34929078014184395 0.10337552742616034 0.4078014184397163
10 0.620253164556962 0.22163120567375885 0.16666666666666666 0.16134751773049646
2 0.740506329113924 0.16489361702127658 0.0970464135021097 0.1400709219858156
11 0.8523206751054853 0.11347517730496454 0.11392405063291139 0.1453900709219858
5 0.5464135021097046 0.4450354609929078 0.14240506329113925 0.20390070921985815
8 0.6845991561181435 0.3776595744680851 0.14240506329113925 0.2127659574468085
0 0.8238396624472574 0.3120567375886525 0.15928270042194093 0.2127659574468085
5 0.9345991561181435 0.25 0.1308016877637131 0.20390070921985815
18 0.07232824952028748 0.6932122764656629 0.07767184428979373 0.14480238395356893
17 0.12236286919831224 0.675531914893617 0.0759493670886076 0.13120567375886524
8 0.20569620253164558 0.6436170212765957 0.10337552742616034 0.0673758865248227
1 0.07278481012658228 0.9024822695035462 0.14556962025316456 0.1950354609929078
1 0.23016887018138923 0.8179435960129606 0.23551246495089526 0.29666680908712223
10 0.5780590717299579 0.7659574468085106 0.17405063291139242 0.14893617021276595
2 0.7246835443037974 0.7269503546099291 0.14135021097046413 0.14716312056737588
16 0.8575949367088608 0.6826241134751773 0.17088607594936708 0.1453900709219858
5 0.570675105485232 0.9166666666666666 0.16877637130801687 0.1595744680851064
7 0.709915611814346 0.8900709219858156 0.16350210970464135 0.16666666666666666
4 0.8354430379746836 0.8475177304964538 0.1550632911392405 0.1595744680851064
1 0.9377637130801688 0.8156028368794326 0.12341772151898735 0.16312056737588654