10 0.0371900826446281 0.1047008547008547 0.0743801652892562 0.2094017094017094
2 0.07961229224423681 0.15284299446500546 0.08287374546927058 0.23419065391053137
13 0.14107959627230568 0.23738068959165284 0.11928320530692633 0.28341825617858574
4 0.2196224066368133 0.32520681300194404 0.09429748541487531 0.24624338263311646
7 0.2773958735289843 0.39629119997932843 0.10163707682109614 0.2663453133431376
6 0.3357438016528926 0.44017094017094016 0.08884297520661157 0.19658119658119658
2 0.38481404958677684 0.46794871794871795 0.08987603305785125 0.14102564102564102
1 0.7556818181818182 0.05128205128205128 0.12913223140495866 0.10256410256410256
8 0.8538223140495868 0.07905982905982906 0.13119834710743802 0.1581196581196581
11 0.9452479338842975 0.12286324786324786 0.10950413223140495 0.24572649572649571
4 0.5170454545454546 0.1655982905982906 0.17458677685950413 0.3311965811965812
5 0.6683884297520661 0.2403846153846154 0.24173553719008264 0.4807692307692308
1 0.8522727272727273 0.32051282051282054 0.2231404958677686 0.4358974358974359
3 0.9535123966942148 0.37393162393162394 0.09297520661157024 0.32905982905982906
10 0.08522727272727272 0.6292735042735043 0.14979338842975207 0.18162393162393162
2 0.17045454545454544 0.6474358974358975 0.09917355371900827 0.21794871794871795
13 0.25503487077241044 0.7021081898554755 0.14732001588712149 0.31241947609672577
2 0.020144628099173553 0.7318376068376068 0.040289256198347105 0.30982905982905984
3 0.06766528925619834 0.813034188034188 0.1353305785123967 0.3269230769230769
8 0.16735537190082644 0.8685897435897436 0.14256198347107438 0.26282051282051283
2 0.26239669421487605 0.9134615384615384 0.13636363636363635 0.17307692307692307
8 0.8941115702479339 0.592948717948718 0.13119834710743802 0.10897435897435898
11 0.9653925619834711 0.6367521367521367 0.06921487603305786 0.19658119658119658
4 0.5371900826446281 0.6794871794871795 0.21487603305785125 0.28205128205128205
5 0.7086776859504132 0.7542735042735043 0.24173553719008264 0.43162393162393164
1 0.890495867768595 0.7959401709401709 0.2190082644628099 0.4081196581196581