8 0.21226415094339623 0.22126436781609196 0.2358490566037736 0.3735632183908046
6 0.3710691823899371 0.20402298850574713 0.23270440251572327 0.40804597701149425
2 0.44339622641509435 0.15804597701149425 0.0880503144654088 0.3160919540229885
10 0.5613207547169812 0.10057471264367816 0.14779874213836477 0.20114942528735633
1 0.6415094339622641 0.04597701149425287 0.12578616352201258 0.09195402298850575
3 0.5660377358490566 0.28735632183908044 0.15723270440251572 0.2413793103448276
9 0.6776729559748428 0.23275862068965517 0.21069182389937108 0.3505747126436782
7 0.8066037735849056 0.15517241379310345 0.19811320754716982 0.3103448275862069
4 0.9150943396226415 0.09482758620689655 0.16981132075471697 0.1896551724137931
10 0.12264150943396226 0.7614942528735632 0.04716981132075472 0.19540229885057472
0 0.29559748427672955 0.48563218390804597 0.036163522012578615 0.15517241379310345
1 0.32075471698113206 0.47126436781609193 0.03930817610062893 0.12643678160919541
0 0.06918238993710692 0.9511494252873564 0.059748427672955975 0.09195402298850575
2 0.11320754716981132 0.9109195402298851 0.06289308176100629 0.15804597701149425
5 0.16037735849056603 0.8735632183908046 0.0660377358490566 0.22413793103448276
11 0.21069182389937108 0.8218390804597702 0.07389937106918239 0.3045977011494253
5 0.2641509433962264 0.7327586206896551 0.0660377358490566 0.27873563218390807
3 0.3128930817610063 0.6666666666666666 0.06446540880503145 0.29022988505747127
0 0.35691823899371067 0.5919540229885057 0.06132075471698113 0.27586206896551724
9 0.39937106918238996 0.5344827586206896 0.07389937106918239 0.25287356321839083
10 0.6053459119496856 0.5718390804597702 0.15723270440251572 0.22701149425287356
3 0.7044025157232704 0.5431034482758621 0.11949685534591195 0.20977011494252873
11 0.7987421383647799 0.514367816091954 0.14465408805031446 0.20977011494252873
9 0.5927672955974843 0.7959770114942529 0.16037735849056603 0.29022988505747127
3 0.6886792452830188 0.7672413793103449 0.16037735849056603 0.27873563218390807
8 0.800314465408805 0.7442528735632183 0.17767295597484276 0.29022988505747127
5 0.9088050314465409 0.7011494252873564 0.18081761006289307 0.3132183908045977