10 0.20315682281059064 0.23062015503875968 0.1425661914460285 0.25
6 0.3075356415478615 0.1569767441860465 0.1104887983706721 0.23837209302325582
11 0.38238289205702647 0.11434108527131782 0.12678207739307534 0.22868217054263565
8 0.1710794297352342 0.5203488372093024 0.164969450101833 0.3594961240310077
6 0.2861507128309572 0.45445736434108525 0.16242362525458248 0.35174418604651164
2 0.3884928716904277 0.37693798449612403 0.14867617107942974 0.3333333333333333
0 0.4938900203665988 0.30329457364341084 0.1644602851323829 0.3478682170542636
10 0.7337067209775967 0.187015503875969 0.08655804480651731 0.2625968992248062
8 0.8029531568228105 0.10949612403100775 0.07128309572301425 0.2189922480620155
11 0.8727087576374746 0.0687984496124031 0.07739307535641547 0.13662790697674418
7 0.7021384928716904 0.5125968992248062 0.10896130346232179 0.3798449612403101
0 0.7795315682281059 0.4166666666666667 0.10488798370672098 0.39341085271317827
6 0.854887983706721 0.3178294573643411 0.10692464358452139 0.3943798449612403
0 0.9261710794297352 0.21996124031007752 0.10081466395112017 0.3856589147286822
10 0.2235234215885947 0.7848837209302325 0.10437881873727088 0.09205426356589147
1 0.30091649694501016 0.7781007751937985 0.07739307535641547 0.08333333333333333
6 0.35030549898167007 0.7664728682170543 0.07739307535641547 0.08236434108527131
11 0.4154786150712831 0.7548449612403101 0.09623217922606925 0.08914728682170543
1 0.17769857433808553 0.8837209302325582 0.13441955193482688 0.12596899224806202
1 0.2780040733197556 0.8672480620155039 0.1354378818737271 0.12887596899224807
5 0.37627291242362526 0.8439922480620154 0.1425661914460285 0.13178294573643412
4 0.4775967413441955 0.8265503875968992 0.1410386965376782 0.13178294573643412
11 0.6863543788187373 0.8294573643410853 0.15274949083503056 0.24031007751937986
3 0.7820773930753564 0.9195736434108527 0.3075356415478615 0.16085271317829458