10 0.031609195402298854 0.29 0.05962643678160919 0.14125
1 0.09698275862068965 0.2725 0.06824712643678162 0.1425
2 0.15373563218390804 0.2575 0.0653735632183908 0.15125
11 0.23060344827586207 0.24125 0.07974137931034483 0.16625
6 0.3254310344827586 0.20875 0.07974137931034483 0.14375
8 0.3936781609195402 0.19125 0.06824712643678162 0.1475
9 0.45905172413793105 0.1725 0.07112068965517242 0.1475
1 0.5043103448275862 0.155 0.028017241379310345 0.13875
10 0.6623563218390804 0.12 0.10488505747126436 0.13625
5 0.7701149425287356 0.12 0.08333333333333333 0.13
11 0.8613505747126436 0.12375 0.09841954022988506 0.14625
1 0.6056034482758621 0.27375 0.11278735632183907 0.1825
5 0.709051724137931 0.2725 0.10704022988505747 0.175
1 0.8096264367816092 0.275 0.11637931034482758 0.185
0 0.9073275862068966 0.28125 0.10344827586206896 0.18
10 0.16020114942528735 0.58875 0.11853448275862069 0.175
5 0.2650862068965517 0.58375 0.08117816091954023 0.1775
11 0.3563218390804598 0.57625 0.09698275862068965 0.17875
4 0.07183908045977011 0.8075 0.1400862068965517 0.23125
4 0.20186781609195403 0.80125 0.1278735632183908 0.24125
9 0.3175287356321839 0.79 0.10919540229885058 0.2125
3 0.430316091954023 0.7775 0.1278735632183908 0.22
10 0.738950296428797 0.7380578308474837 0.12369797273864079 0.24613665309764626
1 0.8441864417202493 0.7809934111283288 0.08477112154934106 0.22259912799604095
6 0.9176545661669367 0.803061419269741 0.08183068446043809 0.21233708909962587
11 0.9777298850574713 0.84125 0.04454022988505747 0.2375
1 0.6199712643678161 0.9 0.16235632183908047 0.2
1 0.7600574712643678 0.92375 0.15517241379310345 0.1525
5 0.9044540229885057 0.94375 0.17097701149425287 0.1125