10 0.03735632183908046 0.1780821917808219 0.07471264367816093 0.1506849315068493
1 0.10057471264367816 0.20205479452054795 0.08908045977011494 0.14726027397260275
2 0.16091954022988506 0.21575342465753425 0.08908045977011494 0.1541095890410959
11 0.24281609195402298 0.2363013698630137 0.10488505747126436 0.1678082191780822
6 0.34195402298850575 0.2534246575342466 0.10201149425287356 0.1506849315068493
8 0.41235632183908044 0.2671232876712329 0.09195402298850575 0.1506849315068493
9 0.4827586206896552 0.2773972602739726 0.09482758620689655 0.1541095890410959
1 0.5359195402298851 0.2910958904109589 0.06465517241379311 0.136986301369863
0 0.6795977011494253 0.10273972602739725 0.14080459770114942 0.2054794520547945
1 0.7772988505747126 0.11643835616438356 0.09482758620689655 0.2328767123287671
2 0.8591954022988506 0.15753424657534246 0.13793103448275862 0.3150684931506849
3 0.6048850574712644 0.24315068493150685 0.07183908045977011 0.3219178082191781
4 0.6781609195402298 0.2808219178082192 0.16666666666666666 0.2465753424657534
5 0.8060344827586207 0.3184931506849315 0.16954022988505746 0.17123287671232876
6 0.9267241379310345 0.3561643835616438 0.14655172413793102 0.0958904109589041
10 0.1896551724137931 0.5171232876712328 0.16235632183908047 0.1815068493150685
2 0.3146551724137931 0.5616438356164384 0.1278735632183908 0.16095890410958905
16 0.4051724137931034 0.5958904109589042 0.15086206896551724 0.18493150684931506
5 0.10775862068965517 0.6883561643835616 0.14367816091954022 0.2054794520547945
0 0.1968390804597701 0.7123287671232876 0.15086206896551724 0.2226027397260274
9 0.29022988505747127 0.7363013698630136 0.15517241379310345 0.22602739726027396
5 0.3793103448275862 0.7671232876712328 0.14367816091954022 0.2089041095890411
10 0.6163793103448276 0.5 0.09482758620689655 0.1917808219178082
7 0.7025862068965517 0.5513698630136986 0.16379310344827586 0.2945205479452055
11 0.8255559397750318 0.6112848707582723 0.17340014930702988 0.4065004780045022
5 0.9425287356321839 0.7465753424657534 0.11494252873563218 0.3972602739726027