10 0.2796799306241742 0.33562180194512997 0.14674403439167816 0.19624295545733897
4 0.41037027751583477 0.26613756801577454 0.1014233648528668 0.1884896971739369
11 0.46311475409836067 0.2191358024691358 0.04918032786885246 0.22839506172839505
10 0.6024590163934426 0.30246913580246915 0.22950819672131148 0.3333333333333333
7 0.7766393442622951 0.2962962962962963 0.1680327868852459 0.345679012345679
11 0.9180327868852459 0.28703703703703703 0.16393442622950818 0.36419753086419754
18 0.02459016393442623 0.7592592592592593 0.04918032786885246 0.2345679012345679
9 0.21957801525778214 0.8151533562267481 0.12625223111298964 0.1955245832858712
1 0.3667407348163472 0.8532627903525367 0.1016620671785634 0.19466253668010994
7 0.4487704918032787 0.8827160493827161 0.0778688524590164 0.20987654320987653
10 0.5758196721311475 0.5432098765432098 0.1762295081967213 0.14814814814814814
1 0.7315573770491803 0.5308641975308642 0.1598360655737705 0.12345679012345678
6 0.8668032786885246 0.5246913580246914 0.1680327868852459 0.1111111111111111
8 0.5491803278688525 0.8209876543209876 0.12295081967213115 0.35802469135802467
2 0.7131147540983607 0.808641975308642 0.26229508196721313 0.38271604938271603
9 0.9098360655737705 0.7932098765432098 0.18032786885245902 0.41358024691358025