10 0.19508670520231214 0.30851063829787234 0.11127167630057803 0.1453900709219858
4 0.29383429672447015 0.2925531914893617 0.0789980732177264 0.1400709219858156
11 0.3651252408477842 0.28368794326241137 0.1069364161849711 0.17198581560283688
3 0.14595375722543352 0.4946808510638298 0.13535645472061658 0.22340425531914893
7 0.25385356454720615 0.48226950354609927 0.13391136801541426 0.18971631205673758
2 0.3670520231213873 0.4574468085106383 0.12861271676300579 0.20212765957446807
7 0.47639691714836224 0.4148936170212766 0.14932562620423892 0.21099290780141844
10 0.6946050096339114 0.20212765957446807 0.06791907514450866 0.40425531914893614
8 0.74373795761079 0.2322695035460993 0.049614643545279384 0.4379432624113475
11 0.789980732177264 0.2978723404255319 0.05876685934489403 0.4769503546099291
1 0.8352601156069365 0.3351063829787234 0.04865125240847784 0.4450354609929078
1 0.8747591522157996 0.3971631205673759 0.0476878612716763 0.4432624113475177
1 0.9123314065510597 0.42021276595744683 0.04335260115606936 0.4379432624113475
0 0.9489402697495183 0.4521276595744681 0.04576107899807322 0.425531914893617
10 0.06213872832369942 0.7960992907801419 0.11897880539499037 0.1099290780141844
2 0.14499036608863197 0.8191489361702128 0.09489402697495183 0.10460992907801418
13 0.23892100192678228 0.849290780141844 0.14402697495183045 0.11879432624113476
4 0.3559730250481696 0.8776595744680851 0.1103082851637765 0.10815602836879433
7 0.4421965317919075 0.900709219858156 0.11946050096339114 0.11524822695035461
6 0.5298651252408478 0.9219858156028369 0.1035645472061657 0.10460992907801418
2 0.6011560693641619 0.9397163120567376 0.09633911368015415 0.10460992907801418
3 0.6796724470134875 0.8546099290780141 0.06069364161849711 0.2907801418439716
3 0.7750481695568401 0.8546099290780141 0.128131021194605 0.2907801418439716
6 0.9002890173410405 0.8546099290780141 0.13776493256262043 0.2907801418439716