10 0.1302195749387076 0.24769835349447236 0.11437055808146755 0.24015276037555686
3 0.22800577387359863 0.16543616347790827 0.09228565474109404 0.2482821751971134
1 0.2914572864321608 0.09840425531914894 0.08040201005025126 0.19680851063829788
18 0.36432160804020103 0.034574468085106384 0.07035175879396985 0.06914893617021277
1 0.10427135678391959 0.45478723404255317 0.12814070351758794 0.09042553191489362
4 0.20728643216080403 0.39893617021276595 0.13819095477386933 0.20212765957446807
5 0.32914572864321606 0.32978723404255317 0.1407035175879397 0.3404255319148936
18 0.8630653266331658 0.031914893617021274 0.11306532663316583 0.06382978723404255
9 0.47110552763819097 0.19680851063829788 0.14321608040201006 0.3191489361702128
9 0.6148273736405522 0.21723382892250825 0.14623404492631886 0.32832555597190505
7 0.753878488331762 0.20974110684692962 0.13843227549097795 0.32217011268547363
5 0.8932616009540525 0.2207260236562365 0.14240107714659933 0.3014510465076335
10 0.0364321608040201 0.7021276595744681 0.0728643216080402 0.40425531914893614
4 0.10050251256281408 0.6914893617021277 0.11055276381909548 0.3829787234042553
16 0.19472361809045227 0.6914893617021277 0.11306532663316583 0.3829787234042553
5 0.27889447236180903 0.6808510638297872 0.10050251256281408 0.3617021276595745
0 0.3542713567839196 0.6728723404255319 0.09045226130653267 0.34574468085106386
10 0.44597989949748745 0.8111702127659575 0.09296482412060302 0.28191489361702127
6 0.5707744339390227 0.73849544155698 0.1240208944687173 0.28354224621517987
11 0.6811272403236023 0.7050925777335103 0.1275897812553071 0.3050976067432812
4 0.6168341708542714 0.9175531914893617 0.16834170854271358 0.16489361702127658
3 0.8027638190954773 0.875 0.17336683417085427 0.25