10 0.1528850016429181 0.2580382244264889 0.1610449630105668 0.30648728406544506
3 0.27774690777481514 0.2542436386083054 0.13572850731436426 0.3043458703391117
1 0.3660230774280768 0.22725582802978223 0.11968477231527277 0.280018981013027
18 0.4967998158797155 0.18089314736731998 0.16726360184013506 0.2955283846234651
1 0.09018987341772151 0.4540229885057471 0.18037974683544303 0.16091954022988506
4 0.22151898734177214 0.4396551724137931 0.20253164556962025 0.1896551724137931
5 0.379746835443038 0.42528735632183906 0.21518987341772153 0.21839080459770116
2 0.5316455696202531 0.41379310344827586 0.21518987341772153 0.2413793103448276
10 0.6677215189873418 0.14080459770114942 0.056962025316455694 0.21264367816091953
2 0.7376099515034661 0.19069461338533764 0.09365022850493476 0.2031649236085328
14 0.8281312502046347 0.2328061584060896 0.12207600361592134 0.19982688761387615
7 0.685126582278481 0.382183908045977 0.09177215189873418 0.3045977011494253
4 0.7737341772151899 0.4109195402298851 0.14873417721518986 0.2471264367816092
9 0.8876582278481012 0.43103448275862066 0.14873417721518986 0.20689655172413793
10 0.314873417721519 0.6379310344827587 0.22468354430379747 0.20689655172413793
5 0.4889240506329114 0.6896551724137931 0.16772151898734178 0.3103448275862069
11 0.5901898734177216 0.7873563218390804 0.0981012658227848 0.3333333333333333
6 0.1404753427574022 0.7480791511923581 0.24120840045878236 0.42237460425908707
6 0.3275316455696203 0.8275862068965517 0.22468354430379747 0.3448275862068966
7 0.5174050632911392 0.8908045977011494 0.24367088607594936 0.21839080459770116
1 0.6867088607594937 0.7241379310344828 0.0949367088607595 0.2413793103448276
11 0.8045075480839273 0.8027085441527396 0.14161572086048527 0.25890421227644217
4 0.9141819011989716 0.8636675287785864 0.1192428719373433 0.23404196951877412
2 0.9699367088607594 0.896551724137931 0.060126582278481014 0.20689655172413793