7 0.039473684210526314 0.06454918032786885 0.07894736842105263 0.1290983606557377
9 0.1072531539574619 0.09118852459016394 0.11549840878602834 0.16598360655737704
18 0.2065137753305868 0.1444672131147541 0.15353463942720905 0.18032786885245902
2 0.30572755417956654 0.17930327868852458 0.1346749226006192 0.17827868852459017
5 0.3931888544891641 0.20594262295081966 0.13003095975232198 0.125
6 0.48761609907120745 0.2346311475409836 0.1238390092879257 0.06762295081967214
10 0.6029411764705882 0.10450819672131148 0.10681114551083591 0.20901639344262296
3 0.6921078409671834 0.1444672131147541 0.1574518342127651 0.24385245901639344
11 0.8204334365325078 0.16393442622950818 0.18575851393188855 0.20901639344262296
3 0.9481424148606811 0.1987704918032787 0.10371517027863777 0.13934426229508196
4 0.07629276293354167 0.5614754098360656 0.1232383468665236 0.16598360655737704
7 0.15415023474125802 0.5563524590163934 0.13445334354556132 0.1721311475409836
8 0.29620183913138975 0.5379098360655737 0.16152729975193383 0.18442622950819673
3 0.0696594427244582 0.7940573770491803 0.1393188854489164 0.24385245901639344
1 0.20204250516699832 0.7807377049180327 0.20777725881134615 0.23155737704918034
3 0.37401131875147126 0.7704918032786885 0.21409557039785707 0.2336065573770492
10 0.6919504643962848 0.48770491803278687 0.10294117647058823 0.24385245901639344
6 0.7693498452012384 0.5225409836065574 0.07120743034055728 0.22950819672131148
1 0.81656346749226 0.5450819672131147 0.06888544891640867 0.22950819672131148
18 0.871517027863777 0.5512295081967213 0.08978328173374613 0.22950819672131148
2 0.6493808049535603 0.7131147540983607 0.10990712074303406 0.29405737704918034
9 0.7291021671826625 0.7418032786885246 0.10681114551083591 0.28688524590163933
3 0.8095975232198143 0.8032786885245902 0.11609907120743033 0.33709016393442626
7 0.9024767801857585 0.8237704918032787 0.12848297213622292 0.32274590163934425