10 0.13198458574181118 0.0641025641025641 0.1329479768786127 0.11996336996336997
7 0.2056840077071291 0.08333333333333333 0.08863198458574181 0.1446886446886447
9 0.26685934489402696 0.11904761904761904 0.10597302504816955 0.2087912087912088
18 0.3448940269749518 0.19597069597069597 0.1382466281310212 0.24084249084249085
2 0.4234104046242775 0.27014652014652013 0.12620423892100194 0.25824175824175827
5 0.49277456647398843 0.3086080586080586 0.12042389210019268 0.1813186813186813
6 0.5746628131021194 0.3534798534798535 0.12042389210019268 0.09157509157509157
1 0.6478805394990366 0.38461538461538464 0.11223506743737957 0.028388278388278388
10 0.8545279383429673 0.09615384615384616 0.06599229287090559 0.17399267399267399
4 0.8973988439306358 0.1510989010989011 0.04094412331406551 0.14285714285714285
11 0.9311175337186898 0.18315018315018314 0.052986512524084775 0.15476190476190477
3 0.7914258188824663 0.17032967032967034 0.06647398843930635 0.19230769230769232
7 0.8434489402697495 0.23992673992673993 0.06888246628131021 0.19963369963369965
2 0.8954720616570327 0.29945054945054944 0.0640655105973025 0.19139194139194138
7 0.9479768786127167 0.3250915750915751 0.06840077071290944 0.14743589743589744
10 0.3246628131021195 0.45695970695970695 0.23314065510597304 0.11538461538461539
1 0.47784200385356457 0.49633699633699635 0.17533718689788053 0.19413919413919414
1 0.5761078998073218 0.5256410256410257 0.1599229287090559 0.25274725274725274
11 0.6628131021194605 0.5659340659340659 0.15414258188824662 0.3333333333333333
7 0.17678227360308285 0.6391941391941391 0.3246628131021195 0.47985347985347987
4 0.41329479768786126 0.7765567765567766 0.30828516377649323 0.4468864468864469
3 0.6180154142581888 0.858058608058608 0.24373795761078998 0.2838827838827839
10 0.7885356454720617 0.5540293040293041 0.05443159922928709 0.29304029304029305
2 0.8261078998073218 0.6126373626373627 0.03998073217726397 0.3791208791208791
13 0.8578998073217726 0.6923076923076923 0.05635838150289017 0.5164835164835165
2 0.8959537572254336 0.8040293040293041 0.03998073217726397 0.39194139194139194
6 0.9214836223506744 0.8269230769230769 0.041425818882466284 0.34615384615384615
4 0.9460500963391136 0.8644688644688645 0.04046242774566474 0.27014652014652013
4 0.970616570327553 0.9120879120879121 0.04094412331406551 0.17582417582417584