10 0.04588014981273408 0.07623318385650224 0.07178526841448189 0.15246636771300448
2 0.10237203495630462 0.08071748878923767 0.049937578027465665 0.16143497757847533
13 0.15636704119850187 0.08632286995515695 0.07303370786516854 0.1726457399103139
4 0.013420724094881398 0.2556053811659193 0.026841448189762796 0.242152466367713
6 0.06098345385795822 0.2712818538295469 0.07091612508319939 0.245546475117489
7 0.12390761548064919 0.28139013452914796 0.07303370786516854 0.23542600896860988
7 0.18976279650436953 0.2858744394618834 0.07365792759051186 0.226457399103139
10 0.4107365792759051 0.05493273542600897 0.183832709113608 0.10762331838565023
18 0.8192883895131086 0.15022421524663676 0.14294631710362046 0.11883408071748879
7 0.5727215980024969 0.08968609865470852 0.11298377028714107 0.09977578475336323
7 0.6872659176029963 0.11547085201793722 0.11797752808988764 0.09753363228699552
5 0.4460049937578027 0.218609865470852 0.20131086142322097 0.17937219730941703
4 0.6891385767790262 0.265695067264574 0.1972534332084894 0.15695067264573992
1 0.09893882646691636 0.507847533632287 0.11548064918851436 0.21748878923766815
3 0.18601747815230962 0.531390134529148 0.10736579275905118 0.2645739910313901
10 0.3227215980024969 0.6390134529147982 0.16573033707865167 0.39349775784753366
7 0.44912609238451934 0.6760089686098655 0.12765293383270912 0.39125560538116594
11 0.5745942571785269 0.718609865470852 0.16822721598002496 0.40582959641255606
3 0.7175405742821473 0.7623318385650224 0.12453183520599251 0.38565022421524664
4 0.8142946317103621 0.7847533632286996 0.12734082397003746 0.38565022421524664
3 0.9094881398252185 0.8105381165919282 0.11797752808988764 0.3789237668161435