10 0.17544911505025643 0.31646813829429454 0.23512583011313445 0.3779587293157793
2 0.33867924528301885 0.4086206896551724 0.17169811320754716 0.3413793103448276
13 0.44716981132075473 0.44482758620689655 0.14339622641509434 0.2689655172413793
4 0.05 0.453448275862069 0.1 0.2517241379310345
6 0.1811320754716981 0.5086206896551724 0.24150943396226415 0.1413793103448276
10 0.6824809930929494 0.17789529487319972 0.10623118330220695 0.18492908131502375
7 0.7635307407843039 0.20807175078442794 0.07592175664575314 0.14539269355014015
9 0.8201070717757615 0.21970247784358476 0.07405691826768125 0.15218891069414522
18 0.899319423682492 0.23426135779536983 0.09108195849266956 0.16688502536361638
6 0.6178580370894191 0.3227597812176496 0.14039103412597526 0.24880406927465573
0 0.7224542708103238 0.3662593848977793 0.1214572473733984 0.2271110683009138
9 0.8242971551136373 0.38547055567322713 0.1309241407496868 0.23795756878778476
0 0.9242148273332936 0.4166503573857835 0.12526376339119624 0.2376565650473865
10 0.13831700304950656 0.7053944343421318 0.15355467314626992 0.23571330788730963
1 0.23435131998971084 0.7708563255151121 0.10071350742964548 0.22945566378152182
1 0.2964892350032467 0.813822539073288 0.09313340650618715 0.21870949787478378
11 0.36698113207547167 0.8758620689655172 0.12641509433962264 0.2482758620689655
6 0.4547169811320755 0.9206896551724137 0.09811320754716982 0.15862068965517243
9 0.49245283018867925 0.9362068965517242 0.052830188679245285 0.12758620689655173
10 0.6150943396226415 0.6517241379310345 0.09622641509433963 0.1413793103448276
6 0.6669811320754717 0.7086206896551724 0.0660377358490566 0.11896551724137931
1 0.7188679245283018 0.7706896551724138 0.0660377358490566 0.11724137931034483
18 0.7622641509433963 0.8224137931034483 0.07735849056603773 0.1310344827586207
1 0.8084905660377358 0.8844827586206897 0.07075471698113207 0.1310344827586207
0 0.8632075471698113 0.9431034482758621 0.057547169811320756 0.11379310344827587
2 0.9141509433962264 0.9672413793103448 0.062264150943396226 0.06379310344827586