10 0.20391705069124424 0.07894736842105263 0.1359447004608295 0.15789473684210525
9 0.3225806451612903 0.08552631578947369 0.09216589861751152 0.17105263157894737
11 0.4112903225806452 0.10855263157894737 0.11290322580645161 0.21710526315789475
2 0.11059907834101383 0.3223684210526316 0.14746543778801843 0.3684210526315789
5 0.2350230414746544 0.33881578947368424 0.14746543778801843 0.3355263157894737
3 0.35714285714285715 0.35526315789473684 0.14746543778801843 0.3026315789473684
5 0.4769585253456221 0.3717105263157895 0.14285714285714285 0.26973684210526316
2 0.6082949308755761 0.29605263157894735 0.11981566820276497 0.40789473684210525
11 0.716589861751152 0.3190789473684211 0.1336405529953917 0.375
8 0.8387096774193549 0.34210526315789475 0.1336405529953917 0.32894736842105265
0 0.9389400921658986 0.35855263157894735 0.11290322580645161 0.29605263157894735
10 0.19700460829493088 0.6677631578947368 0.09216589861751152 0.1118421052631579
7 0.2857142857142857 0.6710526315789473 0.07258064516129033 0.10526315789473684
11 0.36981566820276496 0.6743421052631579 0.07949308755760369 0.11842105263157894
3 0.12327188940092165 0.805921052631579 0.11981566820276497 0.16776315789473684
8 0.22350230414746544 0.8157894736842105 0.1175115207373272 0.17434210526315788
1 0.33064516129032256 0.8289473684210527 0.1175115207373272 0.18092105263157895
9 0.4274193548387097 0.8322368421052632 0.10714285714285714 0.17434210526315788
3 0.7750241386279907 0.6991558931623045 0.06074332318285491 0.1729664561626784
0 0.8375983859502237 0.7168258047171382 0.04886032010025335 0.15284684914066907
1 0.8794353060835166 0.735184693122115 0.058318420465613 0.16631095581090807
0 0.9412197454284434 0.7726297232738863 0.048981075352057465 0.1594257965090901
2 0.9769585253456221 0.7828947368421053 0.04608294930875576 0.15789473684210525
7 0.5702764976958525 0.7697368421052632 0.04377880184331797 0.39473684210526316
0 0.7200460829493087 0.8519736842105263 0.18202764976958524 0.29605263157894735
7 0.9228110599078341 0.8914473684210527 0.1543778801843318 0.21710526315789475