10 0.13565922827317436 0.20715741562077117 0.21206794504772752 0.3204523739123548
9 0.32407407407407407 0.1423611111111111 0.14444444444444443 0.2847222222222222
11 0.4685185185185185 0.1284722222222222 0.17407407407407408 0.2569444444444444
5 0.2037037037037037 0.4236111111111111 0.23703703703703705 0.16666666666666666
3 0.4 0.3923611111111111 0.23703703703703705 0.22916666666666666
5 0.5259259259259259 0.3576388888888889 0.08148148148148149 0.2986111111111111
2 0.6703703703703704 0.19791666666666666 0.2074074074074074 0.3958333333333333
1 0.8759259259259259 0.14583333333333334 0.24814814814814815 0.2916666666666667
10 0.07592592592592592 0.6076388888888888 0.12962962962962962 0.2013888888888889
6 0.18703703703703703 0.5833333333333334 0.08518518518518518 0.1527777777777778
1 0.2537037037037037 0.5694444444444444 0.07777777777777778 0.125
18 0.3296296296296296 0.5416666666666666 0.1111111111111111 0.06944444444444445
2 0.05185185185185185 0.8472222222222222 0.1037037037037037 0.2777777777777778
9 0.15226845279877915 0.7961532985692418 0.13630997166466816 0.270696350652635
3 0.2693560942926921 0.7729958952685162 0.14169757467735714 0.3127674851489543
7 0.3995193960915323 0.7000139773677216 0.1630778472450867 0.2943609587935369
5 0.6333333333333333 0.5451388888888888 0.0962962962962963 0.0763888888888889
6 0.6277777777777778 0.75 0.12222222222222222 0.2638888888888889
9 0.7472741970128853 0.6723699421644209 0.14714043289094833 0.26496530969714854
2 0.8777777777777778 0.6006944444444444 0.14814814814814814 0.1875