2 0.34138655462184875 0.0472972972972973 0.13655462184873948 0.0945945945945946
4 0.15021008403361344 0.1981981981981982 0.19957983193277312 0.3963963963963964
3 0.3012048870974163 0.23728946735597986 0.20041788171951405 0.4552575359003988
7 0.3634453781512605 0.2702702702702703 0.09243697478991597 0.43243243243243246
3 0.7175012566234047 0.29687103917031804 0.05291432056333632 0.11864683536851182
0 0.7749196228072205 0.3466163060079512 0.05309812027662615 0.12315133987301632
1 0.8109619862031121 0.38472898872531486 0.059952040424898774 0.13745192591990793
2 0.4432773109243697 0.20045045045045046 0.06722689075630252 0.26576576576576577
3 0.5024408217395578 0.27673615103665455 0.12373816209548678 0.2664195578530591
11 0.6292016806722689 0.36711711711711714 0.15756302521008403 0.26576576576576577
5 0.7510504201680672 0.43018018018018017 0.12394957983193278 0.13963963963963963
0 0.8298319327731093 0.4752252252252252 0.1134453781512605 0.04954954954954955
10 0.16176470588235295 0.6396396396396397 0.11869747899159663 0.24774774774774774
1 0.23109243697478993 0.6711711711711712 0.09663865546218488 0.28378378378378377
11 0.3004201680672269 0.7432432432432432 0.1134453781512605 0.32207207207207206
8 0.06722689075630252 0.7680180180180181 0.11554621848739496 0.3130630630630631
3 0.1565126050420168 0.8513513513513513 0.1134453781512605 0.2972972972972973
0 0.24474789915966386 0.8963963963963963 0.1207983193277311 0.2072072072072072
0 0.32983193277310924 0.9414414414414415 0.11239495798319328 0.11711711711711711
10 0.6323529411764706 0.6036036036036037 0.1092436974789916 0.2072072072072072
1 0.6875509491443508 0.7013846100755068 0.06050343956476803 0.15096543943342144
13 0.7434722522435727 0.7912768811869915 0.09842332183853077 0.2094795711766184
1 0.4737394957983193 0.5855855855855856 0.12815126050420167 0.17117117117117117
2 0.5750245695595391 0.7097398269972226 0.16184184408253943 0.3294381941007604
4 0.6869747899159664 0.8783783783783784 0.1638655462184874 0.24324324324324326