10 0.24520819265531107 0.3261865742779761 0.18333335612360244 0.3013270363268399
2 0.40448452745120506 0.21662835254624208 0.15069979946240092 0.2807354650847622
6 0.513231758643121 0.1495188337270842 0.1643284057499908 0.2908443384233955
18 0.5887096774193549 0.10321100917431193 0.10215053763440861 0.20642201834862386
3 0.4099462365591398 0.42201834862385323 0.21236559139784947 0.1743119266055046
7 0.543010752688172 0.3761467889908257 0.1935483870967742 0.26605504587155965
10 0.6801075268817204 0.3302752293577982 0.06854838709677419 0.3555045871559633
1 0.7338709677419355 0.30504587155963303 0.04973118279569892 0.3463302752293578
9 0.7728494623655914 0.27522935779816515 0.04973118279569892 0.3302752293577982
11 0.821236559139785 0.23394495412844038 0.06048387096774194 0.36009174311926606
9 0.8776881720430108 0.19495412844036697 0.04838709677419355 0.3394495412844037
0 0.9126344086021505 0.1720183486238532 0.04435483870967742 0.32339449541284404
0 0.946236559139785 0.1559633027522936 0.043010752688172046 0.3119266055045872
2 0.978494623655914 0.1444954128440367 0.041666666666666664 0.2889908256880734
10 0.17338709677419356 0.7110091743119266 0.21236559139784947 0.23853211009174313
4 0.3387096774193548 0.6628440366972477 0.12768817204301075 0.19724770642201836
16 0.48118279569892475 0.6238532110091743 0.2056451612903226 0.22935779816513763
8 0.17204301075268819 0.8876146788990825 0.1922043010752688 0.21330275229357798
1 0.33064516129032256 0.8463302752293578 0.17204301075268819 0.21100917431192662
4 0.489247311827957 0.7981651376146789 0.18548387096774194 0.21100917431192662
10 0.6841397849462365 0.7018348623853211 0.08870967741935484 0.14678899082568808
18 0.8844086021505376 0.573394495412844 0.08602150537634409 0.12844036697247707
5 0.756669211094379 0.6513567363736729 0.06983274609077675 0.13311317403261588
7 0.8178101933159979 0.6150411182764286 0.07520909017679825 0.13348699859742696
1 0.6747311827956989 0.8876146788990825 0.06989247311827956 0.17889908256880735
6 0.7543991852195608 0.8278687848196261 0.10562383997632979 0.17682743737361278
9 0.8455794250956388 0.7665613517994071 0.10562383997632979 0.17682743737361292
2 0.9395886465691298 0.6981862725518284 0.1054360939037935 0.16765312544700728