10 0.13293650793650794 0.2635542168674699 0.08630952380952381 0.1927710843373494
8 0.1974206349206349 0.18674698795180722 0.0625 0.16716867469879518
11 0.2490079365079365 0.12951807228915663 0.07738095238095238 0.20180722891566266
5 0.1111111111111111 0.45331325301204817 0.09523809523809523 0.2319277108433735
1 0.17857142857142858 0.40963855421686746 0.09027777777777778 0.25
6 0.24503968253968253 0.3373493975903614 0.09424603174603174 0.26957831325301207
6 0.3115079365079365 0.2560240963855422 0.0882936507936508 0.2545180722891566
13 0.4375 0.2319277108433735 0.07738095238095238 0.40963855421686746
4 0.6091269841269841 0.18674698795180722 0.25 0.37349397590361444
18 0.8759920634920635 0.13855421686746988 0.24801587301587302 0.27710843373493976
1 0.44841269841269843 0.4578313253012048 0.0992063492063492 0.24096385542168675
2 0.5476190476190477 0.4578313253012048 0.2261904761904762 0.24096385542168675
4 0.746031746031746 0.4141566265060241 0.2619047619047619 0.32831325301204817
3 0.9166666666666666 0.37650602409638556 0.16666666666666666 0.4036144578313253
10 0.06448412698412699 0.8945783132530121 0.07142857142857142 0.19879518072289157
1 0.12003968253968254 0.8554216867469879 0.054563492063492064 0.25150602409638556
5 0.15674603174603174 0.8102409638554217 0.057539682539682536 0.2394578313253012
11 0.2013888888888889 0.7605421686746988 0.060515873015873016 0.2560240963855422
6 0.24801587301587302 0.7018072289156626 0.05257936507936508 0.23795180722891565
8 0.2867063492063492 0.6762048192771084 0.054563492063492064 0.19427710843373494
9 0.32142857142857145 0.6521084337349398 0.051587301587301584 0.14759036144578314
3 0.35714285714285715 0.6325301204819277 0.04662698412698413 0.10692771084337349
10 0.5347222222222222 0.7123493975903614 0.16170634920634921 0.12650602409638553
2 0.6607142857142857 0.6792168674698795 0.13095238095238096 0.11144578313253012
16 0.751984126984127 0.6551204819277109 0.15079365079365079 0.1280120481927711
5 0.5615079365079365 0.8373493975903614 0.14285714285714285 0.14156626506024098
0 0.6448412698412699 0.8102409638554217 0.15079365079365079 0.15060240963855423
9 0.7371031746031746 0.7801204819277109 0.15476190476190477 0.1566265060240964
5 0.8244047619047619 0.7560240963855421 0.13988095238095238 0.14457831325301204