10 0.12871287128712872 0.23575129533678757 0.09591584158415842 0.17357512953367876
8 0.19801980198019803 0.17357512953367876 0.06745049504950495 0.1489637305699482
11 0.25495049504950495 0.12953367875647667 0.08601485148514851 0.18652849740932642
5 0.10396039603960396 0.422279792746114 0.1051980198019802 0.22409326424870465
1 0.18007425742574257 0.38212435233160624 0.09715346534653466 0.2266839378238342
6 0.2524752475247525 0.32512953367875647 0.10396039603960396 0.24481865284974094
6 0.32425742574257427 0.25906735751295334 0.09777227722772278 0.23186528497409326
0 0.6070544554455446 0.20207253886010362 0.11633663366336634 0.211139896373057
6 0.7004950495049505 0.13082901554404144 0.07982673267326733 0.18264248704663213
9 0.7704207920792079 0.08937823834196891 0.09591584158415842 0.17875647668393782
7 0.5748762376237624 0.41968911917098445 0.10643564356435643 0.21761658031088082
10 0.6646039603960396 0.3704663212435233 0.10891089108910891 0.24481865284974094
18 0.7574257425742574 0.30958549222797926 0.10643564356435643 0.25
7 0.8422029702970297 0.24611398963730569 0.10643564356435643 0.24740932642487046
10 0.087775686116841 0.7807872104390418 0.09243205000026634 0.1830791309580644
2 0.1554080369627531 0.7044632738341408 0.07714784943130898 0.16849650569537922
6 0.20224740280796608 0.6564220733366314 0.08350905441136716 0.17435671009023732
18 0.25433168316831684 0.6126943005181347 0.10024752475247525 0.14766839378238342
4 0.0952970297029703 0.9183937823834197 0.10891089108910891 0.16321243523316062
3 0.17574257425742573 0.8808290155440415 0.10891089108910891 0.23834196891191708
7 0.23793485619967109 0.8137174344961274 0.1138783487959677 0.23447427206824237
5 0.32103750407528614 0.7356963547797288 0.118370107839893 0.25819764859116756
10 0.5612623762376238 0.6126943005181347 0.21658415841584158 0.14766839378238342
5 0.5043316831683168 0.8419689119170984 0.14975247524752475 0.3160621761658031
1 0.6602722772277227 0.7759067357512953 0.2685643564356436 0.4481865284974093
0 0.8521039603960396 0.7512953367875648 0.24876237623762376 0.42487046632124353