10 0.1318181818181818 0.07530120481927711 0.1606060606060606 0.15060240963855423
1 0.2553030303030303 0.07329317269076305 0.10454545454545454 0.1465863453815261
14 0.37424242424242427 0.06827309236947791 0.1787878787878788 0.13654618473895583
5 0.06893939393939394 0.2700803212851406 0.13787878787878788 0.178714859437751
3 0.19545454545454546 0.2680722891566265 0.15151515151515152 0.1827309236947791
2 0.331786198873196 0.25362366974760936 0.1441862552857732 0.2038525916641665
8 0.4643939393939394 0.23393574297188754 0.15 0.19477911646586346
10 0.6303030303030303 0.16265060240963855 0.09772727272727273 0.1536144578313253
8 0.7075757575757575 0.17269076305220885 0.06515151515151515 0.13855421686746988
11 0.7659090909090909 0.1827309236947791 0.07878787878787878 0.1465863453815261
1 0.8318181818181818 0.20080321285140562 0.06363636363636363 0.15261044176706828
3 0.884090909090909 0.20481927710843373 0.059848484848484845 0.14558232931726908
3 0.9333333333333333 0.21385542168674698 0.06363636363636363 0.142570281124498
10 0.07348484848484849 0.7349397590361446 0.14696969696969697 0.20080321285140562
3 0.23282211879916415 0.7371212835797324 0.12739590788443053 0.20145900589265972
3 0.32612761771565824 0.7369737203406052 0.11678984727837008 0.2012136535743916
18 0.4810606060606061 0.7299196787148594 0.11666666666666667 0.21485943775100402
3 0.04242424242424243 0.9216867469879518 0.08484848484848485 0.1566265060240964
0 0.18181818181818182 0.9267068273092369 0.19696969696969696 0.1465863453815261
3 0.36515151515151517 0.9206827309236948 0.18484848484848485 0.15863453815261044
1 0.49696969696969695 0.9116465863453815 0.08484848484848485 0.17670682730923695
10 0.6098484848484849 0.7550200803212851 0.09696969696969697 0.32028112449799195
9 0.6840909090909091 0.7359437751004017 0.06212121212121212 0.2640562248995984
11 0.7439393939393939 0.7118473895582329 0.07727272727272727 0.2991967871485944
1 0.7992424242424242 0.7008032128514057 0.05606060606060606 0.28413654618473894
2 0.8462121212121212 0.6877510040160643 0.05757575757575758 0.2640562248995984
2 0.8916666666666667 0.6847389558232931 0.05606060606060606 0.2710843373493976
3 0.9371212121212121 0.6807228915662651 0.06136363636363636 0.2971887550200803