10 0.1810850439882698 0.09330985915492958 0.1627565982404692 0.18661971830985916
1 0.2719941348973607 0.11091549295774648 0.054252199413489736 0.22183098591549297
5 0.07697947214076246 0.272887323943662 0.15395894428152493 0.25
3 0.20381231671554254 0.301056338028169 0.15249266862170088 0.1936619718309859
10 0.4310850439882698 0.11795774647887323 0.1774193548387097 0.22887323943661972
2 0.5535190615835777 0.15845070422535212 0.11436950146627566 0.24471830985915494
13 0.6598240469208211 0.21654929577464788 0.17008797653958943 0.28169014084507044
4 0.7734604105571847 0.27992957746478875 0.11730205278592376 0.23591549295774647
4 0.8592375366568915 0.301056338028169 0.11436950146627566 0.1936619718309859
7 0.9413489736070382 0.323943661971831 0.11070381231671554 0.14788732394366197
10 0.1217008797653959 0.5845070422535211 0.08651026392961877 0.2852112676056338
5 0.1906158357771261 0.6584507042253521 0.0593841642228739 0.2517605633802817
11 0.24780058651026393 0.721830985915493 0.07331378299120235 0.2764084507042254
3 0.06378299120234604 0.7552816901408451 0.0747800586510264 0.2975352112676056
0 0.13709677419354838 0.8415492957746479 0.07697947214076246 0.3045774647887324
6 0.20381231671554254 0.8838028169014085 0.07624633431085044 0.2323943661971831
6 0.2661290322580645 0.9278169014084507 0.050586510263929615 0.1426056338028169
0 0.32331378299120234 0.625 0.04838709677419355 0.45422535211267606
7 0.38236104085854067 0.7223117580689339 0.13704185683340672 0.43008052554315956
9 0.5029325513196481 0.8063380281690141 0.16422287390029325 0.3873239436619718
7 0.6480938416422287 0.8714788732394366 0.16422287390029325 0.25704225352112675
6 0.7668621700879765 0.920774647887324 0.17302052785923755 0.15845070422535212