10 0.040755467196819085 0.30080213903743314 0.08101391650099403 0.3449197860962567
1 0.10536779324055666 0.31283422459893045 0.10437375745526839 0.3302139037433155
2 0.17594433399602386 0.303475935828877 0.09940357852882704 0.3449197860962567
11 0.2614314115308151 0.32085561497326204 0.12673956262425448 0.3716577540106952
8 0.3672962226640159 0.32085561497326204 0.11381709741550695 0.3462566844919786
9 0.4433399602385686 0.32887700534759357 0.09840954274353876 0.32887700534759357
4 0.5203777335984096 0.3342245989304813 0.10089463220675944 0.31283422459893045
3 0.5849900596421471 0.32887700534759357 0.08001988071570576 0.3114973262032086
10 0.7340954274353877 0.1697860962566845 0.0989065606361829 0.24331550802139038
5 0.8096421471172962 0.18850267379679145 0.06411530815109344 0.2286096256684492
11 0.8677932405566601 0.1925133689839572 0.07405566600397614 0.22994652406417113
5 0.6754473161033797 0.36764705882352944 0.091948310139165 0.32754010695187163
6 0.7738568588469185 0.410427807486631 0.11928429423459244 0.31283422459893045
4 0.8861829025844931 0.4304812834224599 0.11829025844930417 0.339572192513369
10 0.044234592445328035 0.7901069518716578 0.08846918489065607 0.20855614973262032
3 0.11083499005964215 0.8101604278074866 0.10934393638170974 0.20053475935828877
11 0.1963220675944334 0.81951871657754 0.12326043737574553 0.21524064171122995
6 0.2912524850894632 0.8355614973262032 0.11978131212723658 0.2179144385026738
7 0.37673956262425445 0.8542780748663101 0.10834990059642147 0.21657754010695188
2 0.45825049701789267 0.8636363636363636 0.10636182902584493 0.21122994652406418
4 0.5427435387673957 0.8823529411764706 0.11928429423459244 0.21256684491978609
3 0.7440357852882704 0.81951871657754 0.22962226640159045 0.3609625668449198
0 0.9075546719681908 0.8636363636363636 0.1848906560636183 0.2727272727272727