10 0.0673854447439353 0.2644230769230769 0.11118598382749326 0.17908653846153846
1 0.15566037735849056 0.2620192307692308 0.09501347708894879 0.17307692307692307
2 0.22574123989218328 0.24879807692307693 0.08962264150943396 0.1814903846153846
11 0.3140161725067385 0.24759615384615385 0.1179245283018868 0.19230769230769232
8 0.42318059299191374 0.234375 0.10512129380053908 0.1778846153846154
9 0.5020215633423181 0.22716346153846154 0.0889487870619946 0.171875
4 0.5801886792452831 0.22115384615384615 0.09164420485175202 0.16346153846153846
3 0.6442048517520216 0.2091346153846154 0.06940700808625337 0.16346153846153846
10 0.7169811320754716 0.1935096153846154 0.05390835579514825 0.2091346153846154
1 0.7688679245283019 0.22115384615384615 0.03706199460916442 0.203125
1 0.8039083557951483 0.23798076923076922 0.04380053908355795 0.20072115384615385
11 0.8416442048517521 0.2536057692307692 0.04110512129380054 0.203125
9 0.8820754716981132 0.265625 0.0444743935309973 0.18509615384615385
1 0.9171159029649596 0.2692307692307692 0.04043126684636118 0.17668269230769232
6 0.9487870619946092 0.27403846153846156 0.04043126684636118 0.16826923076923078
8 0.9811320754716981 0.27884615384615385 0.03773584905660377 0.15745192307692307
10 0.07951482479784366 0.5348557692307693 0.15902964959568733 0.3004807692307692
5 0.21216063954482905 0.5955741084772691 0.14203394773293648 0.30642999168792895
11 0.3559166033248541 0.6403930394101616 0.16422636019912445 0.320689351975236
4 0.11657681940700809 0.8473557692307693 0.20080862533692723 0.30528846153846156
7 0.27628032345013476 0.8834134615384616 0.16981132075471697 0.23317307692307693
9 0.4481132075471698 0.9182692307692307 0.192722371967655 0.16346153846153846
10 0.7068733153638814 0.5877403846153846 0.05256064690026954 0.25600961538461536
2 0.7587601078167115 0.6766826923076923 0.04110512129380054 0.22355769230769232
13 0.805256064690027 0.7463942307692307 0.0646900269541779 0.2824519230769231
4 0.8584905660377359 0.8221153846153846 0.0431266846361186 0.24158653846153846
1 0.8995956873315364 0.8822115384615384 0.04380053908355795 0.234375
4 0.942722371967655 0.9110576923076923 0.0431266846361186 0.1778846153846154
3 0.9824797843665768 0.9338942307692307 0.03504043126684636 0.1310096153846154