10 0.19961977186311788 0.1396797153024911 0.1211977186311787 0.17526690391459074
2 0.3018060836501901 0.152135231316726 0.08935361216730038 0.1592526690391459
13 0.3849809885931559 0.16725978647686832 0.12785171102661597 0.17526690391459074
2 0.13450570342205323 0.3087188612099644 0.14401140684410646 0.28113879003558717
7 0.24429657794676807 0.3318505338078292 0.1411596958174905 0.26423487544483987
3 0.35598859315589354 0.3540925266903915 0.1335551330798479 0.2704626334519573
3 0.46625475285171103 0.3585409252669039 0.13498098859315588 0.2793594306049822
10 0.6383079847908745 0.19217081850533807 0.08650190114068441 0.3834519572953737
2 0.6953422053231939 0.22330960854092527 0.055133079847908745 0.36298932384341637
16 0.751425855513308 0.298932384341637 0.08460076045627377 0.46174377224199287
7 0.8098859315589354 0.32295373665480426 0.0594106463878327 0.3861209964412811
6 0.8517110266159695 0.3620996441281139 0.058935361216730035 0.39768683274021355
7 0.8925855513307985 0.3807829181494662 0.060836501901140684 0.39768683274021355
2 0.9325095057034221 0.41370106761565834 0.06131178707224334 0.3692170818505338
10 0.12975285171102663 0.74644128113879 0.1311787072243346 0.11921708185053381
1 0.2229087452471483 0.75 0.10218631178707224 0.11921708185053381
5 0.29277566539923955 0.75355871886121 0.10646387832699619 0.11654804270462633
11 0.38165399239543724 0.7580071174377224 0.11834600760456274 0.12455516014234876
8 0.08982889733840305 0.8683274021352313 0.1482889733840304 0.1601423487544484
8 0.20389733840304183 0.8763345195729537 0.1435361216730038 0.15569395017793594
8 0.3208174904942966 0.8807829181494662 0.1411596958174905 0.15569395017793594
4 0.43393536121673004 0.8825622775800712 0.1497148288973384 0.15302491103202848
1 0.8673954372623575 0.6405693950177936 0.13403041825095058 0.06405693950177936
7 0.6178707224334601 0.8176156583629893 0.09695817490494296 0.36476868327402134
4 0.7742395437262357 0.8469750889679716 0.282319391634981 0.30604982206405695
3 0.9405893536121673 0.8781138790035588 0.1188212927756654 0.24377224199288255