10 0.16574132924663088 0.14587636327933323 0.11597668922575517 0.13965657277320517
2 0.26800556250289 0.15766946710659135 0.08414821851722505 0.12626426773932917
13 0.3509998557068974 0.17274537247992405 0.12372190682205916 0.1387091163856261
2 0.08892617449664429 0.27147766323024053 0.13534675615212527 0.21649484536082475
7 0.19798657718120805 0.2860824742268041 0.1342281879194631 0.1872852233676976
3 0.3098434004474273 0.29467353951890035 0.12527964205816555 0.17010309278350516
3 0.42058165548098436 0.2963917525773196 0.12751677852348994 0.16666666666666666
10 0.5671140939597316 0.11254295532646048 0.10850111856823266 0.18041237113402062
1 0.6202460850111857 0.15120274914089346 0.07774049217002237 0.15979381443298968
5 0.6616331096196868 0.17096219931271478 0.0732662192393736 0.15120274914089346
11 0.7125279642058165 0.20790378006872853 0.09731543624161074 0.17611683848797252
8 0.7639821029082774 0.2422680412371134 0.0732662192393736 0.15120274914089346
5 0.8126398210290827 0.2646048109965636 0.08557046979865772 0.1640893470790378
6 0.8618568232662193 0.2972508591065292 0.08557046979865772 0.1640893470790378
8 0.918903803131991 0.31958762886597936 0.09172259507829977 0.11941580756013746
10 0.2086129753914989 0.4690721649484536 0.1935123042505593 0.17869415807560138
4 0.3389261744966443 0.49054982817869414 0.116331096196868 0.22164948453608246
4 0.4312080536912752 0.5309278350515464 0.1174496644295302 0.24398625429553264
4 0.0738255033557047 0.6030927835051546 0.1476510067114094 0.3402061855670103
3 0.22767341490155077 0.7038716654856741 0.18404247329461834 0.36863978325525654
4 0.39486466908927625 0.7893916724371756 0.18595725744296984 0.33976048554963223
0 0.5128635346756152 0.511168384879725 0.04586129753914989 0.16323024054982818
4 0.5999981021607066 0.4978756526736017 0.08026726581289649 0.13785132676492662
7 0.6566469740686338 0.48877624646875334 0.08818200347386344 0.14034029649418603
8 0.7595725997711917 0.4643767679733731 0.10753670355844648 0.1490849863570462
3 0.5626398210290827 0.6958762886597938 0.14541387024608501 0.19931271477663232
1 0.6862530146683435 0.6747055599674767 0.13839943828662435 0.18803027107554218
3 0.8114652449918138 0.6542264564472018 0.1429584712496046 0.19018891651729877