4 0.02643171806167401 0.21788990825688073 0.05286343612334802 0.3348623853211009
16 0.16191920971798188 0.2348563047985657 0.22173688226831023 0.3392314088245313
7 0.3358079016208583 0.2591745163178032 0.16701710988471827 0.3483200696543007
3 0.460352422907489 0.26605504587155965 0.13656387665198239 0.3577981651376147
0 0.6729074889867841 0.16055045871559634 0.17400881057268722 0.3211009174311927
10 0.8605704859759397 0.18808520425756173 0.17316329685138737 0.3305321826483064
9 0.9768722466960352 0.21788990825688073 0.046255506607929514 0.3256880733944954
7 0.6002202643171806 0.42201834862385323 0.14317180616740088 0.21100917431192662
5 0.7544052863436124 0.4334862385321101 0.20044052863436124 0.18807339449541285
17 0.920704845814978 0.4541284403669725 0.15859030837004406 0.14678899082568808
10 0.1211453744493392 0.694954128440367 0.11674008810572688 0.22247706422018348
8 0.21365638766519823 0.7110091743119266 0.07819383259911894 0.19954128440366972
11 0.2841409691629956 0.7270642201834863 0.0947136563876652 0.20871559633027523
1 0.3623348017621145 0.7522935779816514 0.07929515418502203 0.21788990825688073
3 0.42400881057268724 0.7591743119266054 0.07158590308370044 0.20871559633027523
3 0.4845814977973568 0.7706422018348624 0.07599118942731277 0.20412844036697247
10 0.5726872246696035 0.694954128440367 0.0881057268722467 0.22477064220183487
4 0.6374686296189865 0.6894130006497184 0.07916098641734033 0.1760797882439906
11 0.7156047443995118 0.68048403664267 0.09735930997772628 0.20051086631974888
2 0.7927549732313214 0.6762356847401272 0.0795072933289023 0.18984125613389885
9 0.8557611749021719 0.6800829966181743 0.07301479945067112 0.193867675249985
0 0.9137849120434732 0.6613683532445189 0.07278392817629648 0.1846933633233795
1 0.9691629955947136 0.676605504587156 0.06167400881057269 0.19724770642201836