10 0.08266129032258064 0.09375 0.16532258064516128 0.1875
4 0.22278225806451613 0.13194444444444445 0.14717741935483872 0.2638888888888889
16 0.36189516129032256 0.16666666666666666 0.15524193548387097 0.3333333333333333
1 0.6602822580645161 0.05555555555555555 0.0907258064516129 0.1111111111111111
11 0.7399193548387096 0.1111111111111111 0.12903225806451613 0.2222222222222222
6 0.8397177419354839 0.16666666666666666 0.09879032258064516 0.3333333333333333
9 0.90625 0.16666666666666666 0.09879032258064516 0.3333333333333333
2 0.9616935483870968 0.16666666666666666 0.07661290322580645 0.3333333333333333
10 0.07258064516129033 0.4166666666666667 0.06149193548387097 0.16666666666666666
8 0.10483870967741936 0.4444444444444444 0.046370967741935484 0.15625
7 0.12701612903225806 0.4722222222222222 0.04334677419354839 0.14930555555555555
18 0.17943548387096775 0.5625 0.06854838709677419 0.2013888888888889
6 0.25 0.7152777777777778 0.05342741935483871 0.18055555555555555
8 0.29838709677419356 0.8090277777777778 0.05443548387096774 0.1875
9 0.3326612903225806 0.8854166666666666 0.05846774193548387 0.16666666666666666
5 0.37600806451612906 0.9375 0.06350806451612903 0.11458333333333333
10 0.6411290322580645 0.5590277777777778 0.11693548387096774 0.19791666666666666
8 0.7358870967741935 0.5833333333333334 0.08165322580645161 0.1701388888888889
11 0.8104838709677419 0.6076388888888888 0.10483870967741936 0.21180555555555555
5 0.561491935483871 0.7395833333333334 0.1280241935483871 0.2916666666666667
1 0.6602822580645161 0.7777777777777778 0.11794354838709678 0.2604166666666667
6 0.7560483870967742 0.8125 0.125 0.28125
6 0.8548387096774194 0.8368055555555556 0.11794354838709678 0.2673611111111111