10 0.1556122448979592 0.2806603773584906 0.17346938775510204 0.25
3 0.290164568611641 0.2651494531161111 0.13024427319572343 0.27487470755242877
11 0.37244897959183676 0.2169811320754717 0.09183673469387756 0.2641509433962264
10 0.5739795918367347 0.16981132075471697 0.11989795918367346 0.125
6 0.6696428571428571 0.14386792452830188 0.07908163265306123 0.12028301886792453
1 0.7283163265306123 0.12971698113207547 0.07270408163265306 0.12264150943396226
18 0.7908163265306123 0.10377358490566038 0.10331632653061225 0.12028301886792453
2 0.5599489795918368 0.3136792452830189 0.125 0.15566037735849056
9 0.6594387755102041 0.2830188679245283 0.125 0.1509433962264151
3 0.7614795918367347 0.27122641509433965 0.1326530612244898 0.17688679245283018
7 0.8737244897959183 0.23113207547169812 0.14795918367346939 0.1650943396226415
10 0.0625 0.8844339622641509 0.0778061224489796 0.22877358490566038
1 0.12372448979591837 0.8584905660377359 0.05102040816326531 0.25471698113207547
2 0.16071428571428573 0.8301886792452831 0.04846938775510204 0.25943396226415094
11 0.20408163265306123 0.7830188679245284 0.0625 0.28773584905660377
5 0.2614795918367347 0.7382075471698113 0.05229591836734694 0.28773584905660377
1 0.3010204081632653 0.7051886792452831 0.04846938775510204 0.2665094339622642
4 0.3380102040816326 0.6627358490566038 0.047193877551020405 0.2665094339622642
1 0.37755102040816324 0.6320754716981132 0.05229591836734694 0.27122641509433965
10 0.46938775510204084 0.4834905660377358 0.10204081632653061 0.15566037735849056
18 0.6724340432537776 0.6198149223088283 0.08496832855646896 0.15651109775537544
6 0.5360349028180283 0.5221853333945343 0.06823512831272385 0.11861059313808438
8 0.6081501960103207 0.5733174545275472 0.06823512831272385 0.11861059313808438
3 0.7317050420430808 0.668725765843043 0.0738723233020874 0.13281642172120656
1 0.8002613817096469 0.7269745225643409 0.0718564570669613 0.1469399225239851
3 0.8763815902385299 0.7827824609392574 0.0771368826076335 0.15171178884295633
0 0.9525017987674128 0.8385903993141738 0.07387232330208755 0.13281642172120656