10 0.18495934959349594 0.14977477477477477 0.14532520325203252 0.16441441441441443
3 0.3094512195121951 0.15090090090090091 0.10569105691056911 0.15427927927927929
11 0.4136178861788618 0.14527027027027026 0.12449186991869919 0.14752252252252251
2 0.07774390243902439 0.34459459459459457 0.1483739837398374 0.23986486486486486
6 0.22510162601626016 0.34234234234234234 0.15548780487804878 0.23198198198198197
0 0.36636178861788615 0.3355855855855856 0.1366869918699187 0.21283783783783783
8 0.5025406504065041 0.32319819819819817 0.1600609756097561 0.23198198198198197
10 0.7774390243902439 0.11036036036036036 0.1402439024390244 0.22072072072072071
4 0.8851626016260162 0.0990990990990991 0.0975609756097561 0.1981981981981982
11 0.9623983739837398 0.0945945945945946 0.07520325203252033 0.1891891891891892
7 0.6925813008130082 0.3524774774774775 0.15548780487804878 0.2545045045045045
1 0.8135162601626016 0.3536036036036036 0.11890243902439024 0.25225225225225223
4 0.9237804878048781 0.34234234234234234 0.13414634146341464 0.2747747747747748
10 0.195630081300813 0.6171171171171171 0.17530487804878048 0.23536036036036037
5 0.34247967479674796 0.6779279279279279 0.11077235772357724 0.20495495495495494
11 0.4761178861788618 0.7274774774774775 0.14126016260162602 0.22072072072072071
1 0.31453252032520324 0.8423423423423423 0.34197154471544716 0.2927927927927928
3 0.6443089430894309 0.7454954954954955 0.10975609756097561 0.3153153153153153
3 0.7749856394353004 0.733894192960026 0.12147963318894225 0.30967553677620346
3 0.9913617886178862 0.7083333333333334 0.017276422764227643 0.29504504504504503
6 0.9069752953688113 0.7439057981149644 0.1308151787738055 0.3466556758233426