10 0.1812267657992565 0.13833333333333334 0.11802973977695168 0.16666666666666666
5 0.2778810408921933 0.17 0.09200743494423792 0.14666666666666667
11 0.354089219330855 0.20333333333333334 0.1087360594795539 0.17
2 0.08643122676579926 0.2733333333333333 0.13475836431226765 0.22333333333333333
3 0.18680297397769516 0.315 0.13289962825278812 0.22
2 0.28903345724907065 0.345 0.12546468401486988 0.21666666666666667
2 0.3847583643122677 0.365 0.120817843866171 0.185
10 0.5697026022304833 0.08333333333333333 0.09944237918215613 0.16666666666666666
1 0.6161710037174721 0.10833333333333334 0.08178438661710037 0.18666666666666668
2 0.6589219330855018 0.15 0.07806691449814127 0.19666666666666666
11 0.7053903345724907 0.20166666666666666 0.10223048327137546 0.23166666666666666
8 0.7723048327137546 0.25666666666666665 0.09665427509293681 0.21166666666666667
9 0.8262081784386617 0.31166666666666665 0.10223048327137546 0.20666666666666667
4 0.8819702602230484 0.3516666666666667 0.10223048327137546 0.21166666666666667
3 0.9414498141263941 0.38 0.09944237918215613 0.15333333333333332
0 0.1524163568773234 0.584843746659234 0.13011152416356878 0.21802416028922286
6 0.25464684014869887 0.5904438111938921 0.09293680297397769 0.18430297163515924
3 0.32620817843866173 0.5946971897014862 0.09293680297397769 0.17096963830182593
8 0.40055762081784385 0.5872548123933589 0.10966542750929369 0.1944775065294879
5 0.10966542750929369 0.7819564469447405 0.13568773234200743 0.26808233858733255
3 0.21561338289962825 0.7825177259473257 0.137546468401487 0.25143506468670235
10 0.31226765799256506 0.7848426354467601 0.12825278810408922 0.23800476752318636
1 0.40985130111524165 0.7916666666666666 0.1171003717472119 0.25
10 0.5176579925650557 0.6166666666666667 0.09851301115241635 0.3
1 0.5882899628252788 0.7489203678475517 0.11895910780669144 0.2745744703596705
6 0.6617100371747212 0.8114876869224426 0.11895910780669144 0.2712411370263372
11 0.7527881040892194 0.8783333333333333 0.14869888475836432 0.24333333333333335
1 0.5148698884758365 0.8666666666666667 0.09293680297397769 0.26666666666666666
5 0.6031598513011153 0.9283333333333333 0.2211895910780669 0.14333333333333334