10 0.17105263157894737 0.11436170212765957 0.11403508771929824 0.22872340425531915
2 0.10380116959064327 0.34308510638297873 0.14912280701754385 0.2925531914893617
3 0.19444444444444445 0.35638297872340424 0.06725146198830409 0.26595744680851063
10 0.32654625438704454 0.17903957892918068 0.13453771009781162 0.2646572617359006
1 0.4213314559266387 0.22452177667821313 0.07785789293215845 0.22626590363092325
6 0.48348447243863346 0.25295657001484545 0.07879477760723977 0.2528616483117743
11 0.5644559599688285 0.2782878470032925 0.10511056708092407 0.2559294472797536
5 0.6649954262572888 0.3217922033882352 0.11718122738370511 0.26793121136008474
5 0.7514619883040936 0.35904255319148937 0.1111111111111111 0.26063829787234044
4 0.8406432748538012 0.3803191489361702 0.10818713450292397 0.21808510638297873
9 0.9327485380116959 0.39361702127659576 0.11695906432748537 0.19148936170212766
2 0.039473684210526314 0.7898936170212766 0.07894736842105263 0.324468085106383
0 0.10580341352951758 0.817531371488264 0.10953355916924136 0.2988235053211129
11 0.20029239766081872 0.851063829787234 0.05555555555555555 0.2978723404255319
10 0.4703636048778281 0.7758027826237219 0.19601527322181475 0.3565809757545779
1 0.6120261206159244 0.8293984196728025 0.12235372721208757 0.33210186514612494
6 0.7090643274853801 0.851063829787234 0.12573099415204678 0.2978723404255319
11 0.8406432748538012 0.8643617021276596 0.14912280701754385 0.2712765957446808