10 0.15553745928338764 0.1125 0.12866449511400652 0.0625
3 0.251628664495114 0.1025 0.08469055374592833 0.0525
1 0.3127035830618892 0.0975 0.09609120521172639 0.0475
18 0.38436482084690554 0.085 0.10586319218241043 0.0525
7 0.13355048859934854 0.1775 0.17263843648208468 0.085
7 0.250814332247557 0.16 0.17263843648208468 0.0775
3 0.3550488599348534 0.1475 0.14332247557003258 0.075
1 0.46905537459283386 0.135 0.15553745928338764 0.0725
3 0.8583061889250815 0.0525 0.04560260586319218 0.105
0 0.9022787685516467 0.07035288930979683 0.03677830856496566 0.1282006731062367
1 0.9297575732406441 0.10032613671007069 0.043368781719218326 0.13878261367100705
0 0.9709283957905175 0.1515360078104815 0.03681621615186389 0.1332006731062367
2 0.989413680781759 0.1725 0.021172638436482084 0.135
7 0.6612377850162866 0.0775 0.14332247557003258 0.155
0 0.8118892508143323 0.12 0.13192182410423453 0.24
7 0.9462540716612378 0.185 0.10749185667752444 0.11
10 0.1001628664495114 0.4025 0.12052117263843648 0.32
5 0.1750814332247557 0.4675 0.08469055374592833 0.3475
9 0.2304560260586319 0.5575 0.0781758957654723 0.3225
18 0.28827361563517917 0.6575 0.09527687296416938 0.3825
4 0.3477198697068404 0.725 0.08224755700325732 0.3275
8 0.4030944625407166 0.8375 0.07654723127035831 0.325
1 0.44869706840390877 0.8725 0.0781758957654723 0.255
6 0.507328990228013 0.9025 0.09609120521172639 0.195
4 0.6579804560260586 0.745 0.13680781758957655 0.51
7 0.754885993485342 0.795 0.1449511400651466 0.41
6 0.8493485342019544 0.86 0.14169381107491857 0.28
3 0.9356677524429967 0.9125 0.12866449511400652 0.175