10 0.14392330954213842 0.134060525677595 0.13132338300270155 0.17453022638343615
3 0.23492462311557788 0.06818181818181818 0.0829145728643216 0.13636363636363635
1 0.292713567839196 0.045454545454545456 0.09798994974874371 0.09090909090909091
18 0.3592964824120603 0.01893939393939394 0.11055276381909548 0.03787878787878788
7 0.15326633165829145 0.32386363636363635 0.17587939698492464 0.23106060606060605
7 0.26434330719521304 0.23487972632191143 0.17603143789814402 0.2089598078235294
3 0.3628707866955429 0.15674563775070616 0.14814393606133938 0.20250180771166873
1 0.4396984924623116 0.08901515151515152 0.10050251256281408 0.17803030303030304
10 0.5452261306532663 0.11742424242424243 0.0829145728643216 0.2178030303030303
18 0.7311557788944724 0.17992424242424243 0.0728643216080402 0.1856060606060606
6 0.621859296482412 0.14772727272727273 0.052763819095477386 0.17234848484848486
3 0.6746231155778895 0.16666666666666666 0.06155778894472362 0.17992424242424243
4 0.8077889447236181 0.21022727272727273 0.05527638190954774 0.16856060606060605
5 0.8706030150753769 0.24053030303030304 0.04773869346733668 0.16287878787878787
7 0.9120603015075377 0.2537878787878788 0.05150753768844221 0.16477272727272727
2 0.9510050251256281 0.2784090909090909 0.05778894472361809 0.18371212121212122
10 0.2600502512562814 0.509469696969697 0.1984924623115578 0.14015151515151514
5 0.4020100502512563 0.5189393939393939 0.16080402010050251 0.1590909090909091
8 0.11180904522613065 0.7253787878787878 0.2236180904522613 0.3522727272727273
9 0.29943164362026764 0.7526817340626628 0.2231936936263699 0.356540276295626
2 0.4296482412060301 0.7708333333333334 0.12060301507537688 0.3522727272727273
10 0.5238693467336684 0.6685606060606061 0.0678391959798995 0.38257575757575757
1 0.6225859796163027 0.6862019871807762 0.1538391783605233 0.3648951189860962
8 0.723203420623251 0.6974471575779927 0.15132661554645296 0.3646523806839161
11 0.8610009550803118 0.716536258957233 0.19804861149190398 0.3917489428504319
1 0.5791457286432161 0.9204545454545454 0.17839195979899497 0.1590909090909091
0 0.7449748743718593 0.9375 0.2537688442211055 0.125