10 0.055714285714285716 0.03571428571428571 0.11142857142857143 0.07142857142857142
4 0.15285714285714286 0.03968253968253968 0.1 0.07936507936507936
11 0.24142857142857144 0.047619047619047616 0.12285714285714286 0.09523809523809523
4 0.06454554966197285 0.15326689773923896 0.12805613748035682 0.18236579936113279
2 0.17800734079628702 0.16373106463642167 0.12805613748035682 0.18236579936113273
2 0.2828061563423504 0.17673383171472842 0.12519899462321388 0.1821809749621337
0 0.09285714285714286 0.49603174603174605 0.06571428571428571 0.20634920634920634
2 0.15 0.5277777777777778 0.06428571428571428 0.2123015873015873
3 0.20714285714285716 0.5615079365079365 0.06714285714285714 0.21825396825396826
11 0.28714285714285714 0.6051587301587301 0.09 0.24404761904761904
6 0.05285714285714286 0.6666666666666666 0.10428571428571429 0.2996031746031746
4 0.14285714285714285 0.7142857142857143 0.09714285714285714 0.30357142857142855
7 0.23142857142857143 0.7658730158730159 0.09857142857142857 0.3055555555555556
7 0.32 0.8035714285714286 0.09714285714285714 0.2777777777777778
10 0.48 0.6091269841269841 0.11142857142857143 0.32936507936507936
1 0.5528571428571428 0.628968253968254 0.06571428571428571 0.30357142857142855
5 0.61 0.628968253968254 0.07285714285714286 0.2976190476190476
11 0.6771428571428572 0.6369047619047619 0.08571428571428572 0.3134920634920635
6 0.75 0.6309523809523809 0.07285714285714286 0.2976190476190476
4 0.8128571428571428 0.626984126984127 0.07285714285714286 0.2837301587301587
3 0.8757142857142857 0.628968253968254 0.06857142857142857 0.29563492063492064
2 0.9314285714285714 0.6170634920634921 0.06857142857142857 0.2896825396825397