10 0.10356200527704486 0.23094170403587444 0.12532981530343007 0.22869955156950672
4 0.19129287598944592 0.17152466367713004 0.09102902374670185 0.21524663677130046
11 0.26451187335092347 0.13565022421524664 0.10883905013192612 0.23430493273542602
2 0.0712401055408971 0.43946188340807174 0.11081794195250659 0.21973094170403587
4 0.16490765171503957 0.4192825112107623 0.11741424802110818 0.2589686098654709
2 0.25659630606860157 0.3789237668161435 0.11807387862796834 0.29035874439461884
2 0.34300791556728233 0.33408071748878926 0.11609498680738786 0.29035874439461884
10 0.4762532981530343 0.3890134529147982 0.08179419525065963 0.32062780269058294
2 0.5415567282321899 0.36995515695067266 0.09432717678100264 0.35874439461883406
13 0.6325857519788918 0.3374439461883408 0.1424802110817942 0.4226457399103139
3 0.7295514511873351 0.29260089686098656 0.10092348284960422 0.38004484304932734
5 0.804089709762533 0.2533632286995516 0.10224274406332454 0.3744394618834081
2 0.8753298153034301 0.2085201793721973 0.10290237467018469 0.38004484304932734
8 0.9511873350923483 0.1961883408071749 0.09762532981530343 0.35538116591928254
10 0.19393139841688653 0.6457399103139013 0.27440633245382584 0.19282511210762332
4 0.16820580474934038 0.8721973094170403 0.2757255936675462 0.2556053811659193
2 0.3311345646437995 0.8228699551569507 0.19525065963060687 0.3542600896860987
10 0.49076517150395776 0.8901345291479821 0.10224274406332454 0.21973094170403587
1 0.5817941952506597 0.8677130044843049 0.09630606860158311 0.23766816143497757
8 0.6451187335092349 0.8419282511210763 0.09366754617414248 0.22757847533632286
11 0.7295514511873351 0.8105381165919282 0.11609498680738786 0.24327354260089687
9 0.8087071240105541 0.7769058295964125 0.09102902374670185 0.21748878923766815
8 0.8713720316622692 0.765695067264574 0.08641160949868074 0.21188340807174888
9 0.9307387862796834 0.7365470852017937 0.08839050131926121 0.21188340807174888