10 0.08226221079691516 0.1926605504587156 0.10347043701799485 0.22477064220183487
6 0.16259640102827763 0.22706422018348624 0.07969151670951156 0.20642201834862386
11 0.2410025706940874 0.2786697247706422 0.09318766066838047 0.21444954128440366
5 0.3097686375321337 0.31077981651376146 0.07647814910025708 0.2098623853211009
3 0.37210796915167094 0.3268348623853211 0.08097686375321336 0.18577981651376146
9 0.43251928020565555 0.33715596330275227 0.07262210796915167 0.16399082568807338
10 0.5610539845758354 0.12155963302752294 0.11311053984575835 0.14793577981651376
6 0.6362467866323908 0.1720183486238532 0.07519280205655526 0.125
1 0.7127249357326478 0.22591743119266056 0.07519280205655526 0.12155963302752294
18 0.775706940874036 0.27293577981651373 0.08868894601542417 0.1341743119266055
1 0.8431876606683805 0.32798165137614677 0.07840616966580977 0.13761467889908258
0 0.9235218508997429 0.3669724770642202 0.06426735218508997 0.10435779816513761
2 0.9781491002570694 0.3876146788990826 0.043701799485861184 0.06422018348623854
10 0.05462724935732648 0.5424311926605505 0.10925449871465295 0.24541284403669725
5 0.15028601727039656 0.5880550110117235 0.15068166989272921 0.3085177245467892
11 0.2849687084073625 0.6520397624122334 0.1717865039180006 0.3231333303580023
4 0.06940874035989718 0.8256880733944955 0.13881748071979436 0.3486238532110092
7 0.18444730077120822 0.8727064220183486 0.17866323907455012 0.2545871559633027
9 0.3444730077120823 0.9174311926605505 0.20051413881748073 0.1651376146788991
10 0.6613110539845758 0.7190366972477065 0.09190231362467867 0.12270642201834862
4 0.7429305912596401 0.7121559633027523 0.06491002570694088 0.1158256880733945
11 0.8014138817480719 0.7098623853211009 0.08804627249357326 0.14105504587155962
3 0.6188946015424165 0.8646788990825688 0.11375321336760925 0.18463302752293578
7 0.7088688946015425 0.8646788990825688 0.10989717223650386 0.1559633027522936
2 0.8014138817480719 0.8520642201834863 0.10796915167095116 0.16628440366972477
7 0.8920308483290489 0.8245412844036697 0.12532133676092544 0.1743119266055046