6 0.09076923076923077 0.3372093023255814 0.12615384615384614 0.32558139534883723
11 0.23846153846153847 0.3430232558139535 0.15076923076923077 0.313953488372093
5 0.35846153846153844 0.3430232558139535 0.10153846153846154 0.313953488372093
4 0.6219187092929741 0.16897865983524804 0.19334720958939827 0.28116689214115825
5 0.8 0.13662790697674418 0.19076923076923077 0.27325581395348836
9 0.9415384615384615 0.11627906976744186 0.11692307692307692 0.23255813953488372
10 0.05846153846153846 0.5668604651162791 0.11692307692307692 0.13372093023255813
1 0.1523076923076923 0.5465116279069767 0.08923076923076922 0.09302325581395349
0 0.2230769230769231 0.5377906976744186 0.08307692307692308 0.0755813953488372
3 0.03538461538461538 0.7936046511627907 0.07076923076923076 0.31976744186046513
9 0.13652456024233062 0.7657375948955294 0.15976959520367856 0.3098645890718531
7 0.27692736943298185 0.723671962665288 0.1535083332656588 0.2981690329112606
4 0.37384615384615383 0.6686046511627907 0.07076923076923076 0.313953488372093
1 0.4369230769230769 0.8023255813953488 0.055384615384615386 0.26744186046511625
0 0.4965167736283435 0.7796128990739387 0.08857070129775323 0.2625749955506206
11 0.5798353822196574 0.7543633723582166 0.09493937901994662 0.2858984586879572
6 0.654057491310419 0.7144774881457916 0.079286224174897 0.2566595682864761
7 0.7189951232783245 0.6803040836459665 0.07604817742171358 0.23918388322943568
9 0.7931366705309558 0.6491391296660998 0.08252427092808061 0.2741352533435165
8 0.8630769230769231 0.622093023255814 0.07692307692307693 0.2441860465116279