10 0.1528846153846154 0.17832167832167833 0.1375 0.16083916083916083
2 0.2759615384615385 0.16433566433566432 0.10480769230769231 0.1451048951048951
16 0.36538461538461536 0.1555944055944056 0.12307692307692308 0.16783216783216784
5 0.15673076923076923 0.3583916083916084 0.1125 0.19055944055944055
0 0.23942307692307693 0.34265734265734266 0.11634615384615385 0.20279720279720279
9 0.32884615384615384 0.32517482517482516 0.1201923076923077 0.2097902097902098
5 0.4173076923076923 0.3129370629370629 0.10865384615384616 0.19405594405594406
10 0.6634615384615384 0.30594405594405594 0.05576923076923077 0.1958041958041958
8 0.7144230769230769 0.3041958041958042 0.04423076923076923 0.1853146853146853
11 0.7538461538461538 0.30244755244755245 0.052884615384615384 0.20454545454545456
7 0.8028846153846154 0.2972027972027972 0.05 0.19055944055944055
0 0.8423076923076923 0.291958041958042 0.04326923076923077 0.19755244755244755
6 0.8826923076923077 0.291958041958042 0.047115384615384615 0.1993006993006993
0 0.9211538461538461 0.2762237762237762 0.04903846153846154 0.1958041958041958
10 0.16538461538461538 0.7517482517482518 0.2076923076923077 0.2867132867132867
2 0.34615384615384615 0.7377622377622378 0.15384615384615385 0.25874125874125875
13 0.5028846153846154 0.7395104895104895 0.17115384615384616 0.26223776223776224
1 0.08942307692307692 0.9405594405594405 0.15576923076923077 0.11888111888111888
7 0.2528846153846154 0.9370629370629371 0.19038461538461537 0.1258741258741259
9 0.44134615384615383 0.9143356643356644 0.2173076923076923 0.17132867132867133
2 0.6211538461538462 0.8618881118881119 0.06538461538461539 0.2762237762237762
13 0.7413461538461539 0.8374125874125874 0.225 0.32517482517482516