10 0.14705882352941177 0.11778846153846154 0.12967914438502673 0.13701923076923078
2 0.2718360071301248 0.125 0.09982174688057041 0.12620192307692307
16 0.36185383244206776 0.1310096153846154 0.11898395721925134 0.14423076923076922
5 0.11809269162210338 0.28125 0.1051693404634581 0.16947115384615385
0 0.20409982174688057 0.27884615384615385 0.10918003565062388 0.18028846153846154
9 0.2976827094474153 0.27884615384615385 0.10918003565062388 0.1875
5 0.3859180035650624 0.2824519230769231 0.10115864527629234 0.16947115384615385
11 0.8805704099821747 0.057692307692307696 0.21390374331550802 0.11538461538461539
3 0.6140819964349377 0.3004807692307692 0.12834224598930483 0.4567307692307692
0 0.7883244206773619 0.3233173076923077 0.23440285204991088 0.4110576923076923
0 0.946078431372549 0.3449519230769231 0.10784313725490197 0.36778846153846156
10 0.17825311942959002 0.671875 0.11051693404634581 0.12139423076923077
8 0.2606951871657754 0.6754807692307693 0.06818181818181818 0.10576923076923077
11 0.3319964349376114 0.6850961538461539 0.08778966131907308 0.11538461538461539
8 0.0855614973262032 0.8209134615384616 0.12566844919786097 0.22355769230769232
9 0.196524064171123 0.8341346153846154 0.1270053475935829 0.21514423076923078
2 0.3106060606060606 0.8377403846153846 0.12566844919786097 0.21754807692307693
6 0.4215686274509804 0.8449519230769231 0.1270053475935829 0.21153846153846154
10 0.6697860962566845 0.6730769230769231 0.08377896613190731 0.10096153846153846
18 0.8493761140819964 0.6634615384615384 0.07040998217468805 0.09975961538461539
6 0.750445632798574 0.6730769230769231 0.05525846702317291 0.11177884615384616
5 0.7985739750445633 0.671875 0.05303030303030303 0.11177884615384616
8 0.6323529411764706 0.8377403846153846 0.10249554367201426 0.16947115384615385
1 0.7170231729055259 0.8365384615384616 0.0962566844919786 0.1875
9 0.8052584670231729 0.8401442307692307 0.1051693404634581 0.18389423076923078
1 0.8970588235294118 0.8377403846153846 0.10962566844919786 0.18028846153846154