5 0.07899022801302931 0.11650485436893204 0.12866449511400652 0.23300970873786409
1 0.16368078175895764 0.16262135922330098 0.13843648208469056 0.32524271844660196
0 0.24267100977198697 0.19902912621359223 0.1270358306188925 0.33980582524271846
10 0.6205211726384365 0.10922330097087378 0.1783387622149837 0.13349514563106796
6 0.747557003257329 0.12864077669902912 0.11074918566775244 0.0970873786407767
11 0.8395765472312704 0.14805825242718446 0.13517915309446255 0.10922330097087378
4 0.5268729641693811 0.21601941747572814 0.28583061889250816 0.20631067961165048
2 0.7793159609120521 0.24514563106796117 0.26465798045602607 0.1941747572815534
10 0.05130293159609121 0.5169902912621359 0.06840390879478828 0.2936893203883495
3 0.1001628664495114 0.5606796116504854 0.05374592833876222 0.38106796116504854
16 0.14169381107491857 0.6359223300970874 0.0732899022801303 0.4733009708737864
3 0.18973941368078176 0.7427184466019418 0.05374592833876222 0.42475728155339804
9 0.22231270358306188 0.7912621359223301 0.05374592833876222 0.3859223300970874
9 0.254071661237785 0.8228155339805825 0.05211726384364821 0.3131067961165049
6 0.28501628664495116 0.8567961165048543 0.05130293159609121 0.24029126213592233
10 0.43973941368078173 0.5728155339805825 0.22149837133550487 0.4077669902912621
1 0.5700325732899023 0.616504854368932 0.15309446254071662 0.49514563106796117
9 0.6416938110749185 0.6577669902912622 0.16286644951140064 0.5776699029126213
11 0.751628664495114 0.6893203883495146 0.19055374592833876 0.6213592233009708
4 0.8607491856677525 0.7548543689320388 0.15472312703583063 0.49029126213592233
2 0.9267100977198697 0.7888349514563107 0.1465798045602606 0.4223300970873786
3 0.9609120521172638 0.8252427184466019 0.0781758957654723 0.34951456310679613