10 0.16666666666666666 0.21641791044776118 0.13922155688622753 0.2080223880597015
5 0.3033932135728543 0.22294776119402984 0.11177644710578842 0.19869402985074627
11 0.4171656686626746 0.23880597014925373 0.1282435129740519 0.22294776119402984
1 0.08483033932135728 0.4449626865671642 0.1501996007984032 0.27798507462686567
5 0.21606786427145708 0.4533582089552239 0.14321357285429143 0.2658582089552239
1 0.34331337325349304 0.46455223880597013 0.15718562874251496 0.2826492537313433
0 0.4655688622754491 0.48600746268656714 0.13872255489021956 0.269589552238806
10 0.8779097425532995 0.22298892489309965 0.1978572297469711 0.34245808282379947
7 0.7819361277445109 0.5475746268656716 0.28642714570858285 0.22201492537313433
10 0.18263473053892215 0.8078358208955224 0.1531936127744511 0.1044776119402985
1 0.30489021956087825 0.8013059701492538 0.09730538922155689 0.10820895522388059
14 0.4226546906187625 0.789179104477612 0.1686626746506986 0.11753731343283583
5 0.09131736526946108 0.933768656716418 0.14920159680638723 0.11100746268656717
3 0.22654690618762474 0.9347014925373134 0.13922155688622753 0.12126865671641791
2 0.3602794411177645 0.9216417910447762 0.13522954091816367 0.1296641791044776
8 0.49700598802395207 0.9076492537313433 0.1497005988023952 0.12406716417910447
10 0.6626746506986028 0.8125 0.0658682634730539 0.2042910447761194
1 0.7120758483033932 0.8264925373134329 0.04590818363273453 0.20615671641791045
5 0.7514970059880239 0.8339552238805971 0.04940119760479042 0.20615671641791045
11 0.7944111776447106 0.8414179104477612 0.054890219560878244 0.20708955223880596
6 0.8383233532934131 0.855410447761194 0.046906187624750496 0.21641791044776118
8 0.8762475049900199 0.8656716417910447 0.04491017964071856 0.21641791044776118
9 0.9116766467065869 0.8731343283582089 0.04241516966067864 0.20615671641791045
3 0.9486027944111777 0.875 0.04590818363273453 0.1958955223880597