10 0.08630952380952381 0.06712962962962964 0.17261904761904762 0.13425925925925927
2 0.21726190476190477 0.10648148148148148 0.14484126984126985 0.21296296296296297
13 0.3402777777777778 0.12962962962962962 0.20436507936507936 0.25925925925925924
2 0.48908730158730157 0.1412037037037037 0.14484126984126985 0.2361111111111111
6 0.5892857142857143 0.16203703703703703 0.15476190476190477 0.19444444444444445
4 0.6567460317460317 0.19212962962962962 0.10317460317460317 0.13425925925925927
10 0.7430555555555556 0.15046296296296297 0.06547619047619048 0.11805555555555555
1 0.7837301587301587 0.14351851851851852 0.05654761904761905 0.09490740740740741
5 0.8194444444444444 0.13657407407407407 0.054563492063492064 0.09490740740740741
11 0.8561507936507936 0.12962962962962962 0.06349206349206349 0.09953703703703703
8 0.8958333333333334 0.125 0.05654761904761905 0.09722222222222222
5 0.9275793650793651 0.11805555555555555 0.054563492063492064 0.09027777777777778
6 0.9603174603174603 0.1111111111111111 0.047619047619047616 0.08564814814814815
8 0.9821428571428571 0.10648148148148148 0.03571428571428571 0.08333333333333333
10 0.22817460317460317 0.4074074074074074 0.19345238095238096 0.29398148148148145
1 0.3472222222222222 0.47453703703703703 0.13293650793650794 0.2638888888888889
6 0.43154761904761907 0.5231481481481481 0.13293650793650794 0.2638888888888889
11 0.5456349206349206 0.5740740740740741 0.15376984126984128 0.2708333333333333
8 0.11011904761904762 0.6481481481481481 0.2152777777777778 0.3541666666666667
2 0.26091269841269843 0.7314814814814815 0.20238095238095238 0.3402777777777778
9 0.4037698412698413 0.8032407407407407 0.20238095238095238 0.33796296296296297
2 0.5446428571428571 0.8449074074074074 0.2123015873015873 0.2916666666666667
10 0.7380952380952381 0.37037037037037035 0.05952380952380952 0.2222222222222222
7 0.808531746031746 0.4027777777777778 0.11706349206349206 0.28703703703703703
11 0.9223961858368914 0.4535609183818245 0.13128866934561625 0.313686775349493
7 0.748015873015873 0.7037037037037037 0.07936507936507936 0.4722222222222222
8 0.8134920634920635 0.7638888888888888 0.1746031746031746 0.4722222222222222
5 0.9186507936507936 0.7986111111111112 0.1626984126984127 0.4027777777777778