10 0.0934873949579832 0.25934579439252337 0.1869747899159664 0.29439252336448596
2 0.2433076422430815 0.22923214868234632 0.14713178668053098 0.34351818594911765
13 0.35714285714285715 0.19158878504672897 0.18487394957983194 0.38317757009345793
10 0.5756302521008403 0.1822429906542056 0.20903361344537816 0.22429906542056074
4 0.7279411764705882 0.1261682242990654 0.13130252100840337 0.18457943925233644
16 0.8592436974789915 0.09345794392523364 0.20168067226890757 0.18691588785046728
8 0.5934873949579832 0.32242990654205606 0.19117647058823528 0.16355140186915887
1 0.740546218487395 0.2897196261682243 0.17436974789915966 0.20093457943925233
4 0.884453781512605 0.23598130841121495 0.1869747899159664 0.20093457943925233
11 0.045168067226890755 0.8084112149532711 0.09033613445378151 0.38317757009345793
8 0.12184873949579832 0.7827102803738317 0.14285714285714285 0.43457943925233644
7 0.20688811433018933 0.7398111345668732 0.13536400566975415 0.43621478964776755
1 0.29116417007453954 0.7097053029622 0.13311626026651138 0.43143312956199387
3 0.3665226967394732 0.6636793827286589 0.12651992912389162 0.42176104650093477
10 0.5 0.8154205607476636 0.09138655462184873 0.3691588785046729
1 0.5672268907563025 0.7757009345794392 0.07878151260504201 0.37383177570093457
4 0.6228991596638656 0.7266355140186916 0.0934873949579832 0.3878504672897196
11 0.6964285714285714 0.6845794392523364 0.0934873949579832 0.3878504672897196
3 0.7647058823529411 0.6401869158878505 0.08403361344537816 0.37383177570093457
2 0.8298319327731093 0.5957943925233645 0.08508403361344538 0.3574766355140187
3 0.8939075630252101 0.5747663551401869 0.0861344537815126 0.3364485981308411
5 0.9590336134453782 0.5514018691588785 0.0819327731092437 0.2897196261682243