10 0.013245033112582781 0.33 0.026490066225165563 0.46
1 0.04884486642758085 0.331315297929478 0.08774580648757299 0.40117817965145974
2 0.11693785620167214 0.3308633263817665 0.09789177639411467 0.41257545210789215
11 0.20852794653094006 0.31867165723239743 0.128541881185844 0.4567672694771896
8 0.32319074727117564 0.3147402904813707 0.10803774630065635 0.4239727245643246
9 0.41446254499228663 0.3175486213320016 0.11797152113509343 0.4253699970207572
4 0.49337748344370863 0.315 0.09271523178807947 0.45
10 0.5993377483443708 0.425 0.11920529801324503 0.27
7 0.6903973509933775 0.43 0.12251655629139073 0.26
3 0.7947019867549668 0.46 0.10596026490066225 0.2
18 0.8841059602649006 0.46 0.11258278145695365 0.2
5 0.9602649006622517 0.46 0.07947019867549669 0.2
10 0.1357615894039735 0.93 0.15894039735099338 0.14
1 0.2433774834437086 0.935 0.09602649006622517 0.13
0 0.3129139072847682 0.92 0.08940397350993377 0.16
11 0.402317880794702 0.9 0.12251655629139073 0.2
4 0.49337748344370863 0.875 0.09271523178807947 0.25
2 0.9543876047416139 0.880438926709587 0.06983248178869078 0.1793151497095498