10 0.05623471882640587 0.11348684210526316 0.07212713936430318 0.2236842105263158
1 0.09657701711491443 0.15296052631578946 0.050733496332518335 0.2598684210526316
2 0.12775061124694376 0.21052631578947367 0.05623471882640587 0.2746710526315789
11 0.16992665036674817 0.2779605263157895 0.0715158924205379 0.30098684210526316
8 0.22127139364303178 0.37006578947368424 0.061124694376528114 0.2746710526315789
9 0.2622249388753056 0.4506578947368421 0.06601466992665037 0.28125
4 0.3025672371638142 0.5049342105263158 0.0647921760391198 0.24671052631578946
3 0.3465770171149144 0.5460526315789473 0.0647921760391198 0.16282894736842105
0 0.6259168704156479 0.20559210526315788 0.12286063569682151 0.20723684210526316
1 0.7096577017114915 0.23684210526315788 0.08312958435207823 0.17598684210526316
2 0.7775061124694377 0.26973684210526316 0.12041564792176039 0.20723684210526316
3 0.5165036674816625 0.36348684210526316 0.15831295843520782 0.2565789473684211
4 0.6240831295843521 0.4029605263157895 0.1430317848410758 0.24177631578947367
5 0.7316625916870416 0.4506578947368421 0.1460880195599022 0.25493421052631576
6 0.8404645476772616 0.4934210526315789 0.14364303178484109 0.24671052631578946
12 0.13447432762836187 0.7039473684210527 0.09902200488997555 0.13980263157894737
2 0.21026894865525672 0.7598684210526315 0.0745721271393643 0.15953947368421054
11 0.2823960880195599 0.8223684210526315 0.09290953545232274 0.17434210526315788
8 0.061124694376528114 0.7631578947368421 0.10941320293398533 0.22039473684210525
9 0.15097799511002444 0.8453947368421053 0.1069682151589242 0.20559210526315788
4 0.24205378973105135 0.9111842105263158 0.10635696821515893 0.17763157894736842
0 0.33312958435207823 0.9523026315789473 0.10452322738386308 0.09375
2 0.4902200488997555 0.8141447368421053 0.16136919315403422 0.3717105263157895
4 0.5837408312958435 0.8536184210526315 0.14547677261613692 0.29276315789473684
11 0.6894865525672371 0.912828947368421 0.1491442542787286 0.17434210526315788
11 0.7885085574572127 0.9605263157894737 0.15158924205378974 0.07894736842105263