8 0.11942314828937844 0.2294029117133845 0.1676902382009992 0.2981907921148151
0 0.20108695652173914 0.2481060606060606 0.03695652173913044 0.32954545454545453
10 0.36086956521739133 0.22348484848484848 0.1608695652173913 0.2537878787878788
1 0.4891304347826087 0.24431818181818182 0.09456521739130434 0.23674242424242425
6 0.5728260869565217 0.26515151515151514 0.09456521739130434 0.23674242424242425
11 0.6684782608695652 0.2765151515151515 0.12608695652173912 0.24242424242424243
5 0.7902173913043479 0.29545454545454547 0.09456521739130434 0.23106060606060605
7 0.8717391304347826 0.30492424242424243 0.09565217391304348 0.22348484848484848
1 0.9510869565217391 0.3143939393939394 0.08804347826086957 0.20454545454545456
10 0.042391304347826085 0.759469696969697 0.042391304347826085 0.32954545454545453
1 0.07391304347826087 0.7765151515151515 0.02608695652173913 0.3068181818181818
7 0.09782608695652174 0.7840909090909091 0.02826086956521739 0.3087121212121212
11 0.125 0.7992424242424242 0.034782608695652174 0.32765151515151514
2 0.1565217391304348 0.8049242424242424 0.02717391304347826 0.3087121212121212
7 0.1782608695652174 0.8200757575757576 0.02608695652173913 0.3162878787878788
5 0.2 0.8314393939393939 0.02391304347826087 0.3181818181818182
4 0.2141304347826087 0.8238636363636364 0.007608695652173913 0.29734848484848486
10 0.532608695652174 0.6060606060606061 0.18804347826086956 0.22916666666666666
1 0.6695652173913044 0.6231060606060606 0.11413043478260869 0.21022727272727273
6 0.7673913043478261 0.6401515151515151 0.11413043478260869 0.21401515151515152
11 0.8869565217391304 0.6647727272727273 0.1608695652173913 0.2178030303030303
9 0.40869565217391307 0.8011363636363636 0.19456521739130433 0.2196969696969697
6 0.5804347826086956 0.8276515151515151 0.18478260869565216 0.22537878787878787
7 0.7565217391304347 0.8503787878787878 0.19782608695652174 0.22348484848484848
4 0.9141304347826087 0.8768939393939394 0.14456521739130435 0.2215909090909091