10 0.12131367292225201 0.2602739726027397 0.1648793565683646 0.2945205479452055
8 0.2508110647457632 0.21314287610951982 0.10518933540842812 0.2882817001713151
0 0.34190149016334015 0.17625661695068448 0.1052595237037345 0.31910361797953435
18 0.4497319034852547 0.13356164383561644 0.13002680965147453 0.2671232876712329
2 0.46581769436997317 0.3373287671232877 0.1675603217158177 0.1404109589041096
10 0.6823056300268097 0.14726027397260275 0.10991957104557641 0.1558219178082192
5 0.7754691689008043 0.11643835616438356 0.07104557640750671 0.1404109589041096
11 0.8545576407506702 0.09075342465753425 0.08914209115281502 0.1541095890410959
3 0.6300268096514745 0.3030821917808219 0.0938337801608579 0.1678082191780822
0 0.7312332439678284 0.273972602739726 0.0938337801608579 0.17123287671232876
6 0.824396782841823 0.24486301369863014 0.0938337801608579 0.17123287671232876
6 0.9189008042895442 0.21575342465753425 0.07975871313672922 0.16267123287671234
10 0.12466487935656836 0.7414383561643836 0.20107238605898123 0.5171232876712328
1 0.2794330201124694 0.6665669661977421 0.11368455542053997 0.4877491017651043
5 0.3693029490616622 0.6318493150684932 0.11126005361930295 0.4486301369863014
11 0.47587131367292224 0.6095890410958904 0.14745308310991956 0.4041095890410959
10 0.693029490616622 0.660958904109589 0.09785522788203753 0.17123287671232876
4 0.7848525469168901 0.625 0.08445040214477212 0.17123287671232876
11 0.8733243967828418 0.5941780821917808 0.09249329758713137 0.17123287671232876
7 0.6689008042895442 0.8578767123287672 0.09316353887399464 0.2243150684931507
7 0.75 0.8287671232876712 0.09584450402144772 0.2191780821917808
7 0.8304289544235925 0.797945205479452 0.09316353887399464 0.2191780821917808
9 0.9155495978552279 0.7654109589041096 0.10388739946380697 0.23116438356164384