10 0.13566051820086458 0.20446518445182804 0.08856417607466074 0.1563747168401629
7 0.20563405157788475 0.19000720665928506 0.0596679759097695 0.1450297421336289
11 0.27252312123609573 0.17889871066814475 0.08126176511943821 0.1504134731635294
9 0.09748803827751196 0.345 0.10885167464114832 0.15
5 0.20454545454545456 0.33875 0.10526315789473684 0.1625
7 0.3104066985645933 0.32625 0.11363636363636363 0.1875
1 0.5370813397129187 0.215 0.22966507177033493 0.41
0 0.7332535885167464 0.21 0.21052631578947367 0.42
7 0.9102870813397129 0.21 0.17942583732057416 0.42
10 0.05741626794258373 0.85125 0.0729665071770335 0.2975
2 0.11423444976076555 0.84375 0.046052631578947366 0.2675
1 0.1507177033492823 0.8325 0.042464114832535885 0.26625
11 0.19078947368421054 0.82 0.053229665071770335 0.27
2 0.2326555023923445 0.80375 0.041866028708133975 0.2575
6 0.2673444976076555 0.78125 0.04126794258373206 0.2475
7 0.3008373205741627 0.7675 0.041866028708133975 0.2625
0 0.3349282296650718 0.75125 0.037679425837320576 0.25625
0 0.5322966507177034 0.64 0.12081339712918661 0.17875
10 0.666267942583732 0.635 0.12081339712918661 0.17625
9 0.7888755980861244 0.63125 0.10645933014354067 0.175
7 0.47547846889952156 0.85625 0.13636363636363635 0.23125
5 0.6058612440191388 0.845 0.13935406698564592 0.23
17 0.7374401913875598 0.84375 0.13516746411483255 0.23125
1 0.8630382775119617 0.83875 0.12858851674641147 0.22875