10 0.16709183673469388 0.17329545454545456 0.21173469387755103 0.3465909090909091
7 0.31760204081632654 0.10795454545454546 0.15051020408163265 0.2159090909090909
11 0.4604591836734694 0.06818181818181818 0.19642857142857142 0.13636363636363635
5 0.3227040816326531 0.2727272727272727 0.25255102040816324 0.19318181818181818
7 0.49107142857142855 0.1875 0.1556122448979592 0.36363636363636365
10 0.5867346938775511 0.08806818181818182 0.03571428571428571 0.17613636363636365
18 0.7439306259101418 0.2041954380997972 0.09409348891941503 0.20869009497920663
6 0.6122643730062773 0.12353530282503983 0.07368810780369374 0.15546933103044927
8 0.6825617851724953 0.1633442703843201 0.07368810780369373 0.15546933103044935
3 0.8000558570393185 0.24848305785258162 0.07963956137287974 0.17311032852230213
1 0.8647959183673469 0.2869318181818182 0.08163265306122448 0.16477272727272727
3 0.9362244897959183 0.3096590909090909 0.08673469387755102 0.11931818181818182
10 0.11096938775510204 0.6221590909090909 0.15433673469387754 0.26988636363636365
4 0.2193877551020408 0.5710227272727273 0.10331632653061225 0.23579545454545456
8 0.2844387755102041 0.5340909090909091 0.08801020408163265 0.20454545454545456
18 0.375 0.5028409090909091 0.11734693877551021 0.24431818181818182
5 0.05357142857142857 0.8721590909090909 0.10586734693877552 0.2528409090909091
2 0.15306122448979592 0.8494318181818182 0.12627551020408162 0.2755681818181818
9 0.2869897959183674 0.7954545454545454 0.14668367346938777 0.32954545454545453
2 0.41964285714285715 0.7556818181818182 0.14923469387755103 0.3153409090909091
18 0.5892857142857143 0.6960227272727273 0.04081632653061224 0.3352272727272727
5 0.6637108786207648 0.6664026211945472 0.14000629196718425 0.3157271658231194
4 0.796787255146892 0.6169764812338845 0.11279726237983263 0.27865854200021933
0 0.8988266803986302 0.5796463262243384 0.11336353754840552 0.29002217836385574
4 0.9681122448979592 0.5596590909090909 0.06377551020408163 0.3125