10 0.10899653979238755 0.20471014492753623 0.10207612456747404 0.1105072463768116
8 0.16349480968858132 0.17028985507246377 0.0726643598615917 0.09239130434782608
3 0.19550173010380623 0.14130434782608695 0.06920415224913495 0.08876811594202899
18 0.23269896193771628 0.10326086956521739 0.0847750865051903 0.10144927536231885
6 0.1384083044982699 0.3007246376811594 0.1245674740484429 0.11594202898550725
4 0.2093425605536332 0.2807971014492754 0.13062283737024222 0.1539855072463768
2 0.2690311418685121 0.2246376811594203 0.12629757785467127 0.14855072463768115
5 0.31833910034602075 0.16666666666666666 0.1245674740484429 0.14492753623188406
10 0.5017301038062284 0.32608695652173914 0.1046712802768166 0.06521739130434782
1 0.5631487889273357 0.3061594202898551 0.09948096885813149 0.10507246376811594
2 0.6141868512110726 0.2807971014492754 0.10034602076124567 0.15579710144927536
11 0.6799307958477508 0.2554347826086957 0.1254325259515571 0.20471014492753623
8 0.7569204152249135 0.19746376811594202 0.1115916955017301 0.1956521739130435
9 0.8131487889273357 0.1539855072463768 0.0986159169550173 0.18659420289855072
4 0.8693771626297578 0.11775362318840579 0.09948096885813149 0.16666666666666666
3 0.9299307958477508 0.09601449275362318 0.10121107266435986 0.11231884057971014
5 0.07006920415224914 0.8876811594202898 0.14013840830449828 0.2246376811594203
11 0.157439446366782 0.8659420289855072 0.1903114186851211 0.26811594202898553
2 0.29325259515570934 0.8297101449275363 0.21972318339100347 0.34057971014492755
3 0.36418685121107264 0.7989130434782609 0.10899653979238755 0.40217391304347827
0 0.5855128796705619 0.6528564135834096 0.11513650216122014 0.250523430278922
3 0.6665045104182774 0.6004715487110456 0.08642481637179185 0.2257461677117892
4 0.7141815961536434 0.5714629317167219 0.08279293794437263 0.2217432127894483
9 0.7785588720989247 0.5316719878848273 0.10458420850888743 0.2457609423234936
18 0.5657439446366782 0.8913043478260869 0.15570934256055363 0.21739130434782608
1 0.6790657439446367 0.8568840579710145 0.16089965397923875 0.286231884057971
7 0.7902190918597627 0.8140908002787293 0.1697729537308651 0.3502329433195315
10 0.9039177219391571 0.7436695285078844 0.16112243469972323 0.349283527028172