10 0.19622093023255813 0.08146067415730338 0.15988372093023256 0.16292134831460675
8 0.3023255813953488 0.08707865168539326 0.11627906976744186 0.17415730337078653
3 0.373546511627907 0.09269662921348315 0.10755813953488372 0.1853932584269663
18 0.4563953488372093 0.09831460674157304 0.13372093023255813 0.19662921348314608
6 0.13953488372093023 0.27247191011235955 0.19767441860465115 0.3539325842696629
4 0.2688953488372093 0.2949438202247191 0.2063953488372093 0.3089887640449438
2 0.39825581395348836 0.30337078651685395 0.19767441860465115 0.29213483146067415
5 0.48546511627906974 0.300561797752809 0.12790697674418605 0.29775280898876405
10 0.6671511627906976 0.08707865168539326 0.2238372093023256 0.17415730337078653
1 0.8008720930232558 0.13202247191011235 0.15988372093023256 0.2640449438202247
6 0.8924418604651163 0.17134831460674158 0.1569767441860465 0.34269662921348315
11 0.9651162790697675 0.24157303370786518 0.06976744186046512 0.39325842696629215
8 0.6090116279069767 0.24157303370786518 0.11918604651162791 0.4157303370786517
2 0.7093023255813954 0.31179775280898875 0.23837209302325582 0.2752808988764045
9 0.8706395348837209 0.37359550561797755 0.23546511627906977 0.15168539325842698
10 0.25290697674418605 0.598314606741573 0.20930232558139536 0.29775280898876405
5 0.39046409336664206 0.6840768717717084 0.14575599615407756 0.2860399058737489
11 0.48255813953488375 0.7640449438202247 0.13372093023255813 0.30337078651685395
3 0.13662790697674418 0.7949438202247191 0.2441860465116279 0.4101123595505618
2 0.31976744186046513 0.8707865168539326 0.22093023255813954 0.25842696629213485
4 0.4636627906976744 0.9438202247191011 0.17151162790697674 0.11235955056179775
10 0.623546511627907 0.5898876404494382 0.09593023255813954 0.2696629213483146
3 0.6947674418604651 0.648876404494382 0.07412790697674419 0.3595505617977528
16 0.7572674418604651 0.7387640449438202 0.10319767441860465 0.449438202247191
3 0.8255813953488372 0.8314606741573034 0.0755813953488372 0.33707865168539325
9 0.875 0.8735955056179775 0.0755813953488372 0.25280898876404495
9 0.9200581395348837 0.9101123595505618 0.07267441860465117 0.17696629213483145
6 0.9636627906976745 0.952247191011236 0.07267441860465117 0.09550561797752809