10 0.05651340996168582 0.388671875 0.11302681992337164 0.30078125
8 0.1318101021018133 0.2737306648562913 0.10818151851600728 0.24111408016686764
9 0.20296623430841054 0.18601153748144206 0.12350718901409158 0.24275182326946276
18 0.2978927203065134 0.111328125 0.15134099616858238 0.22265625
2 0.19444444444444445 0.46484375 0.15900383141762453 0.1484375
3 0.2988505747126437 0.3984375 0.15708812260536398 0.28125
9 0.36398467432950193 0.28125 0.09195402298850575 0.3359375
10 0.49233716475095785 0.375 0.10153256704980843 0.248046875
1 0.553639846743295 0.365234375 0.06800766283524905 0.212890625
2 0.6015325670498084 0.357421875 0.07471264367816093 0.224609375
11 0.6647509578544061 0.33984375 0.09961685823754789 0.248046875
8 0.7423371647509579 0.326171875 0.08237547892720307 0.23046875
9 0.8074712643678161 0.3203125 0.08908045977011494 0.232421875
4 0.8716475095785441 0.3125 0.09003831417624521 0.2421875
3 0.9377394636015326 0.298828125 0.08908045977011494 0.232421875
2 0.08269664902248744 0.815935770010787 0.13877569895951822 0.345542630596409
6 0.17482441602085522 0.7790919465141817 0.14658369794209358 0.35026775214770656
4 0.2619308752501075 0.7611652193541031 0.1407199880481077 0.2951708163720579
4 0.34770114942528735 0.740234375 0.12452107279693486 0.23828125
10 0.5938697318007663 0.740234375 0.17049808429118773 0.18359375
1 0.7059386973180076 0.708984375 0.11015325670498084 0.16015625
14 0.8122605363984674 0.67578125 0.16187739463601533 0.173828125
4 0.5699233716475096 0.912109375 0.1685823754789272 0.17578125
6 0.7059386973180076 0.892578125 0.18295019157088122 0.212890625
0 0.8247126436781609 0.876953125 0.15229885057471265 0.224609375
6 0.9243295019157088 0.849609375 0.15134099616858238 0.24609375