8 0.018 0.25925925925925924 0.036 0.2222222222222222
9 0.059 0.16296296296296298 0.118 0.2222222222222222
18 0.158 0.08703703703703704 0.152 0.17407407407407408
2 0.063 0.42777777777777776 0.126 0.12222222222222222
3 0.155 0.3537037037037037 0.158 0.27037037037037037
9 0.2721662712456446 0.22037037037037038 0.17986369288702236 0.3074074074074074
10 0.51 0.38333333333333336 0.18 0.2111111111111111
1 0.634 0.3611111111111111 0.128 0.25555555555555554
1 0.7218179784796003 0.3314814814814815 0.12563094030346678 0.28888888888888886
11 0.8220964454705779 0.2740740740740741 0.15795679392044462 0.3148148148148148
9 0.9283516372032002 0.21481481481481482 0.13158438978675577 0.2851851851851852
3 0.976 0.16111111111111112 0.048 0.29259259259259257
10 0.072 0.8574074074074074 0.087 0.25555555555555554
1 0.122 0.8166666666666667 0.063 0.22592592592592592
3 0.16 0.7925925925925926 0.064 0.23148148148148148
11 0.204 0.7574074074074074 0.07 0.23148148148148148
6 0.247 0.7222222222222222 0.061 0.22592592592592592
1 0.284 0.6944444444444444 0.057 0.22592592592592592
5 0.32 0.662962962962963 0.061 0.23703703703703705
0 0.359 0.6314814814814815 0.063 0.23703703703703705
8 0.6460540755003115 0.7277777777777777 0.18846884960426677 0.35555555555555557
9 0.788 0.6611111111111111 0.184 0.34444444444444444
2 0.918 0.6222222222222222 0.164 0.26666666666666666