10 0.16828793774319067 0.09532374100719425 0.2237354085603113 0.1906474820143885
1 0.31809338521400776 0.048561151079136694 0.16926070038910507 0.09712230215827339
13 0.4698443579766537 0.039568345323741004 0.20428015564202334 0.07913669064748201
8 0.09824902723735408 0.3057553956834532 0.19649805447470817 0.4028776978417266
6 0.2627477820219598 0.2742547881415353 0.19263791535321204 0.4256024212291943
0 0.43497309630673847 0.20924389707939942 0.18585019011413717 0.3748658661627368
6 0.5875486381322957 0.17266187050359713 0.16342412451361868 0.34532374100719426
10 0.7344357976653697 0.35071942446043164 0.07490272373540856 0.2589928057553957
8 0.7879377431906615 0.2823741007194245 0.05252918287937743 0.22122302158273383
11 0.8278210116731517 0.2356115107913669 0.061284046692607 0.23741007194244604
1 0.8735408560311284 0.18884892086330934 0.05252918287937743 0.2356115107913669
3 0.9095330739299611 0.14028776978417265 0.04961089494163424 0.22482014388489208
3 0.943579766536965 0.10611510791366907 0.05252918287937743 0.210431654676259
10 0.13381505457028964 0.7777320266978425 0.21220433407640812 0.3298618761371412
2 0.29863813229571984 0.6438848920863309 0.1575875486381323 0.2733812949640288
13 0.4357976653696498 0.6025179856115108 0.22568093385214008 0.1906474820143885
7 0.259727626459144 0.8794964028776978 0.2509727626459144 0.24100719424460432
3 0.44455252918287935 0.8075539568345323 0.23929961089494164 0.38489208633093525
3 0.5846303501945526 0.7230215827338129 0.16926070038910507 0.4316546762589928
10 0.7411277715953053 0.6908073270088566 0.10408870250611896 0.16120820148766501
2 0.8104100935137986 0.6234611869649316 0.0647026219877489 0.13351605979761125
11 0.8735408560311284 0.5683453237410072 0.07392996108949416 0.1223021582733813
5 0.7101167315175098 0.8938848920863309 0.08171206225680934 0.1906474820143885
8 0.7853745659499688 0.8172889871966194 0.0951084076897945 0.20014847541766964
0 0.864554362428247 0.7403219700035621 0.10295844809736605 0.204248054834817
5 0.9310203052693815 0.6677685679245206 0.09302700391745312 0.19282861653460578