10 0.1320754716981132 0.1788793103448276 0.25471698113207547 0.3577586206896552
1 0.3089622641509434 0.20474137931034483 0.18867924528301888 0.30603448275862066
13 0.47877358490566035 0.25862068965517243 0.23113207547169812 0.19827586206896552
11 0.7382075471698113 0.1271551724137931 0.1179245283018868 0.2543103448275862
1 0.8243764357517654 0.1580036038899206 0.1175419713438069 0.3140314576788045
1 0.9033018867924528 0.20689655172413793 0.1179245283018868 0.3017241379310345
8 0.9622641509433962 0.22844827586206898 0.07547169811320754 0.25862068965517243
10 0.24056603773584906 0.5560344827586207 0.1650943396226415 0.21767241379310345
5 0.38207547169811323 0.584051724137931 0.12735849056603774 0.1939655172413793
11 0.49410377358490565 0.6185344827586207 0.1474056603773585 0.22844827586206898
2 0.12264150943396226 0.7564655172413793 0.18278301886792453 0.2974137931034483
3 0.2688679245283019 0.7974137931034483 0.1792452830188679 0.29094827586206895
2 0.41745283018867924 0.8211206896551724 0.16863207547169812 0.28663793103448276
2 0.5613207547169812 0.8556034482758621 0.1615566037735849 0.28663793103448276
10 0.7099056603773585 0.47413793103448276 0.05660377358490566 0.23275862068965517
1 0.7488207547169812 0.5237068965517241 0.04245283018867924 0.27801724137931033
1 0.777122641509434 0.5948275862068966 0.04481132075471698 0.28448275862068967
11 0.8136792452830188 0.6724137931034483 0.05778301886792453 0.30603448275862066
3 0.8608490566037735 0.7650862068965517 0.054245283018867926 0.27370689655172414
2 0.8997641509433962 0.853448275862069 0.04834905660377359 0.28663793103448276
4 0.9375 0.8879310344827587 0.05188679245283019 0.22413793103448276
4 0.9716981132075472 0.9310344827586207 0.04245283018867924 0.13793103448275862