2 0.02512562814070352 0.3324468085106383 0.05025125628140704 0.31382978723404253
16 0.13190954773869346 0.34574468085106386 0.16331658291457288 0.3829787234042553
7 0.2613065326633166 0.31648936170212766 0.09547738693467336 0.3351063829787234
10 0.37572196954326764 0.2090869968985678 0.1326453834493318 0.2371991421644857
6 0.507450216313183 0.2681565436027827 0.08880564562719988 0.1776363075422812
3 0.6001313603756501 0.3209475858986422 0.0814727153637044 0.18808892371032773
18 0.6952226881628297 0.3684813731597628 0.09705998769491563 0.21505603179976662
4 0.7966466125298641 0.41882946964254675 0.1042905388690533 0.1992842666955498
7 0.9057788944723618 0.449468085106383 0.09798994974874371 0.17553191489361702
0 0.9849246231155779 0.48404255319148937 0.03015075376884422 0.10638297872340426
18 0.20854271356783918 0.574468085106383 0.09045226130653267 0.07446808510638298
10 0.02763819095477387 0.6648936170212766 0.05527638190954774 0.18085106382978725
4 0.09379876379579531 0.6158199353982169 0.0655783057644198 0.14516436881237835
1 0.14949748743718594 0.5957446808510638 0.06281407035175879 0.11702127659574468
2 0.08166464816800843 0.833502731421892 0.0966504713374843 0.1937794360550859
1 0.19716789086062825 0.7672318616682349 0.11234012275805333 0.22606569308069485
8 0.27261306532663315 0.7047872340425532 0.0728643216080402 0.19680851063829788
0 0.5529322946898438 0.7787348108671527 0.11274963911548465 0.2473422888253757
3 0.6559473700667284 0.781272460825836 0.06972893400821514 0.23033264569253295
18 0.7239401346806645 0.7909223195687365 0.07465168054699806 0.22513728455922538
9 0.8017783923721665 0.7901814560450217 0.08982943652077796 0.23082779690398342