10 0.12028725314183124 0.3728668941979522 0.12836624775583483 0.3506825938566553
2 0.2078096947935368 0.3395904436860068 0.07944344703770198 0.3054607508532423
16 0.29353680430879714 0.32849829351535836 0.12477558348294435 0.3848122866894198
7 0.38240574506283664 0.27047781569965873 0.08662477558348294 0.32081911262798635
6 0.44614003590664275 0.24488054607508533 0.08527827648114901 0.3302047781569966
7 0.5076301615798923 0.20733788395904437 0.08842010771992818 0.3302047781569966
2 0.5695691202872532 0.1962457337883959 0.09021543985637342 0.33532423208191126
4 0.8276481149012568 0.2551194539249147 0.25673249551166966 0.3532423208191126
3 0.9618491921005387 0.1945392491467577 0.0763016157989228 0.34812286689419797
15 0.09964093357271095 0.8515358361774744 0.1440754039497307 0.2960750853242321
1 0.23025134649910234 0.8122866894197952 0.08303411131059246 0.2738907849829352
13 0.3096947935368043 0.7781569965870307 0.11579892280071813 0.28498293515358364
7 0.40709156193895873 0.735494880546075 0.07989228007181329 0.25597269624573377
3 0.466786355475763 0.7312286689419796 0.07809694793536805 0.27047781569965873
2 0.5269299820466786 0.6988054607508533 0.07540394973070018 0.25597269624573377
3 0.5834829443447038 0.6843003412969283 0.07899461400359066 0.24914675767918087
10 0.75 0.764505119453925 0.04533213644524237 0.13225255972696245
18 0.8720825852782765 0.7952218430034129 0.03680430879712747 0.13907849829351535
7 0.8137342908438061 0.7790102389078498 0.031867145421903054 0.11092150170648464
7 0.8411131059245961 0.787542662116041 0.032764811490125674 0.11092150170648464
5 0.9223518850987432 0.810580204778157 0.032764811490125674 0.13225255972696245
4 0.9501795332136446 0.8165529010238908 0.033662477558348294 0.1075085324232082