1 0.034375 0.3674698795180723 0.06875 0.1566265060240964
5 0.08645833333333333 0.39156626506024095 0.13125 0.10843373493975904
9 0.5447916666666667 0.06927710843373494 0.09375 0.13855421686746988
0 0.6250280063677496 0.15584022741673295 0.08244488333131876 0.20986692349879532
18 0.74375 0.32831325301204817 0.10416666666666667 0.23493975903614459
5 0.8270833333333333 0.40963855421686746 0.0875 0.07228915662650602
6 0.021875 0.8373493975903614 0.04375 0.3253012048192771
1 0.059375 0.8795180722891566 0.11875 0.24096385542168675
3 0.134375 0.9156626506024096 0.12708333333333333 0.1686746987951807
9 0.22291666666666668 0.9457831325301205 0.13333333333333333 0.10843373493975904
10 0.5291666666666667 0.5150602409638554 0.17916666666666667 0.13855421686746988
1 0.640625 0.5572289156626506 0.12291666666666666 0.22289156626506024
1 0.7135416666666666 0.5813253012048193 0.11041666666666666 0.2710843373493976
11 0.7979166666666667 0.6385542168674698 0.15 0.3855421686746988
6 0.9017765982784773 0.7463943629891552 0.12092079950583402 0.4107652902176709
9 0.9552083333333333 0.7771084337349398 0.08958333333333333 0.3855421686746988