10 0.09854014598540146 0.20394736842105263 0.09428223844282238 0.31414473684210525
8 0.17153284671532848 0.2845394736842105 0.07481751824817519 0.2845394736842105
11 0.23236009732360097 0.3569078947368421 0.07907542579075426 0.29769736842105265
1 0.2956204379562044 0.4342105263157895 0.07603406326034064 0.29276315789473684
5 0.35097323600973235 0.48355263157894735 0.08394160583941605 0.3371710526315789
7 0.4081508515815085 0.5493421052631579 0.07907542579075426 0.30756578947368424
7 0.4677615571776156 0.5805921052631579 0.08941605839416059 0.24013157894736842
0 0.6922141119221411 0.17269736842105263 0.09975669099756691 0.2582236842105263
5 0.7645985401459854 0.21875 0.0681265206812652 0.22861842105263158
4 0.8205596107055961 0.25 0.0705596107055961 0.22861842105263158
8 0.8826034063260341 0.2878289473684211 0.0827250608272506 0.25
5 0.6234793187347932 0.42105263157894735 0.10279805352798053 0.3371710526315789
10 0.7037712895377128 0.47368421052631576 0.09914841849148419 0.32894736842105265
4 0.7901459854014599 0.5263157894736842 0.1070559610705596 0.3338815789473684
17 0.8777372262773723 0.5592105263157895 0.10948905109489052 0.29769736842105265
2 0.04440389294403893 0.8585526315789473 0.08880778588807786 0.28289473684210525
4 0.11192214111922141 0.8733552631578947 0.13381995133819952 0.2532894736842105
11 0.22019464720194648 0.9194078947368421 0.1386861313868613 0.1611842105263158
11 0.32116788321167883 0.9555921052631579 0.1411192214111922 0.08881578947368421
10 0.628345498783455 0.787828947368421 0.10036496350364964 0.14144736842105263
2 0.6964720194647201 0.8108552631578947 0.06326034063260341 0.14967105263157895
13 0.7548661800486618 0.84375 0.09610705596107055 0.17434210526315788
4 0.818734793187348 0.8799342105263158 0.06508515815085159 0.14967105263157895
4 0.8667883211678832 0.9046052631578947 0.06326034063260341 0.14638157894736842
7 0.9118004866180048 0.9243421052631579 0.06143552311435523 0.13651315789473684
5 0.9555961070559611 0.9342105263157895 0.06630170316301703 0.11513157894736842