10 0.052083333333333336 0.29605263157894735 0.10069444444444445 0.3333333333333333
9 0.13194444444444445 0.3442982456140351 0.08101851851851852 0.3092105263157895
11 0.2048611111111111 0.3574561403508772 0.10069444444444445 0.34649122807017546
1 0.27199074074074076 0.3815789473684211 0.07523148148148148 0.32456140350877194
2 0.3298611111111111 0.39035087719298245 0.0775462962962963 0.3092105263157895
2 0.38425925925925924 0.4166666666666667 0.07523148148148148 0.31798245614035087
3 0.4386574074074074 0.41885964912280704 0.08101851851851852 0.3026315789473684
10 0.6342592592592593 0.13596491228070176 0.15046296296296297 0.26973684210526316
4 0.7511574074074074 0.18421052631578946 0.1111111111111111 0.25219298245614036
11 0.8449074074074074 0.23464912280701755 0.13194444444444445 0.2675438596491228
2 0.5520833333333334 0.34649122807017546 0.11805555555555555 0.33114035087719296
4 0.6597222222222222 0.40789473684210525 0.1423611111111111 0.32456140350877194
2 0.7766203703703703 0.44298245614035087 0.1412037037037037 0.2894736842105263
2 0.8877314814814815 0.46710526315789475 0.13773148148148148 0.2324561403508772
10 0.06712962962962964 0.7017543859649122 0.13425925925925927 0.21052631578947367
1 0.15475977771047625 0.7338291911617596 0.0943926210694472 0.23536531783891346
2 0.21463675561552553 0.7625787343386475 0.08732686232110681 0.23074968101968246
11 0.28042208486150777 0.7955228491720244 0.11376033971523719 0.2666795306434123
7 0.3807427433534723 0.862444602420054 0.09670743588426207 0.2354418751412302
2 0.4398148148148148 0.8793859649122807 0.09259259259259259 0.2412280701754386
8 0.4699074074074074 0.8925438596491229 0.037037037037037035 0.2149122807017544
0 0.6759259259259259 0.7039473684210527 0.2175925925925926 0.2149122807017544
4 0.8715277777777778 0.6885964912280702 0.15046296296296297 0.18421052631578946
7 0.9479166666666666 0.6995614035087719 0.10416666666666667 0.20614035087719298
10 0.5983796296296297 0.8859649122807017 0.2199074074074074 0.22807017543859648
5 0.8009259259259259 0.8837719298245614 0.2824074074074074 0.2324561403508772