10 0.127831715210356 0.6436781609195402 0.1423948220064725 0.13218390804597702
9 0.2168284789644013 0.5962643678160919 0.09789644012944984 0.22701149425287356
11 0.2872168284789644 0.514367816091954 0.12216828478964402 0.39080459770114945
1 0.35032362459546923 0.4166666666666667 0.09385113268608414 0.3850574712643678
2 0.40372168284789645 0.3103448275862069 0.09304207119741101 0.3620689655172414
2 0.4571197411003236 0.23850574712643677 0.09304207119741101 0.3390804597701149
3 0.5121359223300971 0.20545977011494254 0.10032362459546926 0.2557471264367816
10 0.6601941747572816 0.6063218390804598 0.07605177993527508 0.20689655172413793
2 0.7192556634304207 0.5689655172413793 0.050970873786407765 0.28160919540229884
1 0.7524271844660194 0.5272988505747126 0.052588996763754045 0.33764367816091956
11 0.8001618122977346 0.4267241379310345 0.07119741100323625 0.3879310344827586
4 0.8454692556634305 0.33764367816091956 0.05663430420711974 0.35488505747126436
2 0.8802588996763754 0.27155172413793105 0.05825242718446602 0.3620689655172414
5 0.912621359223301 0.22844827586206898 0.05744336569579288 0.3017241379310345
3 0.9498381877022654 0.1968390804597701 0.05663430420711974 0.21839080459770116
10 0.09061488673139159 0.9568965517241379 0.11326860841423948 0.08620689655172414
2 0.18042071197411003 0.9425287356321839 0.07605177993527508 0.11494252873563218
1 0.22896440129449838 0.9252873563218391 0.0784789644012945 0.13793103448275862
11 0.30016181229773464 0.8850574712643678 0.10679611650485436 0.15948275862068967
4 0.3673139158576052 0.8477011494252874 0.08495145631067962 0.14511494252873564
2 0.4199029126213592 0.8204022988505747 0.08656957928802589 0.14798850574712644
5 0.4684466019417476 0.8031609195402298 0.08576051779935275 0.1235632183908046
3 0.5242718446601942 0.7902298850574713 0.08495145631067962 0.08908045977011494
2 0.8802588996763754 0.9482758620689655 0.1650485436893204 0.10344827586206896
11 0.9490291262135923 0.9080459770114943 0.10194174757281553 0.1839080459770115