10 0.055825242718446605 0.04220779220779221 0.10194174757281553 0.08441558441558442
1 0.10194174757281553 0.06818181818181818 0.14563106796116504 0.13636363636363635
2 0.16990291262135923 0.1038961038961039 0.14563106796116504 0.2077922077922078
11 0.2524271844660194 0.1525974025974026 0.18446601941747573 0.3051948051948052
8 0.3697262590255741 0.23483377126041435 0.17605197298580197 0.2913232971366199
9 0.4199029126213592 0.2987012987012987 0.11165048543689321 0.2597402597402597
11 0.5558252427184466 0.2727272727272727 0.16019417475728157 0.2597402597402597
6 0.7063106796116505 0.30844155844155846 0.1796116504854369 0.24025974025974026
8 0.8203883495145631 0.3246753246753247 0.1650485436893204 0.2077922077922078
9 0.9247572815533981 0.3344155844155844 0.15048543689320387 0.18831168831168832
1 0.9805825242718447 0.35714285714285715 0.038834951456310676 0.14285714285714285
1 0.0970873786407767 0.4935064935064935 0.1941747572815534 0.12987012987012986
18 0.22815533980582525 0.4772727272727273 0.23300970873786409 0.09740259740259741
7 0.08495145631067962 0.7402597402597403 0.16990291262135923 0.4155844155844156
3 0.1923538636489384 0.6963119501252482 0.3187177993677227 0.3928220912220714
1 0.3592233009708738 0.6590909090909091 0.23300970873786409 0.3961038961038961
1 0.5266990291262136 0.5487012987012987 0.09223300970873786 0.24025974025974026
1 0.5800970873786407 0.6136363636363636 0.09951456310679611 0.3051948051948052
11 0.6456310679611651 0.7142857142857143 0.12378640776699029 0.3344155844155844
3 0.7305825242718447 0.8376623376623377 0.11407766990291263 0.29545454545454547
2 0.8033980582524272 0.8993506493506493 0.10436893203883495 0.2012987012987013
4 0.8689320388349514 0.9448051948051948 0.10436893203883495 0.10714285714285714