10 0.08549222797927461 0.19155844155844157 0.06735751295336788 0.19480519480519481
1 0.13730569948186527 0.21428571428571427 0.050518134715025906 0.17857142857142858
2 0.18393782383419688 0.23376623376623376 0.04533678756476684 0.19480519480519481
11 0.23704663212435234 0.262987012987013 0.06865284974093264 0.21428571428571427
8 0.30958549222797926 0.2824675324675325 0.06217616580310881 0.19805194805194806
9 0.36917098445595853 0.3116883116883117 0.07124352331606218 0.18831168831168832
4 0.42875647668393785 0.32792207792207795 0.06865284974093264 0.21103896103896103
3 0.4948186528497409 0.3474025974025974 0.07383419689119171 0.19480519480519481
10 0.6178756476683938 0.38636363636363635 0.11139896373056994 0.2792207792207792
1 0.7098445595854922 0.38636363636363635 0.06735751295336788 0.2792207792207792
7 0.7694300518134715 0.38636363636363635 0.06735751295336788 0.2792207792207792
11 0.8406735751295337 0.39285714285714285 0.09067357512953368 0.2662337662337662
7 0.9300518134715026 0.38961038961038963 0.06735751295336788 0.2727272727272727
4 0.9792746113989638 0.39285714285714285 0.04145077720207254 0.2662337662337662
2 0.06039698458967946 0.7571844862414147 0.08485004076494729 0.2839060585001445
13 0.16418227038332356 0.7729702676324682 0.13698019784446344 0.3064093388060609
4 0.2771404755488961 0.7957785386614729 0.08744071434007675 0.2840571965414143
4 0.36139014767009353 0.8039372782494961 0.08474447890597209 0.27741255200663806
7 0.4405112535705195 0.8150404950017328 0.08215380533084254 0.27726141396536813
5 0.5168393782383419 0.8246753246753247 0.08549222797927461 0.2857142857142857
11 0.5790155440414507 0.6525974025974026 0.038860103626943004 0.2532467532467532
1 0.6619170984455959 0.6753246753246753 0.10103626943005181 0.2987012987012987
5 0.7616580310880829 0.6948051948051948 0.10880829015544041 0.33766233766233766
7 0.866580310880829 0.7077922077922078 0.10621761658031088 0.36363636363636365
7 0.9572538860103627 0.7532467532467533 0.08549222797927461 0.4025974025974026