10 0.05748663101604278 0.22474747474747475 0.10561497326203209 0.10353535353535354
1 0.15508021390374332 0.1893939393939394 0.06149732620320856 0.08080808080808081
1 0.21122994652406418 0.16161616161616163 0.053475935828877004 0.07575757575757576
11 0.2713903743315508 0.13131313131313133 0.0748663101604278 0.09090909090909091
9 0.3502673796791444 0.09848484848484848 0.05748663101604278 0.07575757575757576
9 0.40106951871657753 0.07828282828282829 0.04411764705882353 0.07828282828282829
1 0.44385026737967914 0.05555555555555555 0.040106951871657755 0.07323232323232323
7 0.4879679144385027 0.03787878787878788 0.0481283422459893 0.0707070707070707
2 0.56951871657754 0.12626262626262627 0.08021390374331551 0.20202020202020202
5 0.6564171122994652 0.12116568123660278 0.09893048128342247 0.20171256481551775
11 0.8315508021390374 0.10101010101010101 0.13903743315508021 0.20202020202020202
1 0.9719251336898396 0.08838383838383838 0.05614973262032086 0.17676767676767677
10 0.22459893048128343 0.430215840906982 0.1711229946524064 0.198758070071286
8 0.3622994652406417 0.39638250437629197 0.09893048128342247 0.1714095345124875
11 0.4692513368983957 0.3838383838383838 0.12032085561497326 0.15151515151515152
8 0.08823529411764706 0.7272727272727273 0.17647058823529413 0.3838383838383838
9 0.2660427807486631 0.6912647268721984 0.18983957219251338 0.367277537015636
2 0.4411764705882353 0.6464646464646465 0.17647058823529413 0.37373737373737376
10 0.5962566844919787 0.3712121212121212 0.13368983957219252 0.12626262626262627
1 0.733957219251337 0.35858585858585856 0.09358288770053476 0.10101010101010101
6 0.8221925133689839 0.351010101010101 0.08823529411764706 0.08585858585858586
11 0.93048128342246 0.34595959595959597 0.12834224598930483 0.07575757575757576
8 0.553475935828877 0.6540404040404041 0.0481283422459893 0.41919191919191917
2 0.6711229946524064 0.633867108901642 0.18716577540106952 0.4124673967162268
7 0.8596256684491979 0.6101562581973268 0.19518716577540107 0.42336246407910094
3 0.9786096256684492 0.5858585858585859 0.0427807486631016 0.41414141414141414