10 0.10735294117647058 0.45601851851851855 0.14558823529411766 0.20601851851851852
1 0.19411764705882353 0.3773148148148148 0.09117647058823529 0.16203703703703703
1 0.24411764705882352 0.3194444444444444 0.08088235294117647 0.15046296296296297
11 0.29705882352941176 0.25925925925925924 0.10735294117647058 0.18518518518518517
9 0.36617647058823527 0.18981481481481483 0.08529411764705883 0.15046296296296297
9 0.4117647058823529 0.14583333333333334 0.07205882352941176 0.1550925925925926
1 0.4470588235294118 0.09722222222222222 0.06764705882352941 0.14583333333333334
7 0.4852941176470588 0.0625 0.07058823529411765 0.125
10 0.5794117647058824 0.37037037037037035 0.07647058823529412 0.4351851851851852
3 0.6514705882352941 0.33564814814814814 0.06911764705882353 0.4074074074074074
16 0.7205882352941176 0.2986111111111111 0.10147058823529412 0.42824074074074076
3 0.8014705882352942 0.25 0.07058823529411765 0.4074074074074074
9 0.8544117647058823 0.2152777777777778 0.07058823529411765 0.41435185185185186
9 0.9058823529411765 0.19675925925925927 0.06911764705882353 0.3912037037037037
6 0.9588235294117647 0.17824074074074073 0.07058823529411765 0.3541666666666667
10 0.11764705882352941 0.6921296296296297 0.12794117647058822 0.11805555555555555
1 0.2235294117647059 0.6782407407407407 0.07352941176470588 0.09953703703703703
0 0.27941176470588236 0.6666666666666666 0.07794117647058824 0.09953703703703703
11 0.34852941176470587 0.6527777777777778 0.09852941176470588 0.11342592592592593
3 0.08529411764705883 0.875 0.13088235294117648 0.1574074074074074
8 0.2088235294117647 0.8564814814814815 0.14705882352941177 0.1574074074074074
7 0.3397058823529412 0.8379629629629629 0.16029411764705884 0.16203703703703703
1 0.4661764705882353 0.8194444444444444 0.14411764705882352 0.16203703703703703
2 0.5897058823529412 0.7013888888888888 0.10294117647058823 0.22685185185185186
3 0.6941176470588235 0.6597222222222222 0.22941176470588234 0.14351851851851852