10 0.05954724409448819 0.336283185840708 0.10236220472440945 0.31268436578171094
1 0.12253937007874016 0.3355457227138643 0.08267716535433071 0.28392330383480824
3 0.17716535433070865 0.32374631268436577 0.0984251968503937 0.28466076696165193
11 0.24901574803149606 0.30383480825958703 0.11122047244094488 0.29056047197640117
6 0.3159448818897638 0.28466076696165193 0.09251968503937008 0.2728613569321534
1 0.37303149606299213 0.2750737463126844 0.08464566929133858 0.2728613569321534
5 0.43061023622047245 0.2662241887905605 0.09793307086614174 0.27876106194690264
0 0.4881889763779528 0.24336283185840707 0.09498031496062992 0.2728613569321534
10 0.6845472440944882 0.2028023598820059 0.08316929133858268 0.19985250737463126
1 0.7445866141732284 0.17699115044247787 0.0610236220472441 0.1851032448377581
6 0.781988188976378 0.15781710914454278 0.05905511811023622 0.1902654867256637
11 0.828248031496063 0.13864306784660768 0.07726377952755906 0.19690265486725664
8 0.6609251968503937 0.41814159292035397 0.11122047244094488 0.24336283185840707
2 0.7421259842519685 0.39306784660766964 0.1077755905511811 0.25442477876106195
7 0.8223425196850394 0.3584070796460177 0.11269685039370078 0.2603244837758112
3 0.9045275590551181 0.3252212389380531 0.11023622047244094 0.25737463126843657
10 0.05265748031496063 0.8805309734513275 0.09005905511811024 0.23820058997050148
8 0.1264763779527559 0.8539823008849557 0.08267716535433071 0.23377581120943952
11 0.20275590551181102 0.8252212389380531 0.0984251968503937 0.24262536873156343
2 0.2800196850393701 0.7920353982300885 0.07874015748031496 0.23377581120943952
9 0.35236220472440943 0.7691740412979351 0.08710629921259842 0.2345132743362832
1 0.4251968503937008 0.7404129793510325 0.07578740157480315 0.22935103244837757
4 0.4896653543307087 0.7050147492625368 0.0812007874015748 0.22566371681415928
10 0.609251968503937 0.7197640117994101 0.07874015748031496 0.26253687315634217
1 0.7007874015748031 0.644542772861357 0.13385826771653545 0.20943952802359883
5 0.7731299212598425 0.6209439528023599 0.125 0.16224188790560473
11 0.8686023622047244 0.5789085545722714 0.1486220472440945 0.07817109144542773
7 0.7121062992125984 0.883480825958702 0.22539370078740156 0.23303834808259588
0 0.8565264869049231 0.8052570964962632 0.20142861463063907 0.3085461310941943
6 0.9458661417322834 0.7116519174041298 0.10826771653543307 0.33775811209439527