10 0.039544235924932974 0.2988636363636364 0.07171581769436998 0.2375
1 0.07908847184986595 0.2875 0.06769436997319035 0.22840909090909092
3 0.11863270777479892 0.2590909090909091 0.07908847184986595 0.23295454545454544
11 0.17024128686327078 0.22045454545454546 0.08646112600536193 0.2375
6 0.21849865951742628 0.18295454545454545 0.07506702412868632 0.22386363636363638
1 0.26005361930294907 0.15795454545454546 0.07104557640750671 0.21931818181818183
5 0.30093833780160856 0.1318181818181818 0.07908847184986595 0.22840909090909092
0 0.34115281501340483 0.10227272727272728 0.07640750670241286 0.20454545454545456
10 0.5274798927613941 0.21477272727272728 0.21045576407506703 0.25113636363636366
4 0.688337801608579 0.11931818181818182 0.14142091152815014 0.20681818181818182
16 0.8257372654155496 0.08522727272727272 0.23190348525469168 0.17045454545454544
8 0.556970509383378 0.3409090909090909 0.21045576407506703 0.15454545454545454
1 0.7164879356568364 0.3034090909090909 0.19638069705093833 0.2215909090909091
4 0.868632707774799 0.2159090909090909 0.21045576407506703 0.24659090909090908
10 0.07037533512064344 0.5988636363636364 0.14075067024128687 0.3613636363636364
1 0.1675603217158177 0.5147727272727273 0.16890080428954424 0.19318181818181818
9 0.2727882037533512 0.4818181818181818 0.1970509383378016 0.12727272727272726
4 0.0690348525469169 0.8795454545454545 0.1380697050938338 0.2409090909090909
2 0.20576407506702413 0.8022727272727272 0.31501340482573725 0.39545454545454545
3 0.3418230563002681 0.7204545454545455 0.1554959785522788 0.5409090909090909
10 0.4544235924932976 0.7613636363636364 0.058981233243967826 0.26590909090909093
1 0.48726541554959785 0.7636363636363637 0.10053619302949061 0.2534090909090909
2 0.5449061662198391 0.75 0.09718498659517426 0.26590909090909093
11 0.6092493297587132 0.740909090909091 0.12667560321715818 0.31363636363636366
8 0.6963806970509383 0.7068181818181818 0.11863270777479892 0.2863636363636364
9 0.7694369973190348 0.6920454545454545 0.1260053619302949 0.2806818181818182
4 0.8384718498659517 0.6670454545454545 0.12667560321715818 0.3068181818181818
3 0.9182305630026809 0.6352272727272728 0.12935656836461126 0.29318181818181815