10 0.050711743772241996 0.23684210526315788 0.07473309608540925 0.3131578947368421
1 0.10142348754448399 0.26842105263157895 0.051601423487544484 0.2868421052631579
3 0.13790035587188612 0.3 0.05249110320284697 0.29210526315789476
11 0.1797153024911032 0.3236842105263158 0.059608540925266906 0.29473684210526313
6 0.22241992882562278 0.3526315789473684 0.0498220640569395 0.2868421052631579
1 0.2571174377224199 0.3763157894736842 0.046263345195729534 0.29210526315789476
5 0.29359430604982206 0.3973684210526316 0.0498220640569395 0.3
0 0.33274021352313166 0.41842105263157897 0.051601423487544484 0.3
10 0.5516014234875445 0.11315789473684211 0.15569395017793594 0.17894736842105263
18 0.8896797153024911 0.28157894736842104 0.12277580071174377 0.18157894736842106
7 0.6868327402135231 0.1763157894736842 0.09608540925266904 0.15263157894736842
7 0.7811387900355872 0.2236842105263158 0.09786476868327403 0.15
5 0.5774021352313167 0.3605263157894737 0.17170818505338079 0.2736842105263158
4 0.7784697508896797 0.4421052631578947 0.16725978647686832 0.23684210526315788
2 0.07562277580071175 0.9026315789473685 0.12633451957295375 0.19473684210526315
1 0.15569395017793594 0.9131578947368421 0.14056939501779359 0.1736842105263158
6 0.24377224199288255 0.9184210526315789 0.13523131672597866 0.1631578947368421
6 0.31316725978647686 0.9236842105263158 0.09252669039145907 0.15263157894736842
10 0.41370106761565834 0.7947368421052632 0.10854092526690391 0.4105263157894737
1 0.5177935943060499 0.8157894736842105 0.11387900355871886 0.3684210526315789
9 0.6023131672597865 0.8368421052631579 0.12633451957295375 0.3263157894736842
11 0.7304270462633452 0.8526315789473684 0.15480427046263345 0.29473684210526313
4 0.858540925266904 0.8921052631578947 0.11921708185053381 0.21578947368421053
2 0.9368327402135231 0.9131578947368421 0.10854092526690391 0.1736842105263158