10 0.0778688524590164 0.3880208333333333 0.11065573770491803 0.3072916666666667
1 0.14344262295081966 0.3359375 0.08060109289617487 0.2682291666666667
3 0.1912568306010929 0.3020833333333333 0.08196721311475409 0.2760416666666667
11 0.2459016393442623 0.2552083333333333 0.08879781420765027 0.2760416666666667
6 0.3005464480874317 0.2109375 0.0778688524590164 0.2682291666666667
1 0.34562841530054644 0.171875 0.07377049180327869 0.2682291666666667
5 0.39207650273224043 0.13541666666666666 0.0778688524590164 0.2708333333333333
0 0.4412568306010929 0.11458333333333333 0.08060109289617487 0.22916666666666666
0 0.5300546448087432 0.2838541666666667 0.04371584699453552 0.2760416666666667
18 0.6344972288903163 0.3079417456293838 0.14672511862232082 0.3129067226863798
1 0.9317387838945108 0.3082469036787549 0.10421443834206663 0.24722337287666032
1 0.9863387978142076 0.3046875 0.0273224043715847 0.234375
3 0.040983606557377046 0.7708333333333334 0.08196721311475409 0.40625
2 0.1133879781420765 0.7317708333333334 0.17759562841530055 0.328125
2 0.22814207650273224 0.6875 0.16666666666666666 0.23958333333333334
6 0.3551912568306011 0.6484375 0.18032786885245902 0.16145833333333334
0 0.6466051932918326 0.8125840727512651 0.18198973201823473 0.30524895918813694
1 0.7896174863387978 0.7005208333333334 0.12568306010928962 0.265625
7 0.8879781420765027 0.6640625 0.15846994535519127 0.19270833333333334
5 0.8128415300546448 0.9036458333333334 0.1994535519125683 0.19270833333333334
6 0.9289617486338798 0.8411458333333334 0.14207650273224043 0.3177083333333333