10 0.06990521327014218 0.105 0.12085308056872038 0.21
1 0.16824644549763032 0.1425 0.08412322274881516 0.285
7 0.23222748815165878 0.185 0.08530805687203792 0.335
11 0.3033175355450237 0.26 0.10781990521327015 0.3575
4 0.37796208530805686 0.3425 0.08530805687203792 0.335
4 0.4372037914691943 0.3975 0.08767772511848342 0.3175
9 0.49881516587677727 0.475 0.08293838862559241 0.3
8 0.5580568720379147 0.505 0.08767772511848342 0.25
3 0.7061611374407583 0.2075 0.0947867298578199 0.365
10 0.7858504978271992 0.1929293460216779 0.17166214855160594 0.34883989764479795
1 0.9158767772511849 0.1825 0.16824644549763032 0.365
10 0.10545023696682465 0.7875 0.17298578199052134 0.23
5 0.20616113744075829 0.8175 0.11729857819905214 0.1975
11 0.28554502369668244 0.8375 0.14336492890995262 0.2025
1 0.38388625592417064 0.8625 0.11137440758293839 0.1875
4 0.4466824644549763 0.88 0.11137440758293839 0.19
8 0.5106635071090048 0.895 0.10900473933649289 0.1875
1 0.5722748815165877 0.905 0.11255924170616113 0.1725
17 0.7748815165876777 0.74 0.13744075829383887 0.18
5 0.8637440758293838 0.74 0.08293838862559241 0.18
6 0.9327981194059458 0.7674947455124405 0.09889611469026398 0.20221085015912607
18 0.9751184834123223 0.7875 0.04976303317535545 0.215
9 0.7203791469194313 0.8775 0.12322274881516587 0.245
2 0.8139810426540285 0.9 0.14928909952606634 0.2
4 0.919431279620853 0.915 0.16113744075829384 0.17