4 0.019230769230769232 0.18010752688172044 0.038461538461538464 0.3172043010752688
4 0.06794871794871794 0.1424731182795699 0.1358974358974359 0.2849462365591398
9 0.17051282051282052 0.12096774193548387 0.13076923076923078 0.24193548387096775
8 0.2358974358974359 0.11021505376344086 0.06666666666666667 0.22043010752688172
10 0.5 0.18010752688172044 0.1564102564102564 0.19086021505376344
1 0.5961538461538461 0.14516129032258066 0.11025641025641025 0.1639784946236559
0 0.658974358974359 0.11827956989247312 0.1 0.16129032258064516
11 0.7269230769230769 0.09408602150537634 0.1294871794871795 0.1693548387096774
4 0.4807692307692308 0.3844086021505376 0.22692307692307692 0.22580645161290322
5 0.658974358974359 0.31989247311827956 0.2282051282051282 0.23387096774193547
9 0.841025641025641 0.24731182795698925 0.22692307692307692 0.22580645161290322
2 0.04230769230769231 0.7849462365591398 0.08461538461538462 0.26881720430107525
13 0.1299166171898127 0.747238884730675 0.16527542360937006 0.30862400955000113
4 0.22564102564102564 0.7043010752688172 0.08717948717948718 0.26881720430107525
0 0.41410256410256413 0.6370967741935484 0.18205128205128204 0.15591397849462366
5 0.4551282051282051 0.8387096774193549 0.18717948717948718 0.3225806451612903
3 0.5756410256410256 0.7365591397849462 0.19230769230769232 0.3548387096774194
10 0.6846153846153846 0.6612903225806451 0.1794871794871795 0.20430107526881722