10 0.08986928104575163 0.11633663366336634 0.1437908496732026 0.2301980198019802
2 0.19362745098039216 0.13366336633663367 0.0915032679738562 0.25742574257425743
13 0.2818627450980392 0.17326732673267325 0.1380718954248366 0.297029702970297
4 0.37745098039215685 0.2202970297029703 0.09395424836601307 0.25742574257425743
4 0.4493464052287582 0.2524752475247525 0.0915032679738562 0.2524752475247525
7 0.5171568627450981 0.28217821782178215 0.08905228758169935 0.24752475247524752
5 0.5841503267973857 0.30198019801980197 0.09640522875816994 0.2376237623762376
10 0.7598039215686274 0.11138613861386139 0.0661764705882353 0.12376237623762376
18 0.8946078431372549 0.12623762376237624 0.056372549019607844 0.1188118811881188
6 0.8202614379084967 0.12128712871287128 0.04656862745098039 0.12623762376237624
5 0.8562091503267973 0.12623762376237624 0.04493464052287582 0.12623762376237624
8 0.7173202614379085 0.26485148514851486 0.0857843137254902 0.19306930693069307
1 0.7810457516339869 0.27722772277227725 0.08251633986928104 0.2079207920792079
9 0.8472222222222222 0.29207920792079206 0.08741830065359477 0.2079207920792079
1 0.9150326797385621 0.30445544554455445 0.09068627450980392 0.20544554455445543
10 0.21323529411764705 0.6113861386138614 0.14705882352941177 0.1608910891089109
3 0.36519607843137253 0.6212871287128713 0.16094771241830066 0.18316831683168316
11 0.48856209150326796 0.6039603960396039 0.16666666666666666 0.1608910891089109
8 0.08823529411764706 0.8044554455445545 0.15441176470588236 0.19306930693069307
0 0.20833333333333334 0.7970297029702971 0.13398692810457516 0.16584158415841585
0 0.33169934640522875 0.7722772277227723 0.14705882352941177 0.16584158415841585
1 0.48366013071895425 0.7772277227722773 0.16666666666666666 0.1782178217821782
3 0.704248366013072 0.6336633663366337 0.1111111111111111 0.31683168316831684
3 0.7973856209150327 0.6757425742574258 0.13398692810457516 0.400990099009901
8 0.905052834893609 0.721218221110389 0.13379950314836628 0.41943594001891016