10 0.05485232067510549 0.1298449612403101 0.10970464135021098 0.21705426356589147
2 0.1550632911392405 0.14922480620155038 0.0770042194092827 0.19767441860465115
13 0.2489451476793249 0.16279069767441862 0.12658227848101267 0.21705426356589147
4 0.35337552742616035 0.18023255813953487 0.07911392405063292 0.19767441860465115
4 0.43037974683544306 0.187984496124031 0.0770042194092827 0.1937984496124031
7 0.5031645569620253 0.19767441860465115 0.07489451476793249 0.1937984496124031
5 0.5759493670886076 0.20930232558139536 0.08122362869198312 0.19767441860465115
4 0.66620096166862 0.16666666666666666 0.057354790198207904 0.12403100775193798
18 0.7296087029833965 0.20348837209302326 0.05959950776766047 0.16666666666666666
6 0.8015350432301798 0.2655038759689923 0.053184476525726596 0.13953488372093023
8 0.8638756583217264 0.29844961240310075 0.05103795017671214 0.12790697674418605
2 0.9124472573839663 0.32170542635658916 0.052742616033755275 0.13178294573643412
7 0.9683544303797469 0.3333333333333333 0.06329113924050633 0.10852713178294573
10 0.0379746835443038 0.6007751937984496 0.0759493670886076 0.2655038759689923
1 0.10443037974683544 0.6298449612403101 0.05379746835443038 0.24612403100775193
2 0.16033755274261605 0.6511627906976745 0.06223628691983123 0.25387596899224807
11 0.23734177215189872 0.6705426356589147 0.08649789029535865 0.2655038759689923
8 0.3322784810126582 0.7034883720930233 0.07067510548523206 0.25387596899224807
9 0.40822784810126583 0.7364341085271318 0.07805907172995781 0.25387596899224807
4 0.4831223628691983 0.7713178294573644 0.0759493670886076 0.2655038759689923
3 0.5632911392405063 0.7965116279069767 0.07805907172995781 0.25387596899224807
10 0.6888185654008439 0.4496124031007752 0.12025316455696203 0.12403100775193798
2 0.8417721518987342 0.43410852713178294 0.13924050632911392 0.09302325581395349
7 0.7422676341305318 0.6996124031007752 0.21860061172987608 0.4108527131782946
3 0.9251054852320675 0.687984496124031 0.14978902953586498 0.43023255813953487