10 0.1170076726342711 0.125 0.13618925831202047 0.2329059829059829
2 0.23209718670076726 0.1623931623931624 0.08312020460358056 0.21047008547008547
13 0.3280051150895141 0.1858974358974359 0.12915601023017903 0.2329059829059829
4 0.43350383631713557 0.20833333333333334 0.08759590792838874 0.21153846153846154
4 0.5089514066496164 0.23504273504273504 0.08567774936061381 0.21047008547008547
7 0.5850383631713555 0.25 0.08759590792838874 0.21153846153846154
10 0.7583120204603581 0.09615384615384616 0.100383631713555 0.1452991452991453
2 0.8548593350383632 0.09508547008547008 0.08056265984654731 0.14636752136752137
16 0.9443734015345269 0.08974358974358974 0.09718670076726342 0.1346153846153846
5 0.7333759590792839 0.25213675213675213 0.0959079283887468 0.16452991452991453
7 0.8209718670076727 0.25747863247863245 0.09271099744245524 0.16773504273504272
4 0.9047314578005116 0.24786324786324787 0.08695652173913043 0.15705128205128205
1 0.969309462915601 0.24572649572649571 0.061381074168797956 0.16025641025641027
10 0.09654731457800511 0.4700854700854701 0.19309462915601022 0.14102564102564102
6 0.2755754475703325 0.46474358974358976 0.13427109974424553 0.13034188034188035
7 0.3804347826086957 0.45726495726495725 0.13171355498721227 0.11538461538461539
18 0.5421994884910486 0.44017094017094016 0.16112531969309463 0.0811965811965812
3 0.0741687979539642 0.7329059829059829 0.1483375959079284 0.3888888888888889
4 0.24288956679652945 0.7166553103621026 0.23420738362943386 0.3937028722360365
9 0.4532916736356392 0.6968331624948542 0.2405640370460086 0.39200144998779307
5 0.5805626598465473 0.6645299145299145 0.09718670076726342 0.4230769230769231
10 0.7583120204603581 0.5395299145299145 0.10677749360613811 0.1997863247863248
1 0.84846547314578 0.561965811965812 0.06585677749360613 0.1955128205128205
14 0.9335038363171355 0.5747863247863247 0.10485933503836317 0.19444444444444445
4 0.7033248081841432 0.780982905982906 0.09782608695652174 0.2767094017094017
6 0.8069053708439897 0.8066239316239316 0.11572890025575447 0.29273504273504275
0 0.899616368286445 0.8226495726495726 0.08823529411764706 0.28525641025641024
6 0.9686700767263428 0.8482905982905983 0.06265984654731457 0.30235042735042733