10 0.06188466947960619 0.291005291005291 0.07735583684950774 0.29365079365079366
2 0.12728551336146274 0.3055555555555556 0.047116736990154715 0.26587301587301587
13 0.18143459915611815 0.30952380952380953 0.07348804500703235 0.2923280423280423
4 0.24085794655414908 0.3055555555555556 0.04992967651195499 0.26587301587301587
4 0.28375527426160335 0.3187830687830688 0.04852320675105485 0.26587301587301587
7 0.32665260196905765 0.31613756613756616 0.04992967651195499 0.26587301587301587
5 0.36849507735583686 0.3148148148148148 0.04606188466947961 0.2830687830687831
10 0.4623769338959212 0.33201058201058203 0.09950773558368495 0.22883597883597884
2 0.540084388185654 0.33201058201058203 0.06118143459915612 0.21825396825396826
0 0.5935302390998594 0.328042328042328 0.05872011251758087 0.20634920634920634
11 0.6582278481012658 0.3373015873015873 0.08614627285513361 0.23015873015873015
2 0.7535161744022504 0.3373015873015873 0.07278481012658228 0.2328042328042328
3 0.8164556962025317 0.33994708994708994 0.07032348804500703 0.2328042328042328
3 0.8850210970464135 0.3439153439153439 0.07805907172995781 0.23015873015873015
8 0.9560478199718706 0.3425925925925926 0.08157524613220815 0.23941798941798942
0 0.08579465541490858 0.9074074074074074 0.13783403656821377 0.18518518518518517
10 0.20956399437412096 0.8981481481481481 0.09845288326300984 0.2037037037037037
9 0.3118846694796062 0.8783068783068783 0.12728551336146274 0.24338624338624337
10 0.5516877637130801 0.8095238095238095 0.0829817158931083 0.18783068783068782
1 0.6184950773558369 0.8240740740740741 0.049578059071729956 0.167989417989418
1 0.6592827004219409 0.8227513227513228 0.04746835443037975 0.17592592592592593
11 0.709563994374121 0.8267195767195767 0.06364275668073137 0.17195767195767195
6 0.7686357243319268 0.843915343915344 0.04992967651195499 0.17989417989417988
9 0.809774964838256 0.83994708994709 0.04254571026722925 0.16534391534391535
2 0.8470464135021097 0.8425925925925926 0.04360056258790436 0.15079365079365079
3 0.8825597749648383 0.8465608465608465 0.04606188466947961 0.15608465608465608