10 0.06201550387596899 0.4375 0.09302325581395349 0.225
2 0.14050387596899225 0.4160714285714286 0.06782945736434108 0.26785714285714285
0 0.17829457364341086 0.3964285714285714 0.06298449612403101 0.30357142857142855
11 0.24031007751937986 0.3357142857142857 0.07945736434108527 0.33214285714285713
4 0.29651162790697677 0.2785714285714286 0.06589147286821706 0.30357142857142855
9 0.33430232558139533 0.25 0.06298449612403101 0.2982142857142857
9 0.36724806201550386 0.21071428571428572 0.05813953488372093 0.26785714285714285
0 0.4011627906976744 0.1982142857142857 0.05813953488372093 0.22857142857142856
0 0.502906976744186 0.325 0.0872093023255814 0.25
3 0.5782706931430103 0.27214945095185517 0.09121077317949854 0.2283850497917001
4 0.6321621549371762 0.23927202784369744 0.08532916440070712 0.2205555900226762
9 0.7062840571824103 0.1962977139271234 0.11075975636678749 0.24853086806939878
1 0.5852713178294574 0.4642857142857143 0.17054263565891473 0.17142857142857143
7 0.7102713178294574 0.425 0.18023255813953487 0.25
10 0.8401162790697675 0.3875 0.1686046511627907 0.325
10 0.0939922480620155 0.7571428571428571 0.10852713178294573 0.15892857142857142
18 0.29069767441860467 0.6875 0.08624031007751938 0.15178571428571427
6 0.16085271317829458 0.7285714285714285 0.07073643410852713 0.12857142857142856
0 0.21414728682170542 0.7089285714285715 0.061046511627906974 0.11428571428571428
2 0.07170542635658915 0.9107142857142857 0.1182170542635659 0.17857142857142858
3 0.15988372093023256 0.8910714285714286 0.11531007751937984 0.2
9 0.26647286821705424 0.8535714285714285 0.13178294573643412 0.20535714285714285
7 0.37112403100775193 0.8214285714285714 0.13468992248062014 0.21964285714285714
10 0.5397286821705426 0.6214285714285714 0.16085271317829458 0.14285714285714285
2 0.5339147286821705 0.8035714285714286 0.14922480620155038 0.39285714285714285
7 0.6550387596899225 0.775 0.25193798449612403 0.45
3 0.8313953488372093 0.7142857142857143 0.24031007751937986 0.32857142857142857