2 0.058646231896269795 0.3595264152331071 0.09123920821397292 0.285362297623583
0 0.11665509358398536 0.339832892808504 0.08507924131730497 0.29521012530181423
11 0.21693838197764215 0.3097592947058964 0.11094567395102664 0.31194126356848095
4 0.3065276195422745 0.27654091960442273 0.08922305455287297 0.29034558712176883
9 0.3658233228439604 0.26711085447154304 0.08496773540393679 0.2901080844854877
9 0.4194096065126876 0.23952676818616897 0.07825023894042812 0.2744457080820863
0 0.46063829787234045 0.2193877551020408 0.0574468085106383 0.2755102040816326
10 0.7235308016970736 0.32221325258764233 0.16200950373826056 0.3147912952038552
6 0.8541679009205972 0.2224923528285723 0.11486647535985828 0.2968726437557825
11 0.9404255319148936 0.17091836734693877 0.11914893617021277 0.32142857142857145
6 0.7468085106382979 0.49489795918367346 0.1574468085106383 0.14285714285714285
4 0.925531914893617 0.42857142857142855 0.14893617021276595 0.2755102040816326
10 0.04042553191489362 0.9209183673469388 0.08085106382978724 0.15816326530612246
8 0.1276595744680851 0.9081632653061225 0.11914893617021277 0.1836734693877551
11 0.24680851063829787 0.8877551020408163 0.14468085106382977 0.22448979591836735
2 0.3680851063829787 0.8724489795918368 0.1148936170212766 0.25510204081632654
9 0.4521276595744681 0.8571428571428571 0.07446808510638298 0.2857142857142857
10 0.5374856656751935 0.8731636204325398 0.08362966444351874 0.22888359468956934
1 0.5937571384852296 0.871208489546939 0.05541256040859277 0.20182962347210892
2 0.6383264836356912 0.868600226411565 0.0619070450453652 0.20728791824285725
11 0.696502604193459 0.8565597652114516 0.08150200486905068 0.2287648433714288
8 0.7686200178986375 0.8503932283955787 0.06840152968213764 0.21274621301360558
9 0.8270191502831417 0.8485568488281185 0.07478450840554189 0.21310246696802743
4 0.8865378654115641 0.849330865327892 0.07287986065781016 0.22318779728253982
3 0.9469531514571682 0.8425111962622458 0.07478450840554189 0.21310246696802743