10 0.06273764258555133 0.19047619047619047 0.094106463878327 0.20068027210884354
2 0.16634980988593157 0.19727891156462585 0.060836501901140684 0.195578231292517
0 0.21673003802281368 0.19387755102040816 0.057034220532319393 0.18027210884353742
11 0.2994296577946768 0.195578231292517 0.07699619771863118 0.1921768707482993
4 0.3745247148288973 0.1921768707482993 0.058935361216730035 0.1836734693877551
9 0.4220532319391635 0.19047619047619047 0.057034220532319393 0.1836734693877551
9 0.467680608365019 0.1870748299319728 0.05228136882129278 0.1870748299319728
0 0.5142585551330798 0.18877551020408162 0.057034220532319393 0.19047619047619047
10 0.6929657794676806 0.05612244897959184 0.12357414448669202 0.11224489795918367
5 0.8013307984790875 0.05782312925170068 0.08555133079847908 0.11564625850340136
11 0.8992395437262357 0.05782312925170068 0.11026615969581749 0.11564625850340136
6 0.6178707224334601 0.20748299319727892 0.11787072243346007 0.19047619047619047
6 0.734160154493501 0.20846405578767918 0.1164323693130091 0.19498874056553306
7 0.8629913600850697 0.21502500837611435 0.14509353940598313 0.1995776142911567
8 0.9657794676806084 0.21258503401360543 0.06844106463878327 0.20748299319727892
10 0.08460076045627377 0.6785714285714286 0.09695817490494296 0.33843537414965985
8 0.16159695817490494 0.6751700680272109 0.06844106463878327 0.33503401360544216
11 0.2338403041825095 0.6785714285714286 0.08269961977186312 0.358843537414966
1 0.3032319391634981 0.6581632653061225 0.06653992395437262 0.34523809523809523
1 0.3650190114068441 0.6683673469387755 0.0655893536121673 0.34523809523809523
1 0.4220532319391635 0.6445578231292517 0.058935361216730035 0.34523809523809523
0 0.4790874524714829 0.6292517006802721 0.06178707224334601 0.3282312925170068
10 0.6863117870722434 0.4336734693877551 0.18250950570342206 0.11224489795918367
9 0.8840304182509505 0.42517006802721086 0.11406844106463879 0.09523809523809523
9 0.620722433460076 0.7397959183673469 0.12357414448669202 0.336734693877551
5 0.7735407227900761 0.7363817602319722 0.19559058700770124 0.36126241341421045
2 0.9325095057034221 0.7108843537414966 0.13498098859315588 0.3401360544217687