2 0.11206896551724138 0.1840277777777778 0.13218390804597702 0.3680555555555556
0 0.19572429481627818 0.2023405845003763 0.12233114929201645 0.40117971142232256
11 0.3318079370326692 0.2902973366355869 0.1579867424656674 0.439783246023524
4 0.41954022988505746 0.3541666666666667 0.05747126436781609 0.4027777777777778
12 0.5359195402298851 0.1701388888888889 0.1752873563218391 0.3402777777777778
2 0.6929388720348131 0.2939217066390402 0.16168152699840257 0.2949202407849353
11 0.8649420544810892 0.3859214925023539 0.20525410909544917 0.313660770147548
9 0.5818965517241379 0.4270833333333333 0.23275862068965517 0.2569444444444444
4 0.7945402298850575 0.4895833333333333 0.23275862068965517 0.13194444444444445
1 0.021551724137931036 0.7743055555555556 0.04310344827586207 0.3263888888888889
5 0.0768232716189481 0.81223399870911 0.1254980397122834 0.32543770792993026
11 0.1853448275862069 0.8402777777777778 0.14655172413793102 0.3194444444444444
6 0.3017241379310345 0.8645833333333334 0.12643678160919541 0.2708333333333333
4 0.39511494252873564 0.8819444444444444 0.10632183908045977 0.2361111111111111
10 0.49712643678160917 0.6527777777777778 0.09770114942528736 0.19444444444444445
4 0.5761494252873564 0.6770833333333334 0.14655172413793102 0.24305555555555555
16 0.6781609195402298 0.7256944444444444 0.15517241379310345 0.3402777777777778
5 0.7729885057471264 0.7430555555555556 0.14367816091954022 0.375
0 0.860632183908046 0.7673611111111112 0.13505747126436782 0.4236111111111111
5 0.9382183908045977 0.7777777777777778 0.1235632183908046 0.4444444444444444
9 0.9813218390804598 0.7847222222222222 0.03735632183908046 0.4305555555555556