3 0.4282700421940928 0.3146551724137931 0.0379746835443038 0.19827586206896552
0 0.4883966244725738 0.3146551724137931 0.035864978902953586 0.1810344827586207
1 0.5263713080168776 0.3146551724137931 0.04008438818565401 0.1810344827586207
0 0.5822784810126582 0.3232758620689655 0.03375527426160337 0.1810344827586207
2 0.619198312236287 0.33189655172413796 0.035864978902953586 0.1810344827586207
3 0.6561181434599156 0.3275862068965517 0.03375527426160337 0.1896551724137931
11 0.7078059071729957 0.31896551724137934 0.056962025316455694 0.1896551724137931
7 0.17616033755274263 0.5517241379310345 0.1751054852320675 0.41379310344827586
0 0.3871308016877637 0.5905172413793104 0.14978902953586498 0.3706896551724138
7 0.5928270042194093 0.5948275862068966 0.16877637130801687 0.3793103448275862
3 0.8006329113924051 0.5991379310344828 0.1540084388185654 0.35344827586206895