3 0.07254464285714286 0.09545454545454546 0.05133928571428571 0.19090909090909092
0 0.13576463435438807 0.12490383021501575 0.0494188123113012 0.22633119369470026
1 0.17476869633173342 0.1593304633297686 0.0538960842528435 0.2361629551049623
0 0.23159094248445175 0.21806641443983707 0.04718666945415834 0.22596076753502387
2 0.2694724399195974 0.2572237151798827 0.0494188123113012 0.2263311936947004
3 0.30736692358199946 0.2872901068290193 0.047199655681415056 0.23505167662593285
11 0.3608734210171451 0.32385442445132967 0.07179218579175613 0.26639909165510123
0 0.05133928571428571 0.25 0.10267857142857142 0.42727272727272725
7 0.22433035714285715 0.33181818181818185 0.19866071428571427 0.2636363636363636
10 0.7477678571428571 0.07727272727272727 0.07477678571428571 0.1318181818181818
1 0.8069196428571429 0.10909090909090909 0.056919642857142856 0.13636363636363635
3 0.8459821428571429 0.12272727272727273 0.0546875 0.1409090909090909
11 0.8839285714285714 0.1409090909090909 0.0703125 0.15
3 0.6796875 0.2318181818181818 0.10379464285714286 0.24545454545454545
6 0.7578125 0.2681818181818182 0.10825892857142858 0.23636363636363636
3 0.8292410714285714 0.3090909090909091 0.10379464285714286 0.25
5 0.9029017857142857 0.32727272727272727 0.10602678571428571 0.23636363636363636
10 0.1953125 0.5545454545454546 0.12611607142857142 0.18181818181818182
7 0.3091517857142857 0.5954545454545455 0.08482142857142858 0.17272727272727273
11 0.3950892857142857 0.6454545454545455 0.11160714285714286 0.20909090909090908
3 0.09821428571428571 0.7227272727272728 0.15848214285714285 0.2590909090909091
7 0.2700892857142857 0.7909090909090909 0.18415178571428573 0.2818181818181818
3 0.43526785714285715 0.8454545454545455 0.17857142857142858 0.2545454545454545
10 0.6395089285714286 0.7318181818181818 0.10044642857142858 0.5363636363636364
7 0.7142857142857143 0.740909090909091 0.10267857142857142 0.5181818181818182
11 0.7991071428571429 0.7818181818181819 0.125 0.43636363636363634
3 0.8984375 0.8363636363636363 0.10491071428571429 0.32727272727272727
4 0.9598214285714286 0.8681818181818182 0.08035714285714286 0.2636363636363636