3 0.3068985298769394 0.12017690149581073 0.047030501554851764 0.15145450668363553
0 0.37018352005075816 0.10974957351999141 0.04237382996510378 0.138809056015272
1 0.41018044852183017 0.10168362953526344 0.04679860872616573 0.1389545066836356
0 0.46886674031307257 0.1004858508910806 0.04016144058457294 0.13873633068109026
2 0.507641527679536 0.09863354423926171 0.04237382996510391 0.13880905601527208
3 0.5320796460176991 0.0875 0.015486725663716814 0.15
7 0.06969026548672566 0.328125 0.13938053097345132 0.34375
0 0.2643554840443279 0.3251542081476296 0.16928224204775663 0.3053816747294517
7 0.46238938053097345 0.29375 0.15486725663716813 0.3125
1 0.5519911504424779 0.2375 0.024336283185840708 0.3125
2 0.5864367622871061 0.24055884277526776 0.06774422337201788 0.3145363093570898
11 0.6506540275296758 0.2395428774665393 0.09266023862957368 0.3465862880330894
7 0.750969905100806 0.2616018801718103 0.07659378089414177 0.3148272106938169
2 0.8096561968920484 0.2604041015276274 0.07286468061913794 0.3521817600254534
8 0.8696226029950707 0.24986768555053543 0.08148234531257567 0.3399726613621805
8 0.9383226202058739 0.2458721709101706 0.09033190283469944 0.34026356269890756
10 0.06526548672566372 0.715625 0.10176991150442478 0.196875
1 0.1415929203539823 0.734375 0.06969026548672566 0.1875
9 0.18915929203539822 0.7375 0.06637168141592921 0.178125
11 0.25110619469026546 0.75 0.08960176991150443 0.196875
8 0.3219026548672566 0.765625 0.07190265486725664 0.1875
0 0.37389380530973454 0.765625 0.06637168141592921 0.1875
7 0.4247787610619469 0.778125 0.06969026548672566 0.184375
1 0.48008849557522126 0.790625 0.07853982300884955 0.19375
10 0.6780973451327433 0.7875 0.17920353982300885 0.425
1 0.8130530973451328 0.7875 0.1084070796460177 0.425
9 0.9059734513274337 0.784375 0.11283185840707964 0.43125
11 0.9734513274336283 0.765625 0.05309734513274336 0.46875