3 0.18753513005746444 0.07659619110190687 0.04306643684438006 0.14523496330404753
0 0.22977401726769556 0.10300492217099437 0.03646343527625544 0.12444512434973412
1 0.25853250108905 0.1256122630382 0.039618009408747636 0.12473903372588069
0 0.2985891160143747 0.1648676887656601 0.039618009408747545 0.12473903372588076
2 0.3257703127694832 0.18762198432093904 0.03811418566828659 0.12964258408831245
3 0.3529882411874841 0.21290153240147047 0.03826111231985679 0.13974359418932256
11 0.38170347003154576 0.2398989898989899 0.03470031545741325 0.14646464646464646
7 0.031545741324921134 0.11616161616161616 0.06309148264984227 0.23232323232323232
0 0.14581266056586248 0.1942738086602866 0.13381880230506732 0.32013109250281974
7 0.2941640378548896 0.26515151515151514 0.14668769716088328 0.20707070707070707
10 0.6230283911671924 0.08080808080808081 0.1553627760252366 0.1111111111111111
6 0.7350157728706624 0.1111111111111111 0.11356466876971609 0.09848484848484848
11 0.8288643533123028 0.13383838383838384 0.1443217665615142 0.11616161616161616
2 0.5315457413249212 0.18434343434343434 0.20268138801261829 0.15656565656565657
5 0.6790220820189274 0.22727272727272727 0.21451104100946372 0.1717171717171717
3 0.8414826498422713 0.2727272727272727 0.21056782334384858 0.16414141414141414
5 0.19321766561514195 0.4292929292929293 0.06466876971608833 0.12121212121212122
4 0.23186119873817035 0.45202020202020204 0.05993690851735016 0.16666666666666666
18 0.32097791798107256 0.51010101010101 0.083596214511041 0.2828282828282828
9 0.0694006309148265 0.5353535353535354 0.11041009463722397 0.3333333333333333
9 0.15937087615679102 0.6297582665403193 0.10601534171891908 0.35788994852154055
7 0.24417923554328605 0.705303001405767 0.1011365538686107 0.3473480743563106
5 0.3284928046997984 0.8011232338172716 0.10249345095750147 0.3323435138928686
10 0.42981072555205047 0.5984848484848485 0.061514195583596214 0.4595959595959596
1 0.4960114698116465 0.6223640776206232 0.12934623718471036 0.4458059000131527
14 0.6664881210054113 0.6696977617840552 0.21929050606176154 0.5651464736563693
5 0.8116179841505615 0.7118069633809027 0.13286812794612798 0.47135233464182463
8 0.9151701300175464 0.772961979363208 0.13099698757674152 0.451003359751731
1 0.9747634069400631 0.7702020202020202 0.050473186119873815 0.4595959595959596