3 0.3596938775510204 0.12254901960784313 0.02040816326530612 0.24509803921568626
7 0.10586734693877552 0.45098039215686275 0.21173469387755103 0.43137254901960786
0 0.30612244897959184 0.4068627450980392 0.12755102040816327 0.5196078431372549
10 0.4489795918367347 0.3088235294117647 0.14795918367346939 0.39215686274509803
8 0.5548469387755102 0.29411764705882354 0.11989795918367346 0.35784313725490197
11 0.6517857142857143 0.28431372549019607 0.1377551020408163 0.39215686274509803
1 0.7678571428571429 0.28921568627450983 0.10331632653061225 0.35784313725490197
2 0.8469387755102041 0.27450980392156865 0.11352040816326531 0.3480392156862745
8 0.9349489795918368 0.2696078431372549 0.11734693877551021 0.37254901960784315
1 0.9783163265306123 0.2549019607843137 0.04336734693877551 0.3431372549019608
10 0.044642857142857144 0.8333333333333334 0.08928571428571429 0.3333333333333333
2 0.1441326530612245 0.8186274509803921 0.08928571428571429 0.30392156862745096
1 0.2066326530612245 0.7941176470588235 0.08673469387755102 0.2549019607843137
11 0.30612244897959184 0.7696078431372549 0.11224489795918367 0.20588235294117646
10 0.461734693877551 0.9117647058823529 0.17346938775510204 0.17647058823529413
1 0.5905612244897959 0.8725490196078431 0.125 0.2549019607843137
4 0.6862244897959183 0.8431372549019608 0.11734693877551021 0.3137254901960784
11 0.7895408163265306 0.8333333333333334 0.1556122448979592 0.3333333333333333
7 0.9043367346938775 0.8333333333333334 0.125 0.3333333333333333
4 0.9668367346938775 0.8333333333333334 0.0663265306122449 0.3333333333333333