3 0.4360587002096436 0.3442622950819672 0.041928721174004195 0.19672131147540983
0 0.4937106918238994 0.3360655737704918 0.03563941299790356 0.16393442622950818
1 0.5324947589098532 0.3360655737704918 0.041928721174004195 0.16393442622950818
0 0.5880503144654088 0.3524590163934426 0.039832285115303984 0.16393442622950818
2 0.6247379454926625 0.35655737704918034 0.03773584905660377 0.1721311475409836
3 0.6624737945492662 0.36475409836065575 0.03773584905660377 0.1885245901639344
11 0.7127882599580713 0.36475409836065575 0.050314465408805034 0.1885245901639344
7 0.1792452830188679 0.5409836065573771 0.16981132075471697 0.4098360655737705
0 0.39308176100628933 0.5819672131147541 0.1530398322851153 0.36065573770491804
7 0.5985324947589099 0.6229508196721312 0.16981132075471697 0.3770491803278688
3 0.8039832285115304 0.6311475409836066 0.15723270440251572 0.3770491803278688