3 0.5598290598290598 0.35877862595419846 0.05982905982905983 0.15267175572519084
0 0.6495726495726496 0.31679389312977096 0.045584045584045586 0.1297709923664122
1 0.7051282051282052 0.29389312977099236 0.04843304843304843 0.1297709923664122
0 0.13532763532763534 0.7251908396946565 0.09971509971509972 0.22900763358778625
2 0.23219373219373218 0.6946564885496184 0.08831908831908832 0.2595419847328244
4 0.34045584045584043 0.6450381679389313 0.09971509971509972 0.22137404580152673
11 0.4586894586894587 0.6068702290076335 0.10826210826210826 0.2366412213740458
9 0.5911680911680912 0.5534351145038168 0.09971509971509972 0.22137404580152673
4 0.6965811965811965 0.5190839694656488 0.08831908831908832 0.24427480916030533
1 0.7863247863247863 0.4770992366412214 0.06837606837606838 0.22137404580152673
9 0.8774928774928775 0.44274809160305345 0.08547008547008547 0.24427480916030533