3 0.21982543912258956 0.11975459938904931 0.059884381269212514 0.09061021791703726
0 0.2985463554368713 0.10047563945159654 0.0466397149695703 0.07752854281262582
1 0.3446969696969697 0.08898305084745763 0.047979797979797977 0.07627118644067797
4 0.03787878787878788 0.2648305084745763 0.07575757575757576 0.13135593220338984
11 0.13141557343831212 0.2517654677568805 0.10781254141727617 0.1427889940556301
9 0.24917483661511142 0.22922145058897278 0.09729926220067982 0.1340185692263382
4 0.33207070707070707 0.21398305084745764 0.07323232323232323 0.1483050847457627
10 0.5265151515151515 0.15254237288135594 0.1351010101010101 0.09533898305084745
1 0.6300505050505051 0.1419491525423729 0.10101010101010101 0.1016949152542373
5 0.7083333333333334 0.13559322033898305 0.10732323232323232 0.09745762711864407
11 0.8080808080808081 0.1271186440677966 0.12121212121212122 0.1016949152542373
8 0.4898989898989899 0.2669491525423729 0.1590909090909091 0.13135593220338984
8 0.6212121212121212 0.2584745762711864 0.14646464646464646 0.1292372881355932
8 0.7512626262626263 0.2457627118644068 0.14393939393939395 0.1271186440677966
4 0.8787878787878788 0.2330508474576271 0.15404040404040403 0.1271186440677966
10 0.12373737373737374 0.5190677966101694 0.08964646464646464 0.2478813559322034
2 0.20454545454545456 0.5296610169491526 0.06439393939393939 0.2309322033898305
11 0.2702020202020202 0.5296610169491526 0.08207070707070707 0.24152542372881355
8 0.08207070707070707 0.7817796610169492 0.09343434343434344 0.288135593220339
6 0.16666666666666666 0.7923728813559322 0.09217171717171717 0.288135593220339
9 0.24368686868686867 0.7923728813559322 0.09217171717171717 0.2923728813559322
1 0.32323232323232326 0.8050847457627118 0.08964646464646464 0.2923728813559322
0 0.6704545454545454 0.4703389830508475 0.2297979797979798 0.2457627118644068
6 0.8636363636363636 0.4809322033898305 0.1414141414141414 0.2669491525423729
9 0.9633838383838383 0.5021186440677966 0.07323232323232323 0.3008474576271186
4 0.5252525252525253 0.7944915254237288 0.23232323232323232 0.4110169491525424
4 0.7348484848484849 0.815677966101695 0.22727272727272727 0.3686440677966102
10 0.9141414141414141 0.8305084745762712 0.1717171717171717 0.3389830508474576