3 0.3010948905109489 0.08586956521739131 0.045012165450121655 0.058695652173913045
0 0.354014598540146 0.05652173913043478 0.03467153284671533 0.04891304347826087
1 0.38686131386861317 0.04021739130434782 0.035888077858880776 0.04891304347826087
0 0.05778588807785888 0.2565217391304348 0.07177615571776155 0.06521739130434782
2 0.11496350364963503 0.24239130434782608 0.06690997566909976 0.09347826086956522
4 0.18004866180048662 0.2108695652173913 0.07238442822384428 0.08695652173913043
11 0.25 0.1793478260869565 0.07907542579075426 0.09239130434782608
9 0.3284671532846715 0.14021739130434782 0.07238442822384428 0.08695652173913043
4 0.3905109489051095 0.11195652173913044 0.06690997566909976 0.09239130434782608
1 0.4440389294403893 0.08260869565217391 0.054136253041362534 0.08043478260869565
9 0.49695863746958635 0.05652173913043478 0.06508515815085159 0.09239130434782608
10 0.6362530413625304 0.20652173913043478 0.07420924574209246 0.13260869565217392
1 0.6782238442822385 0.1891304347826087 0.05474452554744526 0.11956521739130435
0 0.712287104622871 0.17173913043478262 0.051094890510948905 0.11304347826086956
11 0.7493917274939172 0.15217391304347827 0.06082725060827251 0.12065217391304348
3 0.8004866180048662 0.12934782608695652 0.05961070559610705 0.12282608695652174
5 0.8381995133819952 0.10978260869565218 0.05778588807785888 0.12282608695652174
4 0.8753041362530414 0.09239130434782608 0.054136253041362534 0.11739130434782609
1 0.9130170316301703 0.0782608695652174 0.05474452554744526 0.11956521739130435
5 0.06569343065693431 0.48695652173913045 0.13138686131386862 0.2956521739130435
11 0.1896849945579836 0.460462871116515 0.16196080049862435 0.3103271740122026
4 0.04683698296836983 0.7945652173913044 0.09367396593673966 0.3717391304347826
7 0.13959323841172203 0.7719514369795469 0.16850369753889294 0.3386512808579739
9 0.29491511453025127 0.7605205093728008 0.18950354334685732 0.35843150500316134
10 0.6076642335766423 0.6608695652173913 0.07603406326034064 0.29782608695652174
2 0.6739659367396593 0.6630434782608695 0.054136253041362534 0.24021739130434783
13 0.7305352798053528 0.6608695652173913 0.08333333333333333 0.3130434782608696
4 0.7950121654501217 0.6565217391304348 0.05656934306569343 0.2576086956521739
1 0.8454987834549879 0.6565217391304348 0.05778588807785888 0.2576086956521739
4 0.8972019464720195 0.6489130434782608 0.057177615571776155 0.2576086956521739
3 0.9519464720194647 0.6347826086956522 0.06082725060827251 0.27065217391304347