3 0.20319148936170212 0.13949275362318841 0.03404255319148936 0.1286231884057971
0 0.24468085106382978 0.1286231884057971 0.026595744680851064 0.11775362318840579
1 0.2723404255319149 0.12681159420289856 0.03297872340425532 0.12318840579710146
0 0.3127659574468085 0.1322463768115942 0.026595744680851064 0.12318840579710146
2 0.3382978723404255 0.13043478260869565 0.026595744680851064 0.12318840579710146
3 0.3638297872340426 0.13043478260869565 0.027659574468085105 0.13405797101449277
11 0.4021276595744681 0.12318840579710146 0.03829787234042553 0.13949275362318841
7 0.0425531914893617 0.3007246376811594 0.08191489361702127 0.2807971014492754
0 0.17446808510638298 0.3079710144927536 0.11063829787234042 0.25
7 0.3223404255319149 0.29891304347826086 0.1202127659574468 0.2608695652173913
3 0.46914893617021275 0.3007246376811594 0.11702127659574468 0.2554347826086957
7 0.6497090953880381 0.222456738195177 0.1244972934093619 0.39484595520282684
1 0.763340795316927 0.2045804846674247 0.12236963383489381 0.3947827122139564
5 0.8723404255319149 0.19384057971014493 0.12340425531914893 0.38768115942028986
0 0.9606382978723405 0.16485507246376813 0.07872340425531915 0.32971014492753625
10 0.027659574468085105 0.7264492753623188 0.05425531914893617 0.3061594202898551
9 0.09893617021276596 0.7282608695652174 0.07021276595744681 0.2826086956521739
11 0.1851063829787234 0.7445652173913043 0.09893617021276596 0.28442028985507245
8 0.2702127659574468 0.7572463768115942 0.07446808510638298 0.24818840579710144
5 0.34361702127659577 0.7554347826086957 0.07765957446808511 0.25905797101449274
3 0.41702127659574467 0.7626811594202898 0.07234042553191489 0.2536231884057971
8 0.4946808510638298 0.7681159420289855 0.08191489361702127 0.2536231884057971
10 0.5968085106382979 0.75 0.035106382978723406 0.22644927536231885
2 0.6531914893617021 0.7373188405797102 0.043617021276595745 0.19202898550724637
1 0.6946808510638298 0.7336956521739131 0.043617021276595745 0.21014492753623187
11 0.7553191489361702 0.7246376811594203 0.06489361702127659 0.22282608695652173
4 0.8138297872340425 0.7155797101449275 0.047872340425531915 0.2210144927536232
2 0.8574468085106383 0.7119565217391305 0.047872340425531915 0.22644927536231885
5 0.9 0.7010869565217391 0.047872340425531915 0.22644927536231885
3 0.9457446808510638 0.697463768115942 0.05 0.2210144927536232