3 0.451271186440678 0.3516949152542373 0.046610169491525424 0.19491525423728814
0 0.5095338983050848 0.3432203389830508 0.036016949152542374 0.17796610169491525
1 0.5476694915254238 0.3474576271186441 0.04449152542372881 0.1864406779661017
0 0.6048728813559322 0.3644067796610169 0.036016949152542374 0.1864406779661017
2 0.6408898305084746 0.3644067796610169 0.036016949152542374 0.1864406779661017
3 0.6758474576271186 0.3728813559322034 0.038135593220338986 0.2033898305084746
11 0.7298728813559322 0.3686440677966102 0.05296610169491525 0.211864406779661
7 0.19703389830508475 0.5720338983050848 0.1652542372881356 0.4152542372881356
0 0.4078389830508475 0.6059322033898306 0.1504237288135593 0.3644067796610169
7 0.6154661016949152 0.6228813559322034 0.163135593220339 0.3813559322033898
3 0.8209745762711864 0.652542372881356 0.15889830508474576 0.3728813559322034