3 0.20073529411764707 0.3371212121212121 0.03529411764705882 0.16287878787878787
0 0.23676470588235293 0.3087121212121212 0.028676470588235293 0.14393939393939395
1 0.2595588235294118 0.29545454545454547 0.033823529411764704 0.1553030303030303
0 0.29558823529411765 0.2840909090909091 0.028676470588235293 0.14962121212121213
2 0.31691176470588234 0.2689393939393939 0.028676470588235293 0.14962121212121213
3 0.33897058823529413 0.26136363636363635 0.030882352941176472 0.16098484848484848
11 0.3713235294117647 0.23674242424242425 0.04044117647058824 0.17992424242424243
7 0.05661764705882353 0.4791666666666667 0.10735294117647058 0.17803030303030304
0 0.18308823529411763 0.4583333333333333 0.10441176470588236 0.2196969696969697
7 0.3095588235294118 0.4166666666666667 0.11323529411764706 0.30303030303030304
3 0.43676470588235294 0.38636363636363635 0.11102941176470588 0.36174242424242425
10 0.6183823529411765 0.32954545454545453 0.175 0.3409090909090909
4 0.7514705882352941 0.2765151515151515 0.11029411764705882 0.2803030303030303
16 0.8691176470588236 0.22727272727272727 0.17279411764705882 0.3409090909090909
8 0.6257352941176471 0.48863636363636365 0.16029411764705884 0.1590909090909091
1 0.7558823529411764 0.4659090909090909 0.1448529411764706 0.20265151515151514
4 0.8867647058823529 0.4412878787878788 0.15588235294117647 0.2537878787878788
10 0.13455882352941176 0.7575757575757576 0.1375 0.1875
4 0.24779411764705883 0.7348484848484849 0.11838235294117647 0.1856060606060606
11 0.35441176470588237 0.7121212121212122 0.13455882352941176 0.19507575757575757
5 0.08161764705882353 0.9166666666666666 0.14411764705882352 0.16666666666666666
0 0.20220588235294118 0.9034090909090909 0.14779411764705883 0.19128787878787878
8 0.3264705882352941 0.8920454545454546 0.14705882352941177 0.2159090909090909
4 0.44779411764705884 0.8825757575757576 0.1411764705882353 0.23484848484848486
2 0.6169792776911383 0.7802434572723216 0.1363134430853487 0.3875005546960927
13 0.7602941176470588 0.7840909090909091 0.2088235294117647 0.4318181818181818
4 0.924264705882353 0.8011363636363636 0.1426470588235294 0.3977272727272727