3 0.2438434814260173 0.19249732181597864 0.05935893577493136 0.1486829965147609
0 0.3141019345815729 0.15889208899884505 0.05957442509396081 0.15478055749037067
1 0.35774410615500835 0.14551076970764878 0.06761005561262526 0.17339254038539897
3 0.04433497536945813 0.4847560975609756 0.08866995073891626 0.2621951219512195
11 0.17364532019704434 0.43902439024390244 0.17980295566502463 0.35365853658536583
5 0.3186595900324762 0.3789364507344614 0.13703669745535468 0.32859883116670185
0 0.41836694877482244 0.3496571982779292 0.12675350206852742 0.3159779759245501
2 0.5086206896551724 0.2926829268292683 0.1206896551724138 0.32926829268292684
10 0.5849753694581281 0.17682926829268292 0.03201970443349754 0.2682926829268293
1 0.6171815341413613 0.2122885777593575 0.06825652356971343 0.19168522331222826
13 0.6928897459872289 0.23388069369091083 0.11003577307411044 0.26046132720766413
4 0.6637931034482759 0.4481707317073171 0.18472906403940886 0.3353658536585366
0 0.8472906403940886 0.47865853658536583 0.21182266009852216 0.27439024390243905
10 0.046798029556650245 0.9115853658536586 0.09359605911330049 0.17682926829268292
4 0.1268472906403941 0.8932926829268293 0.1206896551724138 0.21341463414634146
11 0.21428571428571427 0.8689024390243902 0.14285714285714285 0.2621951219512195
1 0.3054187192118227 0.8597560975609756 0.12807881773399016 0.2804878048780488
2 0.3866995073891626 0.8384146341463414 0.12315270935960591 0.3231707317073171
3 0.4667487684729064 0.8170731707317073 0.12561576354679804 0.36585365853658536
3 0.5258620689655172 0.801829268292683 0.08620689655172414 0.3719512195121951
10 0.5960591133004927 0.8262195121951219 0.054187192118226604 0.18597560975609756
1 0.6280788177339901 0.8262195121951219 0.07142857142857142 0.1676829268292683
2 0.6699507389162561 0.8262195121951219 0.07019704433497537 0.17682926829268292
11 0.7192118226600985 0.8292682926829268 0.09482758620689655 0.20426829268292682
8 0.7857142857142857 0.8201219512195121 0.08620689655172414 0.18902439024390244
9 0.8411330049261084 0.823170731707317 0.09113300492610837 0.1798780487804878
4 0.895320197044335 0.8140243902439024 0.09236453201970443 0.19817073170731708
3 0.9519704433497537 0.8048780487804879 0.08620689655172414 0.18902439024390244