3 0.2864963503649635 0.19966442953020133 0.02737226277372263 0.08389261744966443
0 0.3220802919708029 0.19463087248322147 0.02645985401459854 0.087248322147651
1 0.3458029197080292 0.19463087248322147 0.03193430656934307 0.09731543624161074
0 0.06204379562043796 0.3640939597315436 0.06295620437956205 0.18456375838926176
2 0.11405109489051095 0.35570469798657717 0.06569343065693431 0.18624161073825504
3 0.1687956204379562 0.34563758389261745 0.06478102189781022 0.18624161073825504
11 0.2490875912408759 0.33221476510067116 0.08485401459854014 0.2063758389261745
5 0.3239051094890511 0.3187919463087248 0.06295620437956205 0.18120805369127516
0 0.375 0.32046979865771813 0.058394160583941604 0.174496644295302
2 0.42700729927007297 0.3104026845637584 0.06204379562043796 0.18120805369127516
8 0.47992700729927007 0.3036912751677852 0.06569343065693431 0.18288590604026847
2 0.6304744525547445 0.12583892617449666 0.10401459854014598 0.2516778523489933
13 0.7536496350364964 0.16275167785234898 0.18613138686131386 0.32550335570469796
4 0.9142335766423357 0.16610738255033558 0.14233576642335766 0.33221476510067116
7 0.9781021897810219 0.18959731543624161 0.043795620437956206 0.37919463087248323
7 0.032846715328467155 0.7919463087248322 0.06569343065693431 0.24161073825503357
9 0.10870510609869329 0.7953342199033314 0.11905195469774767 0.2719369914156397
18 0.23008201944562626 0.8079567488733821 0.16316615573685556 0.29723225947810133
2 0.35492700729927007 0.8204697986577181 0.13686131386861314 0.35906040268456374
5 0.46441605839416056 0.8305369127516778 0.1332116788321168 0.3389261744966443
6 0.5465328467153284 0.8389261744966443 0.06386861313868614 0.3087248322147651
10 0.6158759124087592 0.7449664429530202 0.07481751824817519 0.28523489932885904
4 0.6678832116788321 0.7348993288590604 0.08211678832116788 0.27348993288590606
16 0.7299270072992701 0.7281879194630873 0.08394160583941605 0.2785234899328859
5 0.7855839416058394 0.714765100671141 0.07572992700729927 0.2701342281879195
0 0.8366788321167883 0.7063758389261745 0.06843065693430657 0.2651006711409396
5 0.8859489051094891 0.6996644295302014 0.0739051094890511 0.2701342281879195
9 0.9397810218978102 0.6946308724832215 0.07755474452554745 0.2802013422818792