3 0.5296523517382413 0.33986928104575165 0.03680981595092025 0.13071895424836602
0 0.5879345603271984 0.3464052287581699 0.034764826175869123 0.1437908496732026
1 0.623721881390593 0.35947712418300654 0.0408997955010225 0.1568627450980392
0 0.1605316973415133 0.545751633986928 0.08384458077709611 0.29411764705882354
2 0.2443762781186094 0.5522875816993464 0.08793456032719836 0.29411764705882354
3 0.3312883435582822 0.5588235294117647 0.08588957055214724 0.29411764705882354
11 0.4601226993865031 0.5751633986928104 0.11860940695296524 0.3137254901960784
5 0.5807770961145194 0.5816993464052288 0.08588957055214724 0.2875816993464052
0 0.6625766871165644 0.6111111111111112 0.07770961145194274 0.28104575163398693
2 0.745398773006135 0.6143790849673203 0.08384458077709611 0.2875816993464052
8 0.8302658486707567 0.6274509803921569 0.08997955010224949 0.2875816993464052