1 0.059375 0.4230769230769231 0.11875 0.3333333333333333
6 0.134375 0.3942307692307692 0.175 0.391025641025641
11 0.25634987040509294 0.333252222770968 0.21546634099925885 0.4429465967338314
5 0.40746260254462996 0.2391521461788284 0.17292752648462936 0.39662021311801837
7 0.4875 0.1891025641025641 0.125 0.3782051282051282
10 0.5828125 0.483974358974359 0.065625 0.21153846153846154
2 0.6421875 0.4423076923076923 0.0640625 0.2916666666666667
1 0.6828125 0.3942307692307692 0.0671875 0.3076923076923077
11 0.7453125 0.2916666666666667 0.0796875 0.3076923076923077
4 0.8046875 0.21794871794871795 0.06875 0.28525641025641024
2 0.846875 0.16025641025641027 0.06875 0.27884615384615385
5 0.8921875 0.13782051282051283 0.0703125 0.23076923076923078
3 0.9359375 0.10897435897435898 0.06875 0.16346153846153846
8 0.0703125 0.8076923076923077 0.140625 0.38461538461538464
9 0.1984375 0.7948717948717948 0.271875 0.41025641025641024
2 0.3859375 0.7307692307692307 0.271875 0.28205128205128205
10 0.609375 0.7403846153846154 0.11875 0.14423076923076922
1 0.696875 0.7019230769230769 0.075 0.11217948717948718
0 0.74375 0.6794871794871795 0.0796875 0.11538461538461539
11 0.7984375 0.6538461538461539 0.096875 0.12179487179487179
3 0.6 0.9230769230769231 0.0984375 0.15384615384615385
8 0.6890625 0.8878205128205128 0.1453125 0.1858974358974359
7 0.8 0.8365384615384616 0.15625 0.1955128205128205
1 0.9078125 0.7916666666666666 0.1453125 0.1891025641025641