10 0.17630057803468208 0.27419354838709675 0.2023121387283237 0.3010752688172043
1 0.32668111185034127 0.2553838444393499 0.1339904781742174 0.33765017734783875
6 0.42218294342138807 0.2119643974359565 0.1339736636371916 0.33227383326181725
11 0.49710982658959535 0.1693548387096774 0.10404624277456648 0.3387096774193548
10 0.6184971098265896 0.3870967741935484 0.10982658959537572 0.07526881720430108
1 0.6965317919075145 0.3602150537634409 0.08092485549132948 0.12903225806451613
2 0.75 0.3333333333333333 0.07803468208092486 0.1827956989247312
11 0.8213211284551791 0.2837670758310246 0.09312450153993153 0.2073040971919514
6 0.9068334621175037 0.20035350370531263 0.09015025544439739 0.18032853232674595
8 0.9638728323699421 0.14516129032258066 0.07225433526011561 0.1827956989247312
0 0.057803468208092484 0.6263440860215054 0.11560693641618497 0.2956989247311828
7 0.20520231213872833 0.5295698924731183 0.12138728323699421 0.20967741935483872
7 0.29335260115606937 0.49731182795698925 0.12427745664739884 0.14516129032258066
10 0.06502890173410404 0.8978494623655914 0.13005780346820808 0.20430107526881722
7 0.20664739884393063 0.8279569892473119 0.23410404624277456 0.34408602150537637
5 0.38707209180237256 0.7237432691046858 0.22385488648917493 0.42658086021221914
1 0.4985549132947977 0.6048387096774194 0.10115606936416185 0.3602150537634409
10 0.6054913294797688 0.8145161290322581 0.11271676300578035 0.3709677419354839
5 0.6982617622631332 0.7877221477478575 0.13115074837489046 0.35368536517080534
11 0.7923016925919517 0.7497259670480347 0.13988852675420782 0.37547227482018514
4 0.8978770947568498 0.7194189247368521 0.13985489768015608 0.36471958664814214
6 0.9624277456647399 0.6720430107526881 0.07514450867052024 0.3655913978494624