10 0.044573643410852716 0.4011627906976744 0.06492248062015504 0.4164244186046512
1 0.09883720930232558 0.4120639534883721 0.037306201550387594 0.40406976744186046
6 0.13372093023255813 0.43386627906976744 0.037306201550387594 0.40406976744186046
11 0.1739341085271318 0.438953488372093 0.050872093023255814 0.4055232558139535
5 0.22529069767441862 0.4498546511627907 0.037306201550387594 0.3953488372093023
7 0.2596899224806202 0.467296511627907 0.037306201550387594 0.40406976744186046
1 0.29408914728682173 0.47601744186046513 0.036337209302325583 0.3953488372093023
5 0.3192829457364341 0.48328488372093026 0.01695736434108527 0.4011627906976744
0 0.5683139534883721 0.28851744186046513 0.12306201550387597 0.20494186046511628
1 0.6744186046511628 0.2696220930232558 0.07461240310077519 0.1925872093023256
2 0.7640503875968992 0.26453488372093026 0.12015503875968993 0.21075581395348839
3 0.47093023255813954 0.5523255813953488 0.16036821705426357 0.25
4 0.6075581395348837 0.5261627906976745 0.14195736434108527 0.2441860465116279
5 0.747093023255814 0.5116279069767442 0.14244186046511628 0.2601744186046512
6 0.8866279069767442 0.4890988372093023 0.14244186046511628 0.2492732558139535
10 0.2194767441860465 0.934593023255814 0.1695736434108527 0.1308139534883721
10 0.4481589147286822 0.8066860465116279 0.09932170542635659 0.08139534883720931
1 0.5213178294573644 0.8161337209302325 0.06492248062015504 0.07921511627906977
9 0.5692829457364341 0.8219476744186046 0.07073643410852713 0.07703488372093023
11 0.6327519379844961 0.8306686046511628 0.07945736434108527 0.08139534883720931
7 0.7073643410852714 0.842296511627907 0.08236434108527131 0.08284883720930232
8 0.7761627906976745 0.8510174418604651 0.07897286821705427 0.07921511627906977
3 0.8410852713178295 0.8582848837209303 0.07315891472868218 0.07703488372093023
7 0.9089147286821705 0.8670058139534884 0.09593023255813954 0.07776162790697674