10 0.07878151260504201 0.21707818930041153 0.1013655462184874 0.20267489711934156
1 0.15913865546218486 0.21193415637860083 0.06039915966386555 0.19444444444444445
6 0.21008403361344538 0.21707818930041153 0.06039915966386555 0.19444444444444445
11 0.2694327731092437 0.21296296296296297 0.07983193277310924 0.19444444444444445
5 0.3440126050420168 0.20987654320987653 0.06039915966386555 0.19032921810699588
7 0.3954831932773109 0.21296296296296297 0.06039915966386555 0.19444444444444445
1 0.44537815126050423 0.21193415637860083 0.058823529411764705 0.19032921810699588
5 0.4947478991596639 0.20987654320987653 0.05514705882352941 0.19444444444444445
10 0.6806938642234379 0.21553738019155877 0.21521082470254807 0.26366315770153753
6 0.855636590822563 0.2041620254146648 0.13581960713076355 0.27509905262821943
11 0.9716386554621849 0.18518518518518517 0.05672268907563025 0.2962962962962963
10 0.0782563025210084 0.7006172839506173 0.0819327731092437 0.2613168724279835
2 0.15913865546218486 0.6862139917695473 0.04989495798319328 0.21707818930041153
1 0.20378151260504201 0.684156378600823 0.05042016806722689 0.23559670781893005
11 0.2689075630252101 0.6728395061728395 0.07352941176470588 0.24279835390946503
4 0.3324579831932773 0.6646090534979424 0.05514705882352941 0.2417695473251029
2 0.3797268907563025 0.6625514403292181 0.05567226890756303 0.24794238683127573
5 0.4254201680672269 0.6512345679012346 0.05567226890756303 0.24794238683127573
3 0.47584033613445376 0.6491769547325102 0.05672268907563025 0.2417695473251029
10 0.6192226890756303 0.742798353909465 0.07773109243697479 0.19032921810699588
1 0.6727941176470589 0.7314814814814815 0.04936974789915966 0.18209876543209877
0 0.7142857142857143 0.7181069958847737 0.0546218487394958 0.1779835390946502
11 0.7647058823529411 0.7026748971193416 0.06092436974789916 0.19444444444444445
6 0.8103991596638656 0.6810699588477366 0.04884453781512605 0.1779835390946502
7 0.8492647058823529 0.6584362139917695 0.0467436974789916 0.16563786008230452
9 0.8933823529411765 0.6409465020576132 0.05304621848739496 0.19032921810699588
8 0.9380252100840336 0.6234567901234568 0.04726890756302521 0.1779835390946502