10 0.0701058201058201 0.11261261261261261 0.1402116402116402 0.21621621621621623
1 0.1643329836997429 0.1693576483010103 0.10573817259769955 0.18301073124962086
14 0.2566137566137566 0.21171171171171171 0.14285714285714285 0.2072072072072072
4 0.02513227513227513 0.28603603603603606 0.05026455026455026 0.2747747747747748
6 0.09308498098275532 0.3564797519621578 0.17500527863754547 0.2839968643950138
0 0.19914710543124975 0.40296287118647994 0.14618773477660799 0.24267005966851743
6 0.27116402116402116 0.42117117117117114 0.11375661375661375 0.19369369369369369
10 0.4021164021164021 0.22747747747747749 0.13227513227513227 0.19594594594594594
1 0.4933862433862434 0.2545045045045045 0.10714285714285714 0.17567567567567569
2 0.5608465608465608 0.26576576576576577 0.10846560846560846 0.18468468468468469
11 0.6494708994708994 0.2882882882882883 0.12566137566137567 0.20045045045045046
6 0.7592592592592593 0.30405405405405406 0.12169312169312169 0.18018018018018017
8 0.8373015873015873 0.31981981981981983 0.1111111111111111 0.18018018018018017
9 0.9140211640211641 0.32882882882882886 0.11507936507936507 0.18468468468468469
1 0.966931216931217 0.34459459459459457 0.06481481481481481 0.16891891891891891
10 0.16137566137566137 0.6261261261261262 0.1746031746031746 0.1981981981981982
5 0.27645502645502645 0.6576576576576577 0.10317460317460317 0.1981981981981982
5 0.07539682539682539 0.7454954954954955 0.15079365079365079 0.3108108108108108
6 0.22486772486772486 0.8265765765765766 0.20634920634920634 0.2927927927927928
10 0.4126984126984127 0.5788288288288288 0.1693121693121693 0.1036036036036036
2 0.5542328042328042 0.5855855855855856 0.18253968253968253 0.11711711711711711
6 0.6666666666666666 0.6013513513513513 0.19576719576719576 0.14864864864864866
18 0.8015873015873016 0.6171171171171171 0.2328042328042328 0.18018018018018017
4 0.3835978835978836 0.75 0.1111111111111111 0.44594594594594594
3 0.5 0.7905405405405406 0.25925925925925924 0.4189189189189189
7 0.6521164021164021 0.8040540540540541 0.2671957671957672 0.3918918918918919
5 0.8478835978835979 0.8243243243243243 0.2777777777777778 0.35135135135135137