10 0.1917808219178082 0.07397959183673469 0.19863013698630136 0.14285714285714285
1 0.3401826484018265 0.08418367346938775 0.12442922374429223 0.14795918367346939
14 0.4805936073059361 0.10204081632653061 0.1917808219178082 0.1556122448979592
4 0.08333333333333333 0.25255102040816324 0.16666666666666666 0.23214285714285715
6 0.2454337899543379 0.28061224489795916 0.2134703196347032 0.2372448979591837
0 0.3984018264840183 0.3010204081632653 0.1723744292237443 0.22704081632653061
6 0.521689497716895 0.3112244897959184 0.16210045662100456 0.21428571428571427
11 0.6746575342465754 0.22704081632653061 0.11187214611872145 0.28061224489795916
1 0.7706363320721162 0.26223213641961585 0.11612342653279627 0.25682889438250883
5 0.8561643835616438 0.2857142857142857 0.1141552511415525 0.2653061224489796
7 0.9474885844748858 0.3010204081632653 0.1050228310502283 0.23469387755102042
10 0.05821917808219178 0.5943877551020408 0.11529680365296803 0.28316326530612246
1 0.12100456621004566 0.6301020408163265 0.0958904109589041 0.2755102040816326
3 0.182648401826484 0.6632653061224489 0.10388127853881278 0.2627551020408163
11 0.2568493150684932 0.7066326530612245 0.12100456621004566 0.2755102040816326
4 0.3436073059360731 0.7627551020408163 0.11643835616438356 0.2755102040816326
4 0.4155251141552511 0.8010204081632653 0.11301369863013698 0.28316326530612246
5 0.4840182648401826 0.8392857142857143 0.10844748858447488 0.27040816326530615
7 0.547945205479452 0.8724489795918368 0.10388127853881278 0.25510204081632654
5 0.6815068493150684 0.5739795918367347 0.12557077625570776 0.3112244897959184
11 0.7796803652968036 0.5918367346938775 0.16666666666666666 0.3469387755102041
8 0.906392694063927 0.6045918367346939 0.1415525114155251 0.37244897959183676
7 0.9657534246575342 0.6173469387755102 0.0684931506849315 0.3979591836734694