10 0.0769774011299435 0.24088541666666666 0.153954802259887 0.19791666666666666
1 0.2175141242937853 0.23567708333333334 0.1059322033898305 0.20052083333333334
14 0.3601694915254237 0.22265625 0.1709039548022599 0.19401041666666666
4 0.024717514124293787 0.4973958333333333 0.04943502824858757 0.24479166666666666
6 0.14477401129943504 0.4908854166666667 0.1850282485875706 0.25
0 0.3008474576271186 0.48046875 0.13983050847457626 0.2526041666666667
6 0.4477401129943503 0.47265625 0.1560734463276836 0.2526041666666667
10 0.6115819209039548 0.36328125 0.04519774011299435 0.2838541666666667
1 0.6560734463276836 0.3580729166666667 0.04307909604519774 0.2825520833333333
5 0.692090395480226 0.3567708333333333 0.04449152542372881 0.2890625
11 0.7365819209039548 0.3567708333333333 0.05508474576271186 0.28125
8 0.78954802259887 0.34765625 0.04519774011299435 0.2734375
7 0.8283898305084746 0.3424479166666667 0.0423728813559322 0.2734375
1 0.8665254237288136 0.34765625 0.04096045197740113 0.2734375
3 0.9018361581920904 0.33984375 0.03954802259887006 0.2669270833333333
10 0.029661016949152543 0.8541666666666666 0.059322033898305086 0.19270833333333334
3 0.0925141242937853 0.8541666666666666 0.06779661016949153 0.19140625
11 0.17372881355932204 0.84765625 0.09533898305084745 0.19921875
6 0.2620056497175141 0.8346354166666666 0.0769774011299435 0.1953125
8 0.3340395480225989 0.8229166666666666 0.0748587570621469 0.18229166666666666
0 0.3997175141242938 0.8190104166666666 0.06426553672316385 0.18229166666666666
7 0.4661016949152542 0.8072916666666666 0.07627118644067797 0.17708333333333334
10 0.6793785310734464 0.7291666666666666 0.1807909604519774 0.21875
1 0.8714689265536724 0.7122395833333334 0.13559322033898305 0.18489583333333334
3 0.9653954802259888 0.7109375 0.0692090395480226 0.18229166666666666
6 0.7733050847457628 0.9401041666666666 0.2725988700564972 0.11979166666666667