10 0.16056034482758622 0.1875 0.18642241379310345 0.15
1 0.2855603448275862 0.153125 0.12823275862068967 0.1375
14 0.4019396551724138 0.11875 0.17995689655172414 0.146875
4 0.13793103448275862 0.3375 0.1788793103448276 0.1375
6 0.28448275862068967 0.315625 0.20905172413793102 0.18125
0 0.41487068965517243 0.29375 0.17456896551724138 0.2
6 0.5043103448275862 0.259375 0.12823275862068967 0.203125
2 0.7856693690833029 0.12034573615123571 0.049564264643804964 0.11326359016268786
0 0.8407482172926939 0.06625715808879624 0.04980346708570214 0.11951359016268785
3 0.8793103448275862 0.05 0.04741379310344827 0.1
0 0.9299568965517241 0.028125 0.04956896551724138 0.05625
2 0.7058189655172413 0.3375 0.13577586206896552 0.1375
6 0.8275862068965517 0.2875 0.1336206896551724 0.2375
2 0.9418103448275862 0.178125 0.11637931034482758 0.23125
10 0.1952682032698638 0.7402047599589491 0.1640182032698638 0.3462953005422929
5 0.31320703036045966 0.6662935195251147 0.1221131176402059 0.3206044332522421
11 0.4194120103961421 0.5957072669910319 0.14845359148951773 0.33354077048806363
6 0.13685344827586207 0.940625 0.17025862068965517 0.11875
6 0.2672413793103448 0.896875 0.16379310344827586 0.20625
7 0.4073275862068966 0.846875 0.19827586206896552 0.30625
8 0.5150862068965517 0.796875 0.10775862068965517 0.40625
11 0.5959051724137931 0.80625 0.05387931034482758 0.3875
3 0.6519396551724138 0.75 0.16594827586206898 0.5
1 0.7540464628001478 0.6733029426410256 0.16592712193160497 0.508722577669656
5 0.8491379310344828 0.628125 0.17672413793103448 0.44375
8 0.9331896551724138 0.578125 0.1336206896551724 0.34375