3 0.5640495867768595 0.36 0.07024793388429752 0.22
0 0.6756198347107438 0.35 0.06198347107438017 0.22
1 0.7417355371900827 0.355 0.07024793388429752 0.21
0 0.12190082644628099 0.67 0.09504132231404959 0.38
2 0.22520661157024793 0.675 0.10330578512396695 0.39
4 0.3305785123966942 0.685 0.09090909090909091 0.39
11 0.44421487603305787 0.685 0.128099173553719 0.39
3 0.5785123966942148 0.68 0.09917355371900827 0.38
6 0.6880165289256198 0.69 0.09504132231404959 0.4
5 0.7954545454545454 0.67 0.10330578512396695 0.38
3 0.890495867768595 0.67 0.09504132231404959 0.38