0 0.037037037037037035 0.41333333333333333 0.07407407407407407 0.21333333333333335
2 0.10802469135802469 0.41 0.09259259259259259 0.22
4 0.1867283950617284 0.41 0.08333333333333333 0.22
11 0.26697530864197533 0.4066666666666667 0.10185185185185185 0.22666666666666666
10 0.5324074074074074 0.06 0.17592592592592593 0.12
1 0.6759259259259259 0.056666666666666664 0.1111111111111111 0.11333333333333333
14 0.8117283950617284 0.04666666666666667 0.1728395061728395 0.09333333333333334
4 0.470679012345679 0.3433333333333333 0.16358024691358025 0.35333333333333333
6 0.6358024691358025 0.34 0.19135802469135801 0.36
0 0.7824074074074074 0.3333333333333333 0.15123456790123457 0.37333333333333335
6 0.9197530864197531 0.32666666666666666 0.16049382716049382 0.38666666666666666
10 0.22993827160493827 0.6466666666666666 0.17592592592592593 0.25333333333333335
0 0.16049382716049382 0.8866666666666667 0.19135802469135801 0.22666666666666666
7 0.2808641975308642 0.9 0.07407407407407407 0.2
10 0.3983658162625952 0.7047079972969784 0.15397795279268528 0.2484508011420263
2 0.5446463587463432 0.6961990178568425 0.09501158169618626 0.24104720936597193
1 0.6233500624500468 0.69520998678898 0.09842239723712964 0.2477526615647117
11 0.7473768750864759 0.6736391727400222 0.1255513834391933 0.2347683980200357
4 0.8615744059506731 0.6722041080533199 0.10670846913281792 0.22786901816093083
2 0.9475308641975309 0.66 0.10493827160493827 0.24