3 0.4161392405063291 0.1951219512195122 0.06408227848101265 0.1402439024390244
0 0.5031645569620253 0.2032520325203252 0.056962025316455694 0.1402439024390244
1 0.555379746835443 0.21544715447154472 0.06408227848101265 0.13414634146341464
0 0.05458860759493671 0.32926829268292684 0.08781645569620253 0.24390243902439024
2 0.13686708860759494 0.3475609756097561 0.09414556962025317 0.25
4 0.21835443037974683 0.3638211382113821 0.08465189873417721 0.25
11 0.30854430379746833 0.3780487804878049 0.11392405063291139 0.25609756097560976
3 0.4153481012658228 0.3882113821138211 0.09098101265822785 0.24390243902439024
6 0.502373417721519 0.40853658536585363 0.08781645569620253 0.25609756097560976
5 0.5878164556962026 0.4105691056910569 0.09414556962025317 0.24390243902439024
3 0.6637658227848101 0.42276422764227645 0.08781645569620253 0.24390243902439024
10 0.7982594936708861 0.1951219512195122 0.0379746835443038 0.2621951219512195
1 0.8251582278481012 0.21138211382113822 0.023734177215189875 0.2621951219512195
5 0.8441455696202531 0.21341463414634146 0.022943037974683545 0.23983739837398374
11 0.8662974683544303 0.23577235772357724 0.030854430379746837 0.25203252032520324
6 0.8931962025316456 0.241869918699187 0.022151898734177215 0.2459349593495935
3 0.9113924050632911 0.241869918699187 0.021360759493670885 0.22764227642276422
7 0.9295886075949367 0.25 0.022151898734177215 0.22764227642276422
0 0.9485759493670886 0.258130081300813 0.020569620253164556 0.22764227642276422
3 0.03164556962025317 0.7642276422764228 0.06329113924050633 0.3902439024390244
11 0.13449367088607594 0.7804878048780488 0.1550632911392405 0.42276422764227645
3 0.29825949367088606 0.7967479674796748 0.13449367088607594 0.4065040650406504
7 0.42563291139240506 0.8028455284552846 0.1550632911392405 0.3943089430894309
2 0.555379746835443 0.8252032520325203 0.12658227848101267 0.34959349593495936
7 0.6748417721518988 0.8313008130081301 0.15031645569620253 0.33739837398373984
10 0.865506329113924 0.6300813008130082 0.0949367088607595 0.12195121951219512
5 0.9485759493670886 0.6117886178861789 0.06487341772151899 0.08536585365853659
9 0.8204113924050633 0.8597560975609756 0.12183544303797468 0.2804878048780488
2 0.9194757216848641 0.8296321529861199 0.1141369924372376 0.26590677201860896
3 0.9818037974683544 0.7947154471544715 0.03639240506329114 0.2804878048780488