0 0.6671087533156499 0.37280701754385964 0.03978779840848806 0.18421052631578946
1 0.7029177718832891 0.37280701754385964 0.03713527851458886 0.20175438596491227
0 0.09814323607427056 0.6359649122807017 0.09549071618037135 0.32456140350877194
2 0.1962864721485411 0.6491228070175439 0.10079575596816977 0.3333333333333333
5 0.29310344827586204 0.6491228070175439 0.09814323607427056 0.3333333333333333
11 0.46684350132625996 0.6447368421052632 0.13793103448275862 0.34210526315789475
1 0.6246684350132626 0.6403508771929824 0.09283819628647215 0.3157894736842105
9 0.7201591511936339 0.6447368421052632 0.09814323607427056 0.30701754385964913
1 0.8143236074270557 0.6447368421052632 0.09018567639257294 0.30701754385964913
5 0.9058355437665783 0.6228070175438597 0.09283819628647215 0.2982456140350877
10 0.3275862068965517 0.36403508771929827 0.0610079575596817 0.20175438596491227