0 0.46601941747572817 0.04824561403508772 0.05825242718446602 0.09649122807017543
1 0.4975728155339806 0.02631578947368421 0.05825242718446602 0.05263157894736842
11 0.3058252427184466 0.3508771929824561 0.1650485436893204 0.22807017543859648
1 0.44660194174757284 0.2675438596491228 0.12135922330097088 0.39473684210526316
9 0.5315533980582524 0.18859649122807018 0.1262135922330097 0.37719298245614036
1 0.6140776699029126 0.12280701754385964 0.11165048543689321 0.24561403508771928
10 0.16262135922330098 0.37719298245614036 0.07766990291262135 0.17543859649122806
1 0.02912621359223301 0.8508771929824561 0.05825242718446602 0.2982456140350877
4 0.07766990291262135 0.7763157894736842 0.1553398058252427 0.4473684210526316
11 0.19053398058252427 0.7324561403508771 0.16262135922330098 0.5350877192982456
3 0.2961165048543689 0.6842105263157895 0.15048543689320387 0.43859649122807015
2 0.39684466019417475 0.6140350877192983 0.14805825242718446 0.2982456140350877
3 0.4975728155339806 0.5570175438596491 0.15048543689320387 0.18421052631578946
5 0.5983009708737864 0.4868421052631579 0.14320388349514562 0.043859649122807015
10 0.7815533980582524 0.618421052631579 0.12135922330097088 0.30701754385964913
4 0.8689320388349514 0.5526315789473685 0.10679611650485436 0.17543859649122806
5 0.7427184466019418 0.8640350877192983 0.13592233009708737 0.2719298245614035
0 0.8385922330097088 0.7982456140350878 0.1383495145631068 0.40350877192982454
8 0.9320388349514563 0.7280701754385965 0.13592233009708737 0.5263157894736842
4 0.9793689320388349 0.6491228070175439 0.0412621359223301 0.3684210526315789