0 0.4850877192982456 0.23427672955974843 0.03684210526315789 0.13364779874213836
1 0.5131578947368421 0.23113207547169812 0.03508771929824561 0.14622641509433962
0 0.0412280701754386 0.46855345911949686 0.0824561403508772 0.23742138364779874
2 0.11578947368421053 0.46855345911949686 0.08947368421052632 0.24371069182389937
5 0.1912280701754386 0.4591194968553459 0.08771929824561403 0.24371069182389937
11 0.32719298245614037 0.4386792452830189 0.11929824561403508 0.2562893081761006
1 0.45087719298245615 0.4229559748427673 0.08333333333333333 0.23113207547169812
9 0.525438596491228 0.41509433962264153 0.0868421052631579 0.2248427672955975
1 0.5982456140350877 0.4088050314465409 0.08070175438596491 0.2248427672955975
5 0.6692982456140351 0.38522012578616355 0.0824561403508772 0.22012578616352202
10 0.22105263157894736 0.2610062893081761 0.05350877192982456 0.14622641509433962
11 0.7614035087719299 0.10220125786163523 0.06315789473684211 0.20440251572327045
4 0.7964912280701755 0.36792452830188677 0.13333333333333333 0.34591194968553457
10 0.15789473684210525 0.7861635220125787 0.13421052631578947 0.08647798742138364
7 0.2850877192982456 0.7610062893081762 0.0824561403508772 0.07547169811320754
8 0.35789473684210527 0.7452830188679245 0.08508771929824561 0.08176100628930817
18 0.4587719298245614 0.7232704402515723 0.10964912280701754 0.08333333333333333
5 0.12631578947368421 0.9009433962264151 0.15175438596491228 0.12106918238993711
1 0.26403508771929823 0.8742138364779874 0.1394736842105263 0.13679245283018868
9 0.3815789473684211 0.85062893081761 0.1482456140350877 0.13050314465408805
2 0.5105263157894737 0.8286163522012578 0.1482456140350877 0.12264150943396226
10 0.8087719298245614 0.7751572327044025 0.05526315789473684 0.09276729559748427
1 0.8535087719298246 0.7547169811320755 0.034210526315789476 0.09276729559748427
2 0.8807017543859649 0.7405660377358491 0.034210526315789476 0.08176100628930817
11 0.9140350877192982 0.7154088050314465 0.043859649122807015 0.09276729559748427
1 0.7859649122807018 0.9009433962264151 0.06140350877192982 0.10534591194968554
6 0.8412280701754385 0.8679245283018868 0.05526315789473684 0.10062893081761007
4 0.8885964912280702 0.8364779874213837 0.056140350877192984 0.10849056603773585
4 0.9421052631578948 0.8034591194968553 0.05263157894736842 0.11320754716981132