0 0.11707317073170732 0.6491228070175439 0.09268292682926829 0.3333333333333333
0 0.6463414634146342 0.37719298245614036 0.03414634146341464 0.17543859649122806
1 0.676829268292683 0.37719298245614036 0.036585365853658534 0.19298245614035087
2 0.20853658536585365 0.6447368421052632 0.09024390243902439 0.30701754385964913
5 0.29878048780487804 0.6666666666666666 0.09024390243902439 0.3333333333333333
11 0.4585365853658537 0.6491228070175439 0.13170731707317074 0.3333333333333333
1 0.6048780487804878 0.6535087719298246 0.09268292682926829 0.32456140350877194
9 0.6939024390243902 0.6535087719298246 0.09024390243902439 0.30701754385964913
1 0.7853658536585366 0.6535087719298246 0.08780487804878048 0.30701754385964913
5 0.8719512195121951 0.6491228070175439 0.09024390243902439 0.3333333333333333
10 0.32926829268292684 0.37719298245614036 0.05365853658536585 0.19298245614035087