0 0.5221883132443168 0.25832372097099043 0.0503219990914433 0.16659519744195447
1 0.5565373060123883 0.2488956079973658 0.05332932816245215 0.18151000445260654
2 0.04454022988505747 0.4782608695652174 0.08908045977011494 0.057971014492753624
5 0.1336206896551724 0.4673913043478261 0.1235632183908046 0.07971014492753623
11 0.31896551724137934 0.4311594202898551 0.1724137931034483 0.15217391304347827
1 0.4885057471264368 0.42028985507246375 0.12643678160919541 0.17391304347826086
9 0.5732758620689655 0.40942028985507245 0.08908045977011494 0.1956521739130435
10 0.15430653967043434 0.35264058531959286 0.07351115361749688 0.19171075497644632
7 0.6494252873563219 0.34782608695652173 0.06321839080459771 0.3188405797101449
18 0.7341954022988506 0.38405797101449274 0.1235632183908046 0.2463768115942029
7 0.9066091954022989 0.4384057971014493 0.12931034482758622 0.13768115942028986
11 0.03017241379310345 0.8297101449275363 0.0603448275862069 0.34057971014492755
6 0.11494252873563218 0.7971014492753623 0.1724137931034483 0.4057971014492754
7 0.24856321839080459 0.7753623188405797 0.15804597701149425 0.4492753623188406
2 0.3706896551724138 0.7536231884057971 0.14942528735632185 0.4927536231884058
4 0.5 0.7536231884057971 0.1724137931034483 0.4927536231884058
10 0.625 0.8840579710144928 0.014367816091954023 0.2318840579710145
1 0.646551724137931 0.8876811594202898 0.05747126436781609 0.2246376811594203
3 0.6896551724137931 0.8985507246376812 0.06896551724137931 0.2028985507246377
11 0.7442528735632183 0.9021739130434783 0.08045977011494253 0.1956521739130435
4 0.8146551724137931 0.9166666666666666 0.07758620689655173 0.16666666666666666
4 0.867816091954023 0.9202898550724637 0.07471264367816093 0.15942028985507245
5 0.9181034482758621 0.9347826086956522 0.07183908045977011 0.13043478260869565
7 0.9669540229885057 0.9420289855072463 0.06609195402298851 0.11594202898550725