0 0.04563492063492063 0.48717948717948717 0.0744047619047619 0.28365384615384615
0 0.4146825396825397 0.17307692307692307 0.027777777777777776 0.14262820512820512
1 0.4365079365079365 0.16987179487179488 0.02976190476190476 0.15705128205128205
2 0.1111111111111111 0.46474358974358976 0.07242063492063493 0.26282051282051283
5 0.17559523809523808 0.46634615384615385 0.07242063492063493 0.28365384615384615
11 0.28869047619047616 0.42467948717948717 0.10218253968253968 0.28846153846153844
1 0.39285714285714285 0.40064102564102566 0.0744047619047619 0.27724358974358976
9 0.45634920634920634 0.38301282051282054 0.07242063492063493 0.26282051282051283
1 0.5208333333333334 0.36698717948717946 0.07043650793650794 0.26121794871794873
5 0.5823412698412699 0.34775641025641024 0.07242063492063493 0.28365384615384615
10 0.19047619047619047 0.23237179487179488 0.041666666666666664 0.16025641025641027
9 0.6746031746031746 0.20192307692307693 0.07142857142857142 0.24358974358974358
11 0.79065014156624 0.18333290577584785 0.1572291237431013 0.24472260863922402
2 0.7410714285714286 0.5400641025641025 0.20436507936507936 0.33653846153846156
5 0.9126984126984127 0.5288461538461539 0.1746031746031746 0.3525641025641026
10 0.12797619047619047 0.8589743589743589 0.1359126984126984 0.12179487179487179
8 0.23809523809523808 0.8493589743589743 0.08928571428571429 0.11378205128205128
11 0.32242063492063494 0.8461538461538461 0.10813492063492064 0.11858974358974358
1 0.4156746031746032 0.8461538461538461 0.0873015873015873 0.1233974358974359
3 0.49007936507936506 0.8381410256410257 0.08234126984126984 0.11698717948717949
3 0.5625 0.8349358974358975 0.0873015873015873 0.11378205128205128
10 0.7371031746031746 0.8525641025641025 0.19246031746031747 0.28846153846153844
5 0.9017857142857143 0.842948717948718 0.14484126984126985 0.2692307692307692