10 0.08588235294117647 0.41335740072202165 0.09411764705882353 0.23104693140794225
1 0.1476470588235294 0.3871841155234657 0.06647058823529411 0.22382671480144403
3 0.1923529411764706 0.3637184115523466 0.07 0.2427797833935018
11 0.25 0.3276173285198556 0.08 0.24548736462093862
3 0.31 0.29422382671480146 0.07352941176470588 0.23916967509025272
1 0.3652941176470588 0.259927797833935 0.07470588235294118 0.2518050541516246
5 0.4164705882352941 0.2328519855595668 0.08176470588235295 0.27346570397111913
8 0.48058823529411765 0.19855595667870035 0.08941176470588236 0.27978339350180503
10 0.6835294117647058 0.1651624548736462 0.12117647058823529 0.16425992779783394
7 0.7817647058823529 0.1371841155234657 0.08588235294117647 0.15433212996389892
11 0.8711764705882353 0.10288808664259928 0.1 0.14711191335740073
2 0.6729411764705883 0.37364620938628157 0.12705882352941175 0.23465703971119134
7 0.7629411764705882 0.34657039711191334 0.12352941176470589 0.23014440433212996
8 0.8523529411764705 0.315884476534296 0.12588235294117647 0.23736462093862815
5 0.9394117647058824 0.286101083032491 0.12058823529411765 0.2427797833935018
10 0.1896278349468571 0.6877256317689531 0.12292322270022202 0.13898916967509026
2 0.2914784672962517 0.6435018050541517 0.08957091657690452 0.12815884476534295
13 0.37619595288802843 0.6128158844765343 0.13122703842665728 0.1407942238267148
2 0.1513287230156141 0.8564981949458483 0.14385931874558577 0.22563176895306858
7 0.2627966848972557 0.8176895306859205 0.14213467528704474 0.2111913357400722
3 0.37599509185685615 0.7779783393501805 0.13417346760455048 0.2184115523465704
3 0.4788235294117647 0.7229241877256317 0.1223529411764706 0.22563176895306858
10 0.5658823529411765 0.7617328519855595 0.05176470588235294 0.2888086642599278
4 0.6368231527817325 0.7626353790613718 0.12288841298371514 0.23104693140794225
4 0.7394217212083797 0.7536101083032491 0.1293874604039855 0.24729241877256317
18 0.8722943760701797 0.7518050541516246 0.17290526892985594 0.2779783393501805
3 0.6129411764705882 0.9232851985559567 0.14588235294117646 0.15342960288808663
4 0.7717647058823529 0.927797833935018 0.1976470588235294 0.1444043321299639
0 0.9229411764705883 0.9232851985559567 0.15411764705882353 0.15342960288808663