11 0.11290322580645161 0.40131578947368424 0.15668202764976957 0.21052631578947367
3 0.24539170506912442 0.39144736842105265 0.14055299539170507 0.23026315789473684
1 0.3652073732718894 0.3684210526315789 0.14516129032258066 0.27631578947368424
5 0.4769585253456221 0.34539473684210525 0.15668202764976957 0.3223684210526316
8 0.5691244239631337 0.32894736842105265 0.07834101382488479 0.35526315789473684
10 0.7453917050691244 0.12171052631578948 0.1359447004608295 0.24342105263157895
1 0.8398617511520737 0.1118421052631579 0.08064516129032258 0.2236842105263158
6 0.9078341013824884 0.11842105263157894 0.08294930875576037 0.23684210526315788
11 0.967741935483871 0.12828947368421054 0.06451612903225806 0.2565789473684211
9 0.6716589861751152 0.3684210526315789 0.12672811059907835 0.27631578947368424
6 0.782258064516129 0.3651315789473684 0.1313364055299539 0.28289473684210525
7 0.9043778801843319 0.3684210526315789 0.14055299539170507 0.27631578947368424
4 0.9815668202764977 0.3717105263157895 0.03686635944700461 0.26973684210526316
10 0.16589861751152074 0.8585526315789473 0.16589861751152074 0.28289473684210525
1 0.29493087557603687 0.881578947368421 0.10138248847926268 0.23684210526315788
1 0.37672811059907835 0.8717105263157895 0.09907834101382489 0.2565789473684211
11 0.47235023041474655 0.8717105263157895 0.12903225806451613 0.2565789473684211
6 0.5725806451612904 0.8881578947368421 0.07142857142857142 0.2236842105263158
10 0.6854838709677419 0.9177631578947368 0.08064516129032258 0.16447368421052633
4 0.7659436356796043 0.8767920813092867 0.05673884770916525 0.19905258668631487
11 0.8213006218112991 0.835519401990053 0.07638154812657438 0.23913869476363506
7 0.9101382488479263 0.9210526315789473 0.11059907834101383 0.15789473684210525