10 0.17729591836734693 0.1625 0.16454081632653061 0.17916666666666667
3 0.32908163265306123 0.18333333333333332 0.17857142857142858 0.2
11 0.4528061224489796 0.17916666666666667 0.17857142857142858 0.17916666666666667
8 0.07142857142857142 0.35833333333333334 0.11989795918367346 0.20833333333333334
0 0.16964285714285715 0.3625 0.15178571428571427 0.17916666666666667
0 0.29336734693877553 0.35 0.16454081632653061 0.18333333333333332
1 0.4451530612244898 0.36666666666666664 0.17857142857142858 0.19583333333333333
10 0.7589285714285714 0.041666666666666664 0.21683673469387754 0.08333333333333333
3 0.9132653061224489 0.09166666666666666 0.1377551020408163 0.18333333333333332
5 0.9744897959183674 0.1375 0.05102040816326531 0.275
6 0.6951530612244898 0.2375 0.13520408163265307 0.475
5 0.8239795918367347 0.2875 0.21428571428571427 0.525
4 0.9489795918367347 0.36666666666666664 0.10204081632653061 0.36666666666666664
10 0.0625 0.7125 0.125 0.2833333333333333
1 0.14030612244897958 0.7416666666666667 0.10204081632653061 0.24583333333333332
7 0.19770408163265307 0.7708333333333334 0.10586734693877552 0.2708333333333333
11 0.26913265306122447 0.8 0.1326530612244898 0.2833333333333333
7 0.35841836734693877 0.8375 0.10841836734693877 0.26666666666666666
4 0.41836734693877553 0.8625 0.10204081632653061 0.25416666666666665
2 0.475765306122449 0.8708333333333333 0.10459183673469388 0.23333333333333334
6 0.5382653061224489 0.8833333333333333 0.1096938775510204 0.20416666666666666
2 0.6747448979591837 0.75 0.09438775510204081 0.4
1 0.7474489795918368 0.775 0.14285714285714285 0.45
11 0.8584183673469388 0.7916666666666666 0.17091836734693877 0.4166666666666667
2 0.9528061224489796 0.8416666666666667 0.09438775510204081 0.31666666666666665