10 0.11604938271604938 0.1581439393939394 0.11049382716049383 0.16098484848484848
3 0.22839506172839505 0.12973484848484848 0.11728395061728394 0.18371212121212122
11 0.31666666666666665 0.08143939393939394 0.12407407407407407 0.1553030303030303
8 0.06172839506172839 0.3787878787878788 0.11358024691358025 0.19412878787878787
0 0.14938271604938272 0.3399621212121212 0.10123456790123457 0.16003787878787878
0 0.2351851851851852 0.28882575757575757 0.1111111111111111 0.16666666666666666
1 0.345679012345679 0.2547348484848485 0.12160493827160494 0.17803030303030304
10 0.6197530864197531 0.11079545454545454 0.21728395061728395 0.2215909090909091
4 0.7716049382716049 0.10037878787878787 0.1308641975308642 0.20075757575757575
4 0.8796296296296297 0.10132575757575757 0.13703703703703704 0.20265151515151514
18 0.9635802469135802 0.10984848484848485 0.0728395061728395 0.2196969696969697
4 0.5209876543209877 0.3475378787878788 0.12345679012345678 0.36174242424242425
3 0.6796296296296296 0.3475378787878788 0.20864197530864198 0.36174242424242425
4 0.8734567901234568 0.35511363636363635 0.20864197530864198 0.3465909090909091
0 0.9753086419753086 0.3541666666666667 0.04938271604938271 0.3484848484848485
10 0.12465314023804687 0.66900556995179 0.17693812662651096 0.2174464217788742
7 0.254320987654321 0.5975378787878788 0.11604938271604938 0.13825757575757575
9 0.3308641975308642 0.5700757575757576 0.1111111111111111 0.08333333333333333
5 0.08950617283950617 0.8863636363636364 0.17901234567901234 0.22727272727272727
8 0.24215407236394448 0.805347345666399 0.21259818546158593 0.28511200076744037
9 0.37222222222222223 0.7054924242424242 0.17407407407407408 0.2784090909090909
10 0.532716049382716 0.8626893939393939 0.1111111111111111 0.22443181818181818
1 0.6074074074074074 0.8304924242424242 0.06666666666666667 0.21117424242424243
5 0.6623456790123456 0.8001893939393939 0.0734567901234568 0.20738636363636365
11 0.7290123456790123 0.7632575757575758 0.08641975308641975 0.2178030303030303
6 0.8012345679012346 0.7149621212121212 0.0734567901234568 0.20738636363636365
4 0.8629629629629629 0.6742424242424242 0.0734567901234568 0.19791666666666666
3 0.924074074074074 0.6382575757575758 0.06851851851851852 0.20643939393939395
2 0.9722222222222222 0.6126893939393939 0.053703703703703705 0.16761363636363635