10 0.07098765432098765 0.2477777777777778 0.13271604938271606 0.3711111111111111
1 0.14814814814814814 0.3055555555555556 0.09645061728395062 0.30666666666666664
3 0.20756172839506173 0.36333333333333334 0.09567901234567901 0.31444444444444447
11 0.2785493827160494 0.42444444444444446 0.12191358024691358 0.3655555555555556
3 0.3557098765432099 0.49 0.11188271604938271 0.36
1 0.42592592592592593 0.53 0.10570987654320987 0.3
5 0.48919753086419754 0.5544444444444444 0.11265432098765432 0.2511111111111111
8 0.5717592592592593 0.5788888888888889 0.12808641975308643 0.2011111111111111
10 0.7415123456790124 0.15888888888888889 0.06790123456790123 0.3022222222222222
1 0.7847222222222222 0.24555555555555555 0.04861111111111111 0.32666666666666666
5 0.8125 0.30666666666666664 0.04861111111111111 0.3333333333333333
11 0.8449074074074074 0.39555555555555555 0.05787037037037037 0.3522222222222222
7 0.8757716049382716 0.48333333333333334 0.0470679012345679 0.32666666666666666
8 0.9027777777777778 0.5444444444444444 0.046296296296296294 0.27
9 0.9305555555555556 0.5766666666666667 0.0470679012345679 0.20666666666666667
2 0.9567901234567902 0.6111111111111112 0.044753086419753084 0.13777777777777778
10 0.26851851851851855 0.7622222222222222 0.16898148148148148 0.11666666666666667
9 0.39969135802469136 0.7911111111111111 0.12114197530864197 0.10888888888888888
11 0.49537037037037035 0.82 0.14506172839506173 0.11777777777777777
2 0.1257716049382716 0.85 0.1875 0.15555555555555556
5 0.2623456790123457 0.8833333333333333 0.19212962962962962 0.15333333333333332
3 0.3942901234567901 0.9188888888888889 0.18904320987654322 0.14888888888888888
5 0.529320987654321 0.9388888888888889 0.19907407407407407 0.12222222222222222
2 0.7692901234567902 0.7366666666666667 0.1527777777777778 0.11333333333333333
13 0.8896604938271605 0.7933333333333333 0.22067901234567902 0.22666666666666666
8 0.7739197530864198 0.89 0.18981481481481483 0.22
2 0.8973765432098766 0.9433333333333334 0.2052469135802469 0.11333333333333333