3 0.05141129032258065 0.15208333333333332 0.1028225806451613 0.30416666666666664
1 0.12298387096774194 0.11875 0.1532258064516129 0.2375
5 0.2127016129032258 0.09375 0.1592741935483871 0.1875
8 0.2963709677419355 0.06041666666666667 0.125 0.12083333333333333
10 0.4173387096774194 0.23125 0.10383064516129033 0.17708333333333334
1 0.4899193548387097 0.22708333333333333 0.09475806451612903 0.16041666666666668
1 0.5514112903225806 0.225 0.10080645161290322 0.16458333333333333
11 0.6280241935483871 0.22083333333333333 0.12600806451612903 0.18125
3 0.7268145161290323 0.20833333333333334 0.11391129032258064 0.15833333333333333
2 0.811491935483871 0.20208333333333334 0.10383064516129033 0.16458333333333333
4 0.8891129032258065 0.18958333333333333 0.11189516129032258 0.16458333333333333
4 0.9566532258064516 0.17916666666666667 0.08669354838709678 0.16041666666666668
10 0.24468465005537146 0.6685110305263288 0.16999774531728218 0.35541110512851143
5 0.17943548387096775 0.9145833333333333 0.2540322580645161 0.17083333333333334
4 0.3014112903225806 0.85625 0.11491935483870967 0.2875
10 0.49193548387096775 0.8666666666666667 0.21370967741935484 0.26666666666666666
1 0.6189516129032258 0.8479166666666667 0.14516129032258066 0.30416666666666664
7 0.7127016129032258 0.81875 0.15120967741935484 0.3625
11 0.8231198831850824 0.762854693233661 0.18377411195656107 0.4103051975011411
2 0.9344758064516129 0.6770833333333334 0.1310483870967742 0.37083333333333335
7 0.9798387096774194 0.6354166666666666 0.04032258064516129 0.37916666666666665