7 0.04054054054054054 0.20430107526881722 0.08108108108108109 0.3870967741935484
11 0.12837837837837837 0.1989247311827957 0.125 0.3978494623655914
2 0.24070945945945946 0.18010752688172044 0.09966216216216216 0.3602150537634409
7 0.31925675675675674 0.17204301075268819 0.0945945945945946 0.34408602150537637
5 0.3952702702702703 0.1586021505376344 0.08783783783783784 0.3172043010752688
5 0.5633445945945946 0.05913978494623656 0.11993243243243243 0.11827956989247312
10 0.1089527027027027 0.6317204301075269 0.09206081081081081 0.16129032258064516
8 0.1891891891891892 0.5967741935483871 0.0633445945945946 0.1532258064516129
11 0.2533783783783784 0.5725806451612904 0.0785472972972973 0.18548387096774194
5 0.05489864864864865 0.8521505376344086 0.09543918918918919 0.25806451612903225
1 0.13851351351351351 0.8225806451612904 0.08868243243243243 0.23118279569892472
6 0.2204391891891892 0.793010752688172 0.09543918918918919 0.24731182795698925
6 0.3032094594594595 0.7526881720430108 0.08614864864864864 0.23655913978494625
10 0.48057432432432434 0.8548387096774194 0.08192567567567567 0.1827956989247312
6 0.5743243243243243 0.803763440860215 0.09037162162162163 0.18010752688172044
11 0.6554054054054054 0.7338709677419355 0.10050675675675676 0.1639784946236559
7 0.768581081081081 0.6639784946236559 0.07432432432432433 0.15053763440860216
7 0.8353040540540541 0.6048387096774194 0.06418918918918919 0.14516129032258066
2 0.8868243243243243 0.5510752688172043 0.048986486486486486 0.13440860215053763
6 0.9408783783783784 0.5053763440860215 0.057432432432432436 0.16129032258064516