1 0.042418772563176894 0.25225225225225223 0.08483754512635379 0.4144144144144144
7 0.1061213928445808 0.3383408573224409 0.1354433371096544 0.4222618714927561
11 0.20490641638726517 0.44191076133941537 0.1627081827436287 0.4671323385046186
2 0.3176895306859206 0.5112612612612613 0.13357400722021662 0.35585585585585583
7 0.3953068592057762 0.5518018018018018 0.1299638989169675 0.2747747747747748
5 0.4729241877256318 0.5900900900900901 0.12274368231046931 0.1981981981981982
4 0.5315884476534296 0.6283783783783784 0.0740072202166065 0.12162162162162163
0 0.7478070095848242 0.13501069409609062 0.11294253902524391 0.23861775013551828
1 0.8392142887213386 0.20364216727026205 0.08047256800262502 0.23792634287443643
7 0.9052772967619293 0.2524666099721005 0.09862812805198494 0.2633354830445069
8 0.9675090252707581 0.32432432432432434 0.06498194945848375 0.26126126126126126
4 0.6956080974430447 0.35172039726104926 0.13875939352018296 0.3597761319592026
5 0.793375073523491 0.4303711956208715 0.13151817320706183 0.354116980395679
6 0.8907942238267148 0.5112612612612613 0.13176895306859207 0.35585585585585583
1 0.9666064981949458 0.5518018018018018 0.06678700361010831 0.2747747747747748
10 0.04332129963898917 0.8445945945945946 0.08664259927797834 0.3108108108108108
5 0.12274368231046931 0.8445945945945946 0.18772563176895307 0.3108108108108108
11 0.2490974729241877 0.8671171171171171 0.19855595667870035 0.26576576576576577
10 0.6805054151624549 0.777027027027027 0.1299638989169675 0.17567567567567569
5 0.7760583971211023 0.8366961757505035 0.09860712434536203 0.2588309785400025
11 0.8619133574007221 0.8986486486486487 0.12093862815884476 0.20270270270270271
6 0.6064981949458483 0.8445945945945946 0.07581227436823104 0.3108108108108108
6 0.6805054151624549 0.8918918918918919 0.13357400722021662 0.21621621621621623
7 0.7942238267148014 0.9527027027027027 0.1588447653429603 0.0945945945945946