10 0.0946969696969697 0.28703703703703703 0.09974747474747475 0.2537037037037037
5 0.17045454545454544 0.2962962962962963 0.059343434343434344 0.24444444444444444
11 0.23232323232323232 0.3055555555555556 0.07828282828282829 0.24259259259259258
1 0.30808080808080807 0.31666666666666665 0.06060606060606061 0.23148148148148148
4 0.3573232323232323 0.32592592592592595 0.05303030303030303 0.23148148148148148
8 0.40404040404040403 0.3296296296296296 0.059343434343434344 0.24074074074074073
1 0.45580808080808083 0.3388888888888889 0.056818181818181816 0.23148148148148148
10 0.6287878787878788 0.09444444444444444 0.125 0.1685185185185185
3 0.726010101010101 0.11666666666666667 0.07323232323232323 0.17222222222222222
5 0.7954545454545454 0.13703703703703704 0.07702020202020202 0.1814814814814815
18 0.8825757575757576 0.17407407407407408 0.08712121212121213 0.20185185185185187
6 0.5757575757575758 0.29444444444444445 0.11994949494949494 0.337037037037037
5 0.6843434343434344 0.32037037037037036 0.11616161616161616 0.29259259259259257
4 0.7967171717171717 0.3388888888888889 0.11868686868686869 0.25555555555555554
2 0.9128787878787878 0.362962962962963 0.11363636363636363 0.20555555555555555
10 0.10099717821112816 0.6392072789826571 0.17380343382905297 0.2776316629183662
5 0.24260231545241365 0.6753614589023574 0.133340625478199 0.2667727966979227
11 0.3790834877096772 0.7018249472111688 0.15618543409909888 0.28352905709507026
9 0.13383838383838384 0.8944444444444445 0.1919191919191919 0.2111111111111111
2 0.3143939393939394 0.9111111111111111 0.18434343434343434 0.17777777777777778
7 0.45580808080808083 0.9259259259259259 0.10353535353535354 0.14814814814814814
10 0.6666666666666666 0.662962962962963 0.09722222222222222 0.14814814814814814
1 0.7462121212121212 0.6592592592592592 0.059343434343434344 0.1388888888888889
2 0.7954545454545454 0.65 0.05555555555555555 0.12222222222222222
11 0.8573232323232324 0.6296296296296297 0.07575757575757576 0.14074074074074075
1 0.625 0.8351851851851851 0.10732323232323232 0.1648148148148148
6 0.7222222222222222 0.8148148148148148 0.09722222222222222 0.15925925925925927
4 0.8093434343434344 0.7925925925925926 0.09722222222222222 0.17037037037037037
4 0.9027777777777778 0.7703703703703704 0.08964646464646464 0.17592592592592593