10 0.09231805929919137 0.125 0.10983827493261455 0.17063492063492064
5 0.15902964959568733 0.15079365079365079 0.0747978436657682 0.15476190476190477
11 0.21361185983827494 0.1746031746031746 0.09029649595687332 0.15873015873015872
1 0.2816711590296496 0.1984126984126984 0.0747978436657682 0.14682539682539683
4 0.3247978436657682 0.21031746031746032 0.0673854447439353 0.1349206349206349
8 0.36522911051212936 0.21626984126984128 0.07277628032345014 0.12301587301587301
1 0.41172506738544473 0.2261904761904762 0.07075471698113207 0.10119047619047619
10 0.5754716981132075 0.041666666666666664 0.09838274932614555 0.07738095238095238
7 0.644878706199461 0.09126984126984126 0.06536388140161725 0.07936507936507936
8 0.7021563342318059 0.1349206349206349 0.0673854447439353 0.08333333333333333
18 0.7553908355795148 0.1746031746031746 0.07951482479784366 0.08531746031746032
1 0.8025606469002695 0.21428571428571427 0.06334231805929919 0.07341269841269842
1 0.8450134770889488 0.24801587301587302 0.06199460916442048 0.057539682539682536
3 0.883423180592992 0.25992063492063494 0.057951482479784364 0.03571428571428571
6 0.9238544474393531 0.2757936507936508 0.06536388140161725 0.001984126984126984
3 0.03638814016172507 0.4801587301587302 0.07277628032345014 0.40476190476190477
11 0.11895815828008033 0.5681892620101829 0.1559430933112353 0.5053817900118696
4 0.23666706620487651 0.6934883810495799 0.14244248213949284 0.4916287841171175
4 0.34029649595687333 0.7817460317460317 0.14150943396226415 0.4365079365079365
5 0.4123989218328841 0.8353174603174603 0.09433962264150944 0.32936507936507936
10 0.6024258760107817 0.5297619047619048 0.1179245283018868 0.2400793650793651
1 0.6859838274932615 0.5694444444444444 0.09366576819407008 0.23412698412698413
5 0.7486522911051213 0.5972222222222222 0.0977088948787062 0.23015873015873015
11 0.8288409703504043 0.6388888888888888 0.1078167115902965 0.24404761904761904
8 0.5397574123989218 0.7222222222222222 0.1408355795148248 0.32142857142857145
8 0.644878706199461 0.7797619047619048 0.1307277628032345 0.3055555555555556
8 0.7513477088948787 0.8273809523809523 0.12870619946091644 0.3055555555555556
4 0.8544474393530997 0.8591269841269841 0.13679245283018868 0.28174603174603174