10 0.0676829268292683 0.2571428571428571 0.1353658536585366 0.32857142857142857
5 0.16341463414634147 0.2693877551020408 0.08536585365853659 0.29285714285714287
11 0.23902439024390243 0.27448979591836736 0.11219512195121951 0.2938775510204082
1 0.3310975609756098 0.2816326530612245 0.0798780487804878 0.2755102040816326
4 0.39146341463414636 0.29081632653061223 0.08048780487804878 0.2816326530612245
8 0.450609756097561 0.29489795918367345 0.0774390243902439 0.2755102040816326
1 0.5097560975609756 0.30612244897959184 0.08292682926829269 0.286734693877551
4 0.6426829268292683 0.20612244897959184 0.08536585365853659 0.39591836734693875
9 0.7689024390243903 0.19183673469387755 0.2426829268292683 0.3836734693877551
5 0.9201219512195122 0.1826530612244898 0.1597560975609756 0.3653061224489796
10 0.05426829268292683 0.6489795918367347 0.10853658536585366 0.2714285714285714
3 0.14085365853658535 0.6724489795918367 0.07682926829268293 0.25612244897959185
11 0.21951219512195122 0.6857142857142857 0.0975609756097561 0.25816326530612244
6 0.3067073170731707 0.6959183673469388 0.08292682926829269 0.23061224489795917
8 0.37621951219512195 0.710204081632653 0.07865853658536585 0.24081632653061225
0 0.4396341463414634 0.7214285714285714 0.07378048780487804 0.25204081632653064
7 0.5048780487804878 0.7336734693877551 0.0798780487804878 0.23775510204081632
10 0.6914634146341463 0.6142857142857143 0.11341463414634147 0.1663265306122449
1 0.7817073170731708 0.6316326530612245 0.07378048780487804 0.15612244897959185
14 0.8689024390243902 0.6408163265306123 0.11158536585365854 0.16224489795918368
4 0.6378048780487805 0.8051020408163265 0.07560975609756097 0.22244897959183674
6 0.7262195121951219 0.8255102040816327 0.12621951219512195 0.23877551020408164
0 0.8213414634146341 0.8377551020408164 0.09878048780487805 0.2336734693877551
6 0.9091463414634147 0.8591836734693877 0.10853658536585366 0.24897959183673468