10 0.07804232804232804 0.2324561403508772 0.14417989417989419 0.2565789473684211
5 0.17328042328042328 0.23903508771929824 0.08994708994708994 0.22807017543859648
11 0.25 0.24342105263157895 0.1164021164021164 0.22807017543859648
1 0.3412698412698413 0.24780701754385964 0.08465608465608465 0.21929824561403508
4 0.4007936507936508 0.2543859649122807 0.08465608465608465 0.2236842105263158
8 0.4603174603174603 0.2565789473684211 0.082010582010582 0.21929824561403508
1 0.5185185185185185 0.2675438596491228 0.0873015873015873 0.2236842105263158
1 0.656084656084656 0.18640350877192982 0.07407407407407407 0.2412280701754386
4 0.7353346732069408 0.2006557015543279 0.11526593774889114 0.23342577865270311
11 0.8429661210752025 0.21276740759709467 0.15076968627022114 0.25130135666824005
7 0.951058201058201 0.22149122807017543 0.09788359788359788 0.25
10 0.10449735449735449 0.5657894736842105 0.20899470899470898 0.2719298245614035
9 0.30676723872275047 0.5857515806011935 0.18794175598624424 0.2954927241574612
5 0.037037037037037035 0.8574561403508771 0.07407407407407407 0.2850877192982456
17 0.1693121693121693 0.875 0.23809523809523808 0.25
1 0.3783068783068783 0.8881578947368421 0.2275132275132275 0.2236842105263158
10 0.7103174603174603 0.5219298245614035 0.18253968253968253 0.18421052631578946
8 0.8637566137566137 0.5087719298245614 0.12433862433862433 0.15789473684210525
4 0.9563492063492064 0.5263157894736842 0.0873015873015873 0.19298245614035087
9 0.6309523809523809 0.831140350877193 0.023809523809523808 0.31140350877192985
3 0.7420634920634921 0.8377192982456141 0.2037037037037037 0.32456140350877194
9 0.9312169312169312 0.8552631578947368 0.13756613756613756 0.2894736842105263