6 0.07173913043478261 0.2846153846153846 0.08260869565217391 0.4461538461538462
9 0.1451509085273059 0.26777453535826307 0.08267358441470625 0.4621276157294238
2 0.21357225070688776 0.27226256313123803 0.07176607340399256 0.45331619156640385
3 0.27873272332125226 0.2770863258454267 0.07165223602402589 0.4302392684894809
10 0.4891304347826087 0.2653846153846154 0.1391304347826087 0.3076923076923077
7 0.6 0.25384615384615383 0.08586956521739131 0.3038461538461538
11 0.6989130434782609 0.25 0.11739130434782609 0.3153846153846154
3 0.8108695652173913 0.24615384615384617 0.08369565217391305 0.29615384615384616
4 0.8869565217391304 0.23461538461538461 0.08586956521739131 0.29615384615384616
3 0.9608695652173913 0.23076923076923078 0.07717391304347826 0.29615384615384616
0 0.007608695652173913 0.7269230769230769 0.015217391304347827 0.3
11 0.05357543873590725 0.7180640227389712 0.0666593314505919 0.2990223911319652
4 0.12970034105096861 0.7025378997516785 0.075354983624505 0.299917684308535
2 0.19936042292557843 0.6761447851083515 0.07093126595090395 0.2840854223356347
4 0.26956521739130435 0.65 0.07391304347826087 0.2846153846153846
5 0.3391304347826087 0.6346153846153846 0.06956521739130435 0.25384615384615383
10 0.46630434782608693 0.6615384615384615 0.10869565217391304 0.23846153846153847
1 0.5423913043478261 0.6923076923076923 0.07065217391304347 0.21153846153846154
5 0.6 0.7038461538461539 0.06956521739130435 0.2
11 0.6760869565217391 0.7346153846153847 0.09456521739130434 0.23461538461538461
8 0.75 0.7615384615384615 0.06956521739130435 0.2
5 0.816304347826087 0.7730769230769231 0.07934782608695652 0.21153846153846154
6 0.8902173913043478 0.8 0.07934782608695652 0.21153846153846154
8 0.9608695652173913 0.8346153846153846 0.06956521739130435 0.2