10 0.07568807339449542 0.319672131147541 0.15137614678899083 0.5081967213114754
1 0.19954128440366972 0.36475409836065575 0.0963302752293578 0.4180327868852459
1 0.2798165137614679 0.3770491803278688 0.0871559633027523 0.39344262295081966
11 0.37270642201834864 0.39344262295081966 0.12614678899082568 0.36065573770491804
6 0.4908256880733945 0.430327868852459 0.09174311926605505 0.28688524590163933
3 0.8796885270429495 0.29598488223399394 0.05507394325939501 0.1990274924945872
0 0.9429625836106695 0.3009167888358345 0.04320472920652377 0.18024702661466982
1 0.9782110091743119 0.3073770491803279 0.04357798165137615 0.1885245901639344
7 0.6158256880733946 0.4016393442622951 0.1536697247706422 0.3442622950819672
0 0.8256880733944955 0.45491803278688525 0.16972477064220184 0.23770491803278687
10 0.016055045871559634 0.8647540983606558 0.03211009174311927 0.27049180327868855
1 0.06192660550458716 0.8729508196721312 0.07339449541284404 0.2540983606557377
5 0.1341743119266055 0.8688524590163934 0.08486238532110092 0.26229508196721313
11 0.22018348623853212 0.8647540983606558 0.10091743119266056 0.27049180327868855
6 0.31422018348623854 0.860655737704918 0.08256880733944955 0.2786885245901639
4 0.3956422018348624 0.8565573770491803 0.08486238532110092 0.28688524590163933
3 0.47477064220183485 0.8483606557377049 0.0779816513761468 0.30327868852459017
2 0.5240825688073395 0.8401639344262295 0.02981651376146789 0.319672131147541
10 0.5894495412844036 0.7786885245901639 0.10091743119266056 0.4098360655737705
1 0.6869266055045872 0.7868852459016393 0.11697247706422019 0.4262295081967213
11 0.8073394495412844 0.7909836065573771 0.15137614678899083 0.4180327868852459
9 0.9495412844036697 0.8032786885245902 0.10091743119266056 0.39344262295081966