10 0.09688090737240075 0.31851851851851853 0.0893194706994329 0.31851851851851853
1 0.16540642722117202 0.36666666666666664 0.054820415879017016 0.2851851851851852
1 0.20746691871455578 0.37962962962962965 0.05245746691871456 0.3
11 0.2585066162570889 0.4 0.06947069943289225 0.2962962962962963
6 0.31994328922495274 0.45185185185185184 0.055293005671077505 0.3037037037037037
9 0.3620037807183365 0.45925925925925926 0.04725897920604915 0.2796296296296296
2 0.4002835538752363 0.4777777777777778 0.04773156899810964 0.25555555555555554
3 0.43620037807183365 0.4962962962962963 0.05056710775047259 0.26481481481481484
3 0.7930056710775047 0.2740740740740741 0.04300567107750473 0.17592592592592593
0 0.8492438563327032 0.2796296296296296 0.038752362948960305 0.17592592592592593
1 0.8827977315689981 0.28888888888888886 0.04253308128544423 0.1685185185185185
0 0.5812854442344045 0.46296296296296297 0.0444234404536862 0.29444444444444445
2 0.6261814744801513 0.4777777777777778 0.06332703213610585 0.3037037037037037
4 0.6791115311909263 0.4925925925925926 0.05718336483931947 0.3037037037037037
11 0.7362948960302458 0.5055555555555555 0.07608695652173914 0.3055555555555556
3 0.804820415879017 0.5148148148148148 0.06143667296786389 0.28888888888888886
6 0.8591682419659735 0.5166666666666667 0.05954631379962193 0.2851851851851852
5 0.9144612476370511 0.5203703703703704 0.06332703213610585 0.2759259259259259
3 0.9621928166351607 0.5259259259259259 0.05860113421550094 0.26666666666666666
3 0.15122873345935728 0.9259259259259259 0.12287334593572778 0.14814814814814814
3 0.2783553875236295 0.9222222222222223 0.12003780718336483 0.15555555555555556
3 0.5080340264650284 0.9092592592592592 0.08223062381852551 0.1814814814814815
6 0.4017013232514178 0.9185185185185185 0.1285444234404537 0.16296296296296298
10 0.6082230623818525 0.9055555555555556 0.09688090737240075 0.1685185185185185
9 0.6833648393194707 0.8962962962962963 0.06190926275992439 0.14074074074074075
11 0.7433837429111532 0.8796296296296297 0.07703213610586011 0.15555555555555556
1 0.7991493383742911 0.8740740740740741 0.05623818525519849 0.1537037037037037
2 0.8468809073724007 0.8629629629629629 0.05718336483931947 0.1425925925925926
2 0.8927221172022685 0.8611111111111112 0.055765595463137994 0.14629629629629629
3 0.9390359168241966 0.8574074074074074 0.0609640831758034 0.15925925925925927