1 0.017932489451476793 0.28040540540540543 0.035864978902953586 0.38513513513513514
1 0.07040654854468636 0.2890226136810399 0.07742228524925115 0.4068205531972595
11 0.15908778938942744 0.3076418781941471 0.10690905295613264 0.39385737493613365
6 0.2626582278481013 0.33783783783783783 0.08227848101265822 0.3783783783783784
9 0.33649789029535865 0.34797297297297297 0.06962025316455696 0.3581081081081081
2 0.4029535864978903 0.3614864864864865 0.07172995780590717 0.3310810810810811
3 0.45358649789029537 0.36824324324324326 0.05063291139240506 0.31756756756756754
10 0.6118143459915611 0.28716216216216217 0.07805907172995781 0.1858108108108108
1 0.6677215189873418 0.2702702702702703 0.043248945147679324 0.1891891891891892
6 0.7078059071729957 0.2533783783783784 0.046413502109704644 0.17567567567567569
11 0.7521097046413502 0.23310810810810811 0.05907172995780591 0.1858108108108108
3 0.8185654008438819 0.20945945945945946 0.049578059071729956 0.17567567567567569
6 0.8618143459915611 0.1891891891891892 0.052742616033755275 0.17567567567567569
4 0.9092827004219409 0.17229729729729729 0.049578059071729956 0.1858108108108108
6 0.9546413502109705 0.15878378378378377 0.05590717299578059 0.17567567567567569
10 0.060126582278481014 0.8243243243243243 0.10759493670886076 0.35135135135135137
1 0.1571729957805907 0.831081081081081 0.07383966244725738 0.33783783783783783
6 0.2320675105485232 0.8378378378378378 0.08016877637130802 0.32432432432432434
11 0.3322784810126582 0.8513513513513513 0.11181434599156118 0.2972972972972973
1 0.4293248945147679 0.8682432432432432 0.07805907172995781 0.2635135135135135
10 0.5896624472573839 0.6452702702702703 0.10759493670886076 0.23648648648648649
1 0.6856540084388185 0.6655405405405406 0.06751054852320675 0.27702702702702703
5 0.7457805907172996 0.6655405405405406 0.06540084388185655 0.27702702702702703
11 0.8185654008438819 0.6824324324324325 0.08438818565400844 0.3108108108108108
7 0.8909343622138541 0.7016958014347049 0.06446947376902128 0.3255036141508694
8 0.9522262656750585 0.7309612266744501 0.06437127922497832 0.2984765871238424
9 0.989451476793249 0.7466216216216216 0.02109704641350211 0.31756756756756754