10 0.3045325779036827 0.3613861386138614 0.06515580736543909 0.22772277227722773
0 0.6487252124645893 0.36633663366336633 0.0453257790368272 0.19801980198019803
1 0.6968838526912181 0.3712871287128713 0.05099150141643059 0.2079207920792079
0 0.16572237960339944 0.6336633663366337 0.0821529745042493 0.33663366336633666
2 0.2535410764872521 0.6386138613861386 0.0821529745042493 0.3465346534653465
5 0.34419263456090654 0.6584158415841584 0.08781869688385269 0.36633663366336633
11 0.4447592067988669 0.6485148514851485 0.10198300283286119 0.3465346534653465
5 0.5538243626062322 0.6485148514851485 0.08781869688385269 0.32673267326732675
3 0.6473087818696884 0.6584158415841584 0.0821529745042493 0.3465346534653465
0 0.7351274787535411 0.6534653465346535 0.0764872521246459 0.33663366336633666
9 0.8215297450424929 0.6435643564356436 0.10198300283286119 0.33663366336633666