10 0.010542168674698794 0.11607142857142858 0.02108433734939759 0.23214285714285715
5 0.045180722891566265 0.3169642857142857 0.09036144578313253 0.33035714285714285
11 0.1350362928356095 0.27532182458857946 0.13731034700169542 0.3704349486223352
5 0.25147052469236986 0.20440959216156854 0.12145954582525637 0.3431297676638941
3 0.32981927710843373 0.16517857142857142 0.07530120481927711 0.33035714285714285
10 0.5301204819277109 0.1875 0.14909638554216867 0.17857142857142858
4 0.6370481927710844 0.16071428571428573 0.09939759036144578 0.15625
8 0.7018072289156626 0.13839285714285715 0.08433734939759036 0.13392857142857142
18 0.7906626506024096 0.125 0.11295180722891567 0.16071428571428573
5 0.463855421686747 0.3794642857142857 0.13102409638554216 0.20535714285714285
2 0.5753012048192772 0.36160714285714285 0.12349397590361445 0.20535714285714285
9 0.7063253012048193 0.32142857142857145 0.14156626506024098 0.21875
2 0.8373493975903614 0.3080357142857143 0.14457831325301204 0.21875
10 0.13253012048192772 0.5892857142857143 0.18072289156626506 0.21428571428571427
4 0.25301204819277107 0.5357142857142857 0.12650602409638553 0.10714285714285714
5 0.07680722891566265 0.8303571428571429 0.1536144578313253 0.3392857142857143
0 0.19578313253012047 0.7901785714285714 0.1566265060240964 0.41964285714285715
6 0.3042168674698795 0.7098214285714286 0.12650602409638553 0.41964285714285715
10 0.42319277108433734 0.75 0.11144578313253012 0.4107142857142857
7 0.5053297968043734 0.712880026598185 0.11321396145952675 0.36960380194597214
3 0.5994187546640789 0.7363931008457192 0.10037520847585878 0.3424025143220761
18 0.6812710960106206 0.7157308379558506 0.10613578479053971 0.33368172956259556
5 0.7586053650680058 0.6952244150678001 0.09081202375582305 0.32423369146129716
2 0.8221218971870596 0.6841140836137752 0.08531496751200336 0.34188304764934924
1 0.9063274865492194 0.6856693559607897 0.09932112819241382 0.3066882286077905
9 0.963855421686747 0.6651785714285714 0.07228915662650602 0.33035714285714285