10 0.2360335195530726 0.2553763440860215 0.06843575418994413 0.1693548387096774
0 0.5139664804469274 0.06451612903225806 0.05027932960893855 0.12903225806451613
1 0.5558659217877095 0.056451612903225805 0.05307262569832402 0.11290322580645161
0 0.138268156424581 0.4489247311827957 0.08659217877094973 0.17204301075268819
2 0.21089385474860337 0.41935483870967744 0.08798882681564246 0.21236559139784947
5 0.28631284916201116 0.3924731182795699 0.09497206703910614 0.24731182795698925
11 0.36731843575418993 0.33602150537634407 0.10474860335195531 0.2553763440860215
5 0.45670391061452514 0.271505376344086 0.09217877094972067 0.23655913978494625
3 0.5335195530726257 0.22580645161290322 0.08798882681564246 0.24731182795698925
0 0.6033519553072626 0.17204301075268819 0.0824022346368715 0.23387096774193547
9 0.6731843575418994 0.12096774193548387 0.10474860335195531 0.24193548387096775
10 0.86731843575419 0.1586021505376344 0.03910614525139665 0.17204301075268819
8 0.9008379888268156 0.11559139784946236 0.03212290502793296 0.16129032258064516
11 0.9343575418994413 0.07795698924731183 0.034916201117318434 0.15591397849462366
7 0.8491620111731844 0.3924731182795699 0.04888268156424581 0.271505376344086
0 0.8868715083798883 0.33602150537634407 0.0446927374301676 0.2661290322580645
6 0.9231843575418994 0.28763440860215056 0.046089385474860335 0.2661290322580645
0 0.9581005586592178 0.23387096774193547 0.04329608938547486 0.260752688172043
10 0.19972067039106145 0.7123655913978495 0.20251396648044692 0.17473118279569894
1 0.33798882681564246 0.6854838709677419 0.13268156424581007 0.1586021505376344
6 0.43435754189944137 0.6639784946236559 0.13547486033519554 0.15591397849462366
11 0.5600558659217877 0.6290322580645161 0.15921787709497207 0.16129032258064516
8 0.18435754189944134 0.8924731182795699 0.2276536312849162 0.20698924731182797
2 0.35614525139664804 0.8575268817204301 0.20949720670391062 0.20161290322580644
9 0.5153631284916201 0.8172043010752689 0.20949720670391062 0.1989247311827957
2 0.6759776536312849 0.7795698924731183 0.21787709497206703 0.20698924731182797
10 0.9008379888268156 0.8682795698924731 0.1871508379888268 0.26344086021505375