10 0.052884615384615384 0.14627659574468085 0.10576923076923077 0.2925531914893617
9 0.1550058518061717 0.2107215954061147 0.18232640120153165 0.30102892939852827
11 0.2840483223933131 0.27213752048433654 0.2163989185463845 0.33356276202986257
1 0.42788461538461536 0.32978723404255317 0.18269230769230768 0.2765957446808511
5 0.5048076923076923 0.35904255319148937 0.10576923076923077 0.21808510638297873
5 0.6971153846153846 0.07712765957446809 0.1891025641025641 0.15425531914893617
11 0.8573717948717948 0.13031914893617022 0.22756410256410256 0.26063829787234044
6 0.6105769230769231 0.18882978723404256 0.10576923076923077 0.3776595744680851
7 0.7467948717948718 0.2872340425531915 0.30128205128205127 0.3617021276595745
8 0.9134615384615384 0.34574468085106386 0.17307692307692307 0.23404255319148937
8 0.2724358974358974 0.5292553191489362 0.1794871794871795 0.12234042553191489
4 0.40224358974358976 0.574468085106383 0.1762820512820513 0.2127659574468085
3 0.13141025641025642 0.7925531914893617 0.26282051282051283 0.4148936170212766
9 0.391025641025641 0.8643617021276596 0.3076923076923077 0.2712765957446808
10 0.7483974358974359 0.6382978723404256 0.2532051282051282 0.3404255319148936
1 0.9006986293315641 0.7143386620529242 0.17861112518270283 0.3434583330850275
6 0.9567307692307693 0.773936170212766 0.08653846153846154 0.34574468085106386
8 0.6682692307692307 0.8617021276595744 0.20192307692307693 0.2765957446808511
2 0.8108974358974359 0.9122340425531915 0.2692307692307692 0.17553191489361702