11 0.0650887573964497 0.25961538461538464 0.1301775147928994 0.3525641025641026
1 0.18311037525296905 0.21245567500747461 0.13456789479338563 0.34170475825931934
5 0.29142011834319526 0.16987179487179488 0.13313609467455623 0.33974358974358976
7 0.39497041420118345 0.13141025641025642 0.12721893491124261 0.26282051282051283
10 0.5029585798816568 0.28525641025641024 0.08875739644970414 0.30128205128205127
8 0.5830940474526601 0.2777248535881653 0.0983762491546041 0.286391339340111
11 0.6688498210795262 0.264777253593241 0.11351349209233799 0.31371210149661877
1 0.7740085357018865 0.26246650894870277 0.08358334974632012 0.28471160282462893
2 0.8464076569201158 0.24782554361258408 0.09237300350892799 0.27930918832366175
8 0.9233307338431926 0.2390909137320773 0.09558984103767225 0.2988759048575274
1 0.9748520710059172 0.21474358974358973 0.05029585798816568 0.28846153846153844
11 0.0650887573964497 0.8269230769230769 0.1301775147928994 0.34615384615384615
9 0.18845214684026027 0.7809391828760044 0.14709090137891248 0.39433059875375637
5 0.30175487110750987 0.7231334168349974 0.14456275090906806 0.4260459335019418
2 0.3994082840236686 0.6474358974358975 0.11834319526627218 0.38461538461538464
10 0.5500014935789277 0.5685652808228031 0.1364073582043302 0.25870737222908247
4 0.6538461538461539 0.5 0.08284023668639054 0.1282051282051282
1 0.7174556213017751 0.46794871794871795 0.07988165680473373 0.0641025641025641
3 0.5251479289940828 0.8589743589743589 0.13313609467455623 0.28205128205128205
2 0.6514812813793988 0.7335930974511244 0.12474521044242794 0.27018409583720954
1 0.7831108731126116 0.6062959816322985 0.14301320502654366 0.3106613181173266
8 0.8875739644970414 0.532051282051282 0.13609467455621302 0.19230769230769232