1 0.07125 0.23255813953488372 0.1125 0.23255813953488372
5 0.16875 0.22965116279069767 0.1075 0.23837209302325582
7 0.27625 0.23255813953488372 0.1125 0.23255813953488372
0 0.3575 0.23255813953488372 0.065 0.23255813953488372
10 0.60125 0.09593023255813954 0.13375 0.10465116279069768
7 0.715 0.10465116279069768 0.09 0.09593023255813954
11 0.82125 0.10755813953488372 0.11375 0.10174418604651163
3 0.5175 0.2180232558139535 0.13125 0.12209302325581395
8 0.64 0.22093023255813954 0.135 0.12790697674418605
9 0.76125 0.2238372093023256 0.135 0.125
9 0.89 0.22965116279069767 0.14875 0.125
1 0.02875 0.75 0.0575 0.3488372093023256
1 0.10972900844264544 0.7635158474187314 0.11253098441459145 0.34912402869826126
11 0.21602264610496605 0.769210436449425 0.10507462207691219 0.3541256144794051
9 0.3310008272738058 0.7845737180377764 0.11498734675227099 0.3435808644456319
10 0.6488935662346907 0.6360707292169503 0.15148368051889846 0.21392177274921467
8 0.766502660390492 0.6342629395759282 0.09135276753193694 0.18998097062627306
11 0.8641772110397742 0.6215679058164061 0.11894004285657786 0.20458755919618718
8 0.52 0.8633720930232558 0.17 0.27325581395348836
9 0.6825 0.8633720930232558 0.165 0.27325581395348836
2 0.84 0.8575581395348837 0.165 0.28488372093023256
6 0.95875 0.8546511627906976 0.0825 0.29069767441860467