10 0.06716417910447761 0.4364406779661017 0.08955223880597014 0.2966101694915254
9 0.13712686567164178 0.3771186440677966 0.06063432835820896 0.2648305084745763
11 0.1921641791044776 0.336864406779661 0.07649253731343283 0.2966101694915254
1 0.251865671641791 0.2944915254237288 0.06343283582089553 0.2711864406779661
5 0.3003731343283582 0.2627118644067797 0.0625 0.2902542372881356
7 0.353544776119403 0.211864406779661 0.06343283582089553 0.2754237288135593
0 0.4039179104477612 0.17372881355932204 0.06063432835820896 0.2690677966101695
10 0.6063432835820896 0.18220338983050846 0.14272388059701493 0.1864406779661017
6 0.7201492537313433 0.1716101694915254 0.10167910447761194 0.1652542372881356
11 0.816231343283582 0.15677966101694915 0.13152985074626866 0.20127118644067796
2 0.5699626865671642 0.4004237288135593 0.18003731343283583 0.2605932203389831
5 0.7238805970149254 0.3983050847457627 0.1921641791044776 0.2966101694915254
3 0.8927238805970149 0.3813559322033898 0.1921641791044776 0.2817796610169492
10 0.06063432835820896 0.7711864406779662 0.12126865671641791 0.288135593220339
7 0.15111940298507462 0.7330508474576272 0.1044776119402985 0.211864406779661
9 0.2453358208955224 0.7330508474576272 0.125 0.211864406779661
18 0.3675373134328358 0.7351694915254238 0.16417910447761194 0.21610169491525424
5 0.5569029850746269 0.8135593220338984 0.21455223880597016 0.3728813559322034
4 0.7509328358208955 0.8008474576271186 0.2294776119402985 0.3474576271186441
4 0.9244402985074627 0.7690677966101694 0.15111940298507462 0.2838983050847458