10 0.18115942028985507 0.15384615384615385 0.1358695652173913 0.2668269230769231
8 0.27898550724637683 0.23557692307692307 0.09601449275362318 0.2548076923076923
11 0.358695652173913 0.31009615384615385 0.1213768115942029 0.27163461538461536
8 0.06159420289855073 0.27403846153846156 0.12318840579710146 0.3269230769230769
4 0.16666666666666666 0.37740384615384615 0.1539855072463768 0.3293269230769231
2 0.286231884057971 0.4543269230769231 0.15217391304347827 0.2644230769230769
8 0.40398550724637683 0.5120192307692307 0.14673913043478262 0.1466346153846154
4 0.6032608695652174 0.3918269230769231 0.09057971014492754 0.3317307692307692
3 0.7373188405797102 0.47115384615384615 0.2427536231884058 0.23076923076923078
3 0.6213768115942029 0.1346153846153846 0.12681159420289856 0.22115384615384615
11 0.7577711327292546 0.21512764911832571 0.16344915646999425 0.23859326626345284
10 0.03804347826086957 0.8677884615384616 0.07608695652173914 0.1875
6 0.1212437761475045 0.8922853746486077 0.11648402857584517 0.18201155981486258
11 0.21159683164616255 0.875795140699095 0.12309642956478774 0.1730123570434737
7 0.3316375309044556 0.8787506026634875 0.09646615907890478 0.1516249513587191
7 0.40521075671003803 0.8680854980265227 0.08496261803886179 0.14108529397734074
2 0.46460821680375775 0.851380337393874 0.06983588859302192 0.1302375456739645
6 0.5166008061302204 0.8364628410710755 0.06779763974385371 0.15396791629042816
10 0.7246376811594203 0.6802884615384616 0.2753623188405797 0.1875
1 0.8876811594202898 0.7139423076923077 0.18840579710144928 0.2548076923076923
6 0.9528985507246377 0.7427884615384616 0.09420289855072464 0.3125
8 0.6322463768115942 0.8389423076923077 0.14855072463768115 0.32211538461538464
2 0.7590579710144928 0.8894230769230769 0.286231884057971 0.22115384615384615
9 0.9057971014492754 0.9350961538461539 0.18840579710144928 0.12980769230769232