10 0.20567986230636834 0.23148148148148148 0.1316695352839931 0.2777777777777778
8 0.30120481927710846 0.16898148148148148 0.09337349397590361 0.24768518518518517
11 0.37865748709122204 0.12037037037037036 0.11703958691910499 0.24074074074074073
8 0.12994836488812392 0.5092592592592593 0.1527538726333907 0.25925925925925924
4 0.25 0.4525462962962963 0.14802065404475043 0.3136574074074074
2 0.36790017211703957 0.3738425925925926 0.14802065404475043 0.3194444444444444
8 0.4827882960413081 0.2951388888888889 0.14586919104991394 0.3136574074074074
10 0.6320998278829604 0.2824074074074074 0.1144578313253012 0.3194444444444444
1 0.6880378657487092 0.2986111111111111 0.08648881239242685 0.2789351851851852
5 0.7289156626506024 0.2986111111111111 0.08304647160068847 0.2650462962962963
11 0.7831325301204819 0.3125 0.10413080895008606 0.3055555555555556
8 0.8395008605851979 0.3298611111111111 0.08304647160068847 0.2650462962962963
5 0.8846815834767642 0.3229166666666667 0.09337349397590361 0.28587962962962965
6 0.9376075731497419 0.3368055555555556 0.09337349397590361 0.28587962962962965
8 0.9750430292598967 0.35300925925925924 0.04948364888123924 0.27199074074074076
10 0.19578313253012047 0.8194444444444444 0.2521514629948365 0.3611111111111111
1 0.36058519793459554 0.7962962962962963 0.20309810671256454 0.3148148148148148
11 0.48709122203098104 0.7465277777777778 0.16523235800344235 0.2152777777777778
10 0.6975043029259896 0.7858796296296297 0.08691910499139414 0.09027777777777778
18 0.846815834767642 0.7013888888888888 0.07444061962134252 0.08796296296296297
6 0.7654905335628227 0.75 0.06282271944922548 0.09259259259259259
5 0.8059380378657487 0.7291666666666666 0.06239242685025818 0.09027777777777778
8 0.7000860585197934 0.9178240740740741 0.11230636833046471 0.1412037037037037
1 0.7706540447504303 0.8796296296296297 0.11144578313253012 0.1550925925925926
9 0.8455249569707401 0.84375 0.11746987951807229 0.1550925925925926
1 0.9221170395869192 0.8043981481481481 0.12134251290877797 0.1527777777777778