10 0.1220125786163522 0.18095238095238095 0.1509433962264151 0.11428571428571428
8 0.22578616352201258 0.1380952380952381 0.09371069182389936 0.08095238095238096
4 0.29559748427672955 0.11619047619047619 0.09433962264150944 0.08952380952380952
18 0.410062893081761 0.07333333333333333 0.10628930817610063 0.09047619047619047
9 0.08553459119496855 0.31333333333333335 0.15723270440251572 0.11142857142857143
3 0.21132075471698114 0.27904761904761904 0.15471698113207547 0.1438095238095238
9 0.35471698113207545 0.22857142857142856 0.16163522012578616 0.13904761904761906
5 0.5163522012578616 0.1761904761904762 0.1591194968553459 0.1523809523809524
10 0.7572327044025158 0.15904761904761905 0.09371069182389936 0.12761904761904763
6 0.8220125786163522 0.10380952380952381 0.06037735849056604 0.09428571428571429
11 0.8710691823899371 0.06571428571428571 0.07358490566037736 0.10571428571428572
4 0.7528301886792453 0.27714285714285714 0.15031446540880503 0.1838095238095238
2 0.8786163522012579 0.16380952380952382 0.13962264150943396 0.1895238095238095
10 0.14842767295597484 0.6276190476190476 0.16981132075471697 0.20666666666666667
7 0.26855345911949685 0.5666666666666667 0.1270440251572327 0.18476190476190477
11 0.37735849056603776 0.5009523809523809 0.14088050314465408 0.1819047619047619
2 0.14528301886792452 0.8590476190476191 0.18805031446540882 0.2819047619047619
7 0.2559748427672956 0.800952380952381 0.18364779874213835 0.2742857142857143
8 0.3641509433962264 0.7390476190476191 0.18805031446540882 0.28285714285714286
5 0.4748427672955975 0.679047619047619 0.18867924528301888 0.2885714285714286
10 0.8202346679952787 0.6642934775009581 0.21023772821249964 0.28172872657239817
4 0.9339622641509434 0.5895238095238096 0.1320754716981132 0.24952380952380954
7 0.789937106918239 0.9 0.24654088050314465 0.2
1 0.9150943396226415 0.861904761904762 0.16981132075471697 0.2761904761904762
4 0.9735849056603774 0.7961904761904762 0.052830188679245285 0.3314285714285714