10 0.18093922651933703 0.1059322033898305 0.1464088397790055 0.18114406779661016
8 0.2921270718232044 0.1504237288135593 0.08770718232044199 0.1281779661016949
4 0.3632596685082873 0.1885593220338983 0.08839779005524862 0.1408898305084746
18 0.48204419889502764 0.2457627118644068 0.10013812154696132 0.1440677966101695
9 0.07251381215469613 0.2542372881355932 0.14019337016574585 0.22033898305084745
3 0.20234806629834254 0.3135593220338983 0.1457182320441989 0.225635593220339
9 0.3494475138121547 0.3866525423728814 0.15400552486187846 0.21927966101694915
5 0.5082872928176796 0.4364406779661017 0.14019337016574585 0.1652542372881356
10 0.6602209944751382 0.15148305084745764 0.08839779005524862 0.2860169491525424
1 0.7203038674033149 0.2129237288135593 0.06077348066298342 0.2849576271186441
6 0.7596685082872928 0.2669491525423729 0.05939226519337017 0.2807203389830508
11 0.8038674033149171 0.3326271186440678 0.07665745856353591 0.3050847457627119
5 0.8611878453038674 0.3961864406779661 0.06077348066298342 0.2457627118644068
7 0.8998618784530387 0.4216101694915254 0.058011049723756904 0.19491525423728814
1 0.93646408839779 0.4449152542372881 0.05662983425414365 0.1472457627118644
5 0.9723756906077348 0.4724576271186441 0.055248618784530384 0.09216101694915255
10 0.2874725196052181 0.707272880877375 0.21161876471418065 0.3108824261027491
2 0.4552907765867712 0.7677547610974343 0.1684796036871702 0.28587067951044076
9 0.5338397790055248 0.774364406779661 0.08977900552486189 0.2648305084745763
6 0.25828729281767954 0.8940677966101694 0.3370165745856354 0.211864406779661
0 0.44129834254143646 0.9247881355932204 0.255524861878453 0.1504237288135593
10 0.7734806629834254 0.6610169491525424 0.0835635359116022 0.1461864406779661
8 0.8308011049723757 0.7044491525423728 0.0531767955801105 0.11758474576271187
11 0.8791436464088398 0.736228813559322 0.06698895027624309 0.13029661016949154
8 0.694060773480663 0.7478813559322034 0.10359116022099447 0.2457627118644068
9 0.7727900552486188 0.8072033898305084 0.10082872928176796 0.23940677966101695
2 0.8494475138121547 0.861228813559322 0.10082872928176796 0.23940677966101695
6 0.9288674033149171 0.9014830508474576 0.10082872928176796 0.19703389830508475