15 0.050595238095238096 0.36419753086419754 0.10119047619047619 0.38271604938271603
1 0.1865079365079365 0.28703703703703703 0.1626984126984127 0.5370370370370371
13 0.32043650793650796 0.2222222222222222 0.21626984126984128 0.4444444444444444
7 0.4742063492063492 0.1111111111111111 0.13095238095238096 0.2222222222222222
10 0.6021825396825397 0.30864197530864196 0.125 0.3611111111111111
4 0.6765873015873016 0.24691358024691357 0.11607142857142858 0.345679012345679
16 0.75 0.2037037037037037 0.12400793650793651 0.36728395061728397
5 0.816468253968254 0.16049382716049382 0.11408730158730158 0.32098765432098764
0 0.8759920634920635 0.13580246913580246 0.10912698412698413 0.2716049382716049
5 0.9384920634920635 0.11728395061728394 0.11210317460317461 0.2345679012345679
8 0.10119047619047619 0.7870370370370371 0.19444444444444445 0.42592592592592593
9 0.2361111111111111 0.7685185185185185 0.19047619047619047 0.42592592592592593
2 0.36904761904761907 0.6882716049382716 0.19444444444444445 0.2654320987654321
10 0.6941436164821543 0.7550100608085119 0.06139467973698205 0.18189764086373547
0 0.9315476190476191 0.5709876543209876 0.04563492063492063 0.030864197530864196
0 0.6081349206349206 0.9382716049382716 0.07738095238095238 0.12345679012345678
2 0.6676587301587301 0.9074074074074074 0.08134920634920635 0.18518518518518517
5 0.7321428571428571 0.8765432098765432 0.0873015873015873 0.24691358024691357
11 0.8023351655025522 0.8233135445131395 0.09647735387240028 0.2858391499287273
5 0.8779375354832855 0.7465290517139266 0.08572255835441876 0.2595302678520901
3 0.9424603174603174 0.6882716049382716 0.08333333333333333 0.2654320987654321
0 0.9821428571428571 0.6512345679012346 0.03571428571428571 0.19135802469135801