15 0.07800511508951406 0.1076158940397351 0.10358056265984655 0.2144039735099338
1 0.16624040920716113 0.14321192052980133 0.0639386189258312 0.28642384105960267
13 0.22250639386189258 0.17549668874172186 0.08695652173913043 0.3509933774834437
7 0.29092071611253195 0.23509933774834438 0.061381074168797956 0.320364238410596
3 0.3312020460358056 0.2806291390728477 0.06010230179028133 0.3038079470198676
2 0.3734015345268542 0.30132450331125826 0.05690537084398977 0.2541390728476821
3 0.4117647058823529 0.31870860927152317 0.056265984654731455 0.21357615894039736
10 0.5556265984654731 0.041390728476821195 0.23145780051150894 0.08278145695364239
3 0.7416879795396419 0.042218543046357616 0.14578005115089515 0.08443708609271523
11 0.8983375959079284 0.052152317880794705 0.1649616368286445 0.10430463576158941
9 0.4929667519181586 0.14486754966887416 0.10613810741687979 0.26655629139072845
1 0.618729509672771 0.1750845807213545 0.24450428263249374 0.2765227255506319
5 0.8057127440250004 0.1891061297038188 0.24961937214656038 0.27663832200711014
2 0.940537084398977 0.20033112582781457 0.11892583120204604 0.23841059602649006
10 0.10421994884910486 0.5769867549668874 0.08823529411764706 0.22682119205298013
1 0.1585677749360614 0.6233443708609272 0.061381074168797956 0.19619205298013245
2 0.1956521739130435 0.6473509933774835 0.05690537084398977 0.19205298013245034
11 0.23593350383631714 0.6754966887417219 0.07352941176470588 0.222682119205298
7 0.29731457800511507 0.7326158940397351 0.06265984654731457 0.19619205298013245
2 0.3350383631713555 0.7566225165562914 0.06074168797953964 0.2144039735099338
8 0.3721227621483376 0.777317880794702 0.06649616368286446 0.21109271523178808
8 0.4092071611253197 0.804635761589404 0.061381074168797956 0.2152317880794702
10 0.5453964194373402 0.5894039735099338 0.10421994884910486 0.26158940397350994
9 0.6099744245524297 0.6043046357615894 0.0748081841432225 0.2913907284768212
11 0.671994884910486 0.6548013245033113 0.09910485933503836 0.3228476821192053
6 0.7672634271099744 0.7119205298013245 0.07800511508951406 0.2980132450331126
2 0.828005115089514 0.7450331125827815 0.07800511508951406 0.3038079470198676
4 0.8919437340153452 0.7814569536423841 0.08951406649616368 0.31043046357615894
4 0.9552429667519181 0.7980132450331126 0.08631713554987212 0.304635761589404