10 0.06832298136645963 0.18045112781954886 0.09394409937888198 0.33270676691729323
1 0.125 0.20864661654135339 0.059782608695652176 0.2744360902255639
7 0.15916149068322982 0.2349624060150376 0.06133540372670807 0.3007518796992481
11 0.20186335403726707 0.2593984962406015 0.07763975155279502 0.31954887218045114
7 0.2554347826086957 0.29135338345864664 0.06288819875776397 0.2951127819548872
4 0.29270186335403725 0.31954887218045114 0.059782608695652176 0.2951127819548872
2 0.327639751552795 0.33458646616541354 0.06133540372670807 0.29135338345864664
6 0.36335403726708076 0.34210526315789475 0.06444099378881987 0.26127819548872183
10 0.484472049689441 0.20864661654135339 0.13043478260869565 0.41729323308270677
1 0.5619080209091791 0.24449576563779138 0.10965324527944295 0.41536016475296833
5 0.6200203939098896 0.28433370100777744 0.10812755194005307 0.42639744703952637
11 0.6921305069331583 0.3126049213176879 0.12835002293266767 0.44456691265261794
4 0.7958074534161491 0.3383458646616541 0.13819875776397517 0.39849624060150374
7 0.890527950310559 0.3609022556390977 0.13819875776397517 0.3533834586466165
0 0.9604037267080745 0.3890977443609023 0.07919254658385093 0.29699248120300753
10 0.14673913043478262 0.6353383458646616 0.1063664596273292 0.19548872180451127
1 0.20729813664596272 0.6672932330827067 0.06677018633540373 0.16729323308270677
6 0.2531055900621118 0.6898496240601504 0.07142857142857142 0.17105263157894737
11 0.3082298136645963 0.7161654135338346 0.08850931677018634 0.18984962406015038
9 0.07220496894409938 0.7612781954887218 0.10015527950310558 0.18796992481203006
6 0.1498447204968944 0.7988721804511278 0.0986024844720497 0.18984962406015038
7 0.22826086956521738 0.8364661654135338 0.1063664596273292 0.19924812030075187
4 0.3082298136645963 0.8759398496240601 0.10326086956521739 0.19172932330827067
10 0.625 0.6466165413533834 0.14673913043478262 0.17481203007518797
5 0.71972049689441 0.6691729323308271 0.10015527950310558 0.15225563909774437
16 0.8152173913043478 0.6954887218045113 0.14673913043478262 0.17481203007518797
2 0.5527950310559007 0.7612781954887218 0.13975155279503104 0.18421052631578946
2 0.65527950310559 0.7913533834586466 0.1327639751552795 0.18045112781954886
9 0.7600931677018633 0.8157894736842105 0.1281055900621118 0.17105263157894737
5 0.8625776397515528 0.8458646616541353 0.1327639751552795 0.17105263157894737