10 0.08385744234800839 0.32325581395348835 0.11320754716981132 0.30697674418604654
1 0.15723270440251572 0.29534883720930233 0.06551362683438156 0.27209302325581397
7 0.20335429769392033 0.28837209302325584 0.06865828092243187 0.2988372093023256
11 0.2583857442348008 0.26976744186046514 0.09014675052410902 0.3058139534883721
7 0.32914046121593293 0.24767441860465117 0.07285115303983228 0.2941860465116279
4 0.3778825995807128 0.23953488372093024 0.06656184486373165 0.2941860465116279
2 0.4250524109014675 0.22906976744186047 0.06918238993710692 0.30465116279069765
6 0.4690775681341719 0.22209302325581395 0.06184486373165619 0.31511627906976747
3 0.7631027253668763 0.10930232558139535 0.04612159329140461 0.10465116279069768
0 0.8060796645702306 0.08488372093023255 0.03878406708595388 0.08953488372093023
3 0.8275681341719078 0.06046511627906977 0.03668763102725367 0.10465116279069768
0 0.589098532494759 0.40813953488372096 0.08123689727463312 0.17790697674418604
0 0.6425576519916143 0.37790697674418605 0.0749475890985325 0.17790697674418604
1 0.6939203354297694 0.3453488372093023 0.0870020964360587 0.17325581395348838
11 0.7583857442348009 0.30465116279069765 0.10272536687631027 0.18372093023255814
0 0.8370020964360587 0.26046511627906976 0.07127882599580712 0.16744186046511628
1 0.8820754716981132 0.2255813953488372 0.07180293501048218 0.17325581395348838
6 0.9234800838574424 0.2058139534883721 0.0639412997903564 0.14651162790697675
5 0.9659329140461216 0.17325581395348838 0.0649895178197065 0.16744186046511628
10 0.13731656184486374 0.6965116279069767 0.11006289308176101 0.14186046511627906
6 0.22536687631027252 0.6697674418604651 0.07337526205450734 0.14069767441860465
1 0.279874213836478 0.6569767441860465 0.06761006289308176 0.14534883720930233
18 0.3390985324947589 0.6290697674418605 0.09486373165618449 0.14186046511627906
2 0.12264150943396226 0.8674418604651163 0.11268343815513626 0.18023255813953487
9 0.2138364779874214 0.8383720930232558 0.11215932914046121 0.1755813953488372
3 0.30974842767295596 0.8290697674418605 0.120020964360587 0.20465116279069767
7 0.4119496855345912 0.7872093023255814 0.13469601677148846 0.19534883720930232
0 0.7783018867924528 0.6616279069767442 0.23375262054507337 0.2441860465116279
6 0.9407756813417191 0.6476744186046511 0.11844863731656184 0.21627906976744185
10 0.7075471698113207 0.9034883720930232 0.2138364779874214 0.1930232558139535
18 0.890461215932914 0.8906976744186047 0.1918238993710692 0.2186046511627907