10 0.047244094488188976 0.246875 0.09448818897637795 0.33125
1 0.14810193369555313 0.2570617193911026 0.10843363187654073 0.33787136760421677
7 0.23848128195398707 0.2722940830409867 0.10854818710582621 0.34412136760421674
11 0.34663444326013465 0.2855474526223697 0.14375214751339693 0.3339133794672148
7 0.48246121491367794 0.2943334980971957 0.10854818710582616 0.34412136760421674
4 0.5433070866141733 0.3125 0.047244094488188976 0.35
5 0.6240157480314961 0.178125 0.1141732283464567 0.29375
9 0.7356325487581836 0.22273443482787258 0.11516209533171733 0.27588070357377187
18 0.8588464101846812 0.2745064763483659 0.14363759228411146 0.3276633794672148
4 0.9586614173228346 0.29375 0.08267716535433071 0.275
3 0.01968503937007874 0.75625 0.03937007874015748 0.3
11 0.09760816270906139 0.7765544545995361 0.1313683477449222 0.30189937551288215
6 0.20373554246355832 0.7928054901885304 0.10763174527154225 0.29412136760421675
1 0.29203183155569884 0.8141605198460254 0.09582072164949512 0.293357363649884
5 0.38027084303319675 0.838640549503521 0.11550576101957385 0.29463070357377175
0 0.47279052807256683 0.8446252471457936 0.11145419791627252 0.28812603558899424
10 0.6456692913385826 0.671875 0.15748031496062992 0.29375
6 0.8118314261550632 0.7038358320895846 0.14329392659625492 0.3089133794672148
11 0.9330708661417323 0.709375 0.13385826771653545 0.33125
6 0.6692913385826772 0.928125 0.2047244094488189 0.14375
2 0.8562992125984252 0.94375 0.18503937007874016 0.1125