10 0.05023364485981308 0.3155737704918033 0.10046728971962617 0.4672131147540984
1 0.12287854816857582 0.3614343117473208 0.08058320249704591 0.4579746790750449
7 0.17604469804086953 0.3915099810054017 0.08077392512528447 0.46617140038652033
11 0.2384612809915673 0.42663801184507333 0.10161123988022341 0.46012118115821393
7 0.3184012284282463 0.4635547944207192 0.0807739251252844 0.46617140038652033
4 0.35046728971962615 0.47950819672131145 0.037383177570093455 0.4344262295081967
10 0.4439252336448598 0.3073770491803279 0.14953271028037382 0.5
8 0.5728117374073672 0.39571527173001514 0.13179434902768591 0.45502496285576083
11 0.6997663551401869 0.4672131147540984 0.15654205607476634 0.45901639344262296
2 0.8329439252336449 0.5122950819672131 0.12383177570093458 0.36885245901639346
9 0.9427570093457944 0.5573770491803278 0.11448598130841121 0.2786885245901639
10 0.12383177570093458 0.8483606557377049 0.24766355140186916 0.30327868852459017
4 0.29906542056074764 0.8483606557377049 0.14018691588785046 0.30327868852459017
10 0.48130841121495327 0.8401639344262295 0.1542056074766355 0.28688524590163933
3 0.6121495327102804 0.8483606557377049 0.11214953271028037 0.30327868852459017
16 0.7254672897196262 0.8483606557377049 0.16121495327102803 0.30327868852459017
3 0.8539719626168224 0.8483606557377049 0.10981308411214953 0.30327868852459017
9 0.9404205607476636 0.8524590163934426 0.11448598130841121 0.29508196721311475