0 0.0947867298578199 0.24801587301587302 0.07345971563981042 0.19047619047619047
2 0.15876777251184834 0.26785714285714285 0.07227488151658767 0.20436507936507936
3 0.22511848341232227 0.2857142857142857 0.07227488151658767 0.2123015873015873
11 0.31635071090047395 0.30753968253968256 0.09597156398104266 0.2003968253968254
6 0.0533175355450237 0.44047619047619047 0.1066350710900474 0.2698412698412698
4 0.1528436018957346 0.4603174603174603 0.10545023696682465 0.2698412698412698
7 0.254739336492891 0.4880952380952381 0.10781990521327015 0.25595238095238093
7 0.3590047393364929 0.5119047619047619 0.10781990521327015 0.25595238095238093
10 0.48696682464454977 0.15476190476190477 0.07819905213270142 0.25396825396825395
7 0.542654028436019 0.1865079365079365 0.05687203791469194 0.19444444444444445
7 0.5924170616113744 0.23214285714285715 0.061611374407582936 0.2123015873015873
18 0.6646919431279621 0.2896825396825397 0.08293838862559241 0.23809523809523808
9 0.7819905213270142 0.3888888888888889 0.06279620853080568 0.1884920634920635
1 0.8518957345971564 0.45436507936507936 0.052132701421800945 0.19444444444444445
7 0.8969194312796208 0.5059523809523809 0.0533175355450237 0.2123015873015873
1 0.9454976303317536 0.5357142857142857 0.0533175355450237 0.20634920634920634
9 0.05687203791469194 0.8492063492063492 0.11374407582938388 0.2222222222222222
11 0.17654028436018956 0.8611111111111112 0.15876777251184834 0.24603174603174602
7 0.3009478672985782 0.8670634920634921 0.12322274881516587 0.25793650793650796
5 0.3957345971563981 0.8690476190476191 0.10426540284360189 0.2619047619047619
1 0.54739336492891 0.8690476190476191 0.1895734597156398 0.2619047619047619
7 0.7417061611374408 0.8690476190476191 0.23222748815165878 0.2619047619047619
9 0.9218009478672986 0.8690476190476191 0.15639810426540285 0.2619047619047619