0 0.10242085661080075 0.32978723404255317 0.06890130353817504 0.19946808510638298
2 0.1568901303538175 0.26684397163120566 0.06750465549348231 0.21010638297872342
3 0.2122905027932961 0.20124113475177305 0.06890130353817504 0.2154255319148936
11 0.28910614525139666 0.10904255319148937 0.08659217877094973 0.21808510638297873
6 0.08519553072625698 0.4778368794326241 0.10102420856610801 0.22695035460992907
4 0.1685288640595903 0.4015957446808511 0.0972998137802607 0.2828014184397163
7 0.25465549348230915 0.2987588652482269 0.0972998137802607 0.2730496453900709
7 0.3407821229050279 0.19326241134751773 0.0972998137802607 0.2730496453900709
10 0.436219739292365 0.24202127659574468 0.05307262569832402 0.2925531914893617
1 0.5052557204454344 0.16511551545002118 0.1161849289301742 0.24299192812742554
8 0.5935754189944135 0.10815602836879433 0.11824953445065177 0.21631205673758866
11 0.7001862197392924 0.07535460992907801 0.14711359404096835 0.15070921985815602
5 0.5125698324022346 0.4078014184397163 0.20577281191806332 0.3829787234042553
1 0.6755497762858933 0.30464717384420215 0.20196154258139556 0.38171870662440865
3 0.8370577281191807 0.20212765957446807 0.21042830540037244 0.40425531914893614
10 0.11592178770949721 0.7668439716312057 0.10474860335195531 0.15425531914893617
5 0.19506517690875233 0.7021276595744681 0.06983240223463687 0.13297872340425532
16 0.2616387337057728 0.6560283687943262 0.08519553072625698 0.11347517730496454
1 0.14059590316573556 0.8608156028368794 0.08752327746741155 0.15425531914893617
3 0.2122905027932961 0.8023049645390071 0.08426443202979515 0.15780141843971632
0 0.2746741154562384 0.7429078014184397 0.0782122905027933 0.1427304964539007
7 0.4995344506517691 0.8120567375886525 0.17970204841713222 0.375886524822695
4 0.6727188081936686 0.7641843971631206 0.28584729981378026 0.32978723404255317
3 0.8822160148975792 0.675531914893617 0.23556797020484171 0.1524822695035461