0 0.02 0.12804878048780488 0.04 0.15853658536585366
2 0.11818477565882278 0.13660463867286574 0.15321014956078477 0.16662798317491717
3 0.2720684151241319 0.14365067754218105 0.157256693774661 0.172938475671818
11 0.454 0.1402439024390244 0.148 0.18292682926829268
4 0.1168815376702853 0.3073363459899389 0.23367559169954824 0.2318622233568376
7 0.3587419050286562 0.31274667187865396 0.23767559169954802 0.23207515487812874
7 0.502 0.3170731707317073 0.052 0.21951219512195122
6 0.664 0.1402439024390244 0.208 0.2804878048780488
7 0.876 0.14329268292682926 0.224 0.2865853658536585
1 0.042 0.7012195121951219 0.084 0.24390243902439024
11 0.14364951719924487 0.7322879571619183 0.1379083127689298 0.25723967172389883
3 0.28734697980904866 0.7642565687369005 0.12967559169954826 0.22632600380326792
2 0.40702117031191437 0.8005515499274345 0.10976868012730075 0.2374564681480317
4 0.492 0.8140243902439024 0.072 0.23780487804878048
10 0.722 0.5487804878048781 0.252 0.15853658536585366
1 0.908 0.5274390243902439 0.144 0.11585365853658537
3 0.594 0.8262195121951219 0.132 0.3475609756097561
4 0.794 0.8170731707317073 0.244 0.36585365853658536
7 0.964 0.8048780487804879 0.072 0.3780487804878049