0 0.11104060913705584 0.2538910505836576 0.10152284263959391 0.1605058365758755
2 0.19098984771573604 0.20233463035019456 0.09898477157360407 0.1605058365758755
3 0.2696700507614213 0.14883268482490272 0.10406091370558376 0.16926070038910507
11 0.3800761421319797 0.08463035019455253 0.13324873096446702 0.16926070038910507
6 0.08375634517766498 0.35116731517509725 0.15228426395939088 0.13326848249027237
4 0.2068527918781726 0.3093385214007782 0.14784263959390864 0.2178988326848249
7 0.3299492385786802 0.23346303501945526 0.1484771573604061 0.23540856031128404
7 0.44225888324873097 0.15369649805447472 0.12880710659898478 0.2178988326848249
10 0.6916243654822335 0.14396887159533073 0.2563451776649746 0.28793774319066145
4 0.8496192893401016 0.10019455252918288 0.16370558375634517 0.20038910505836577
4 0.9371827411167513 0.08365758754863813 0.12563451776649745 0.16731517509727625
4 0.6161167512690355 0.3219844357976654 0.21446700507614214 0.1926070038910506
3 0.8039340101522843 0.28793774319066145 0.2626903553299492 0.2607003891050584
4 0.9371827411167513 0.2616731517509728 0.12563451776649745 0.3132295719844358
10 0.07741116751269035 0.867704280155642 0.12944162436548223 0.26459143968871596
7 0.16243654822335024 0.8258754863813229 0.1065989847715736 0.34824902723735407
11 0.23413705583756345 0.7480544747081712 0.10723350253807107 0.37937743190661477
6 0.29885786802030456 0.6702334630350194 0.09898477157360407 0.3842412451361868
1 0.3553299492385787 0.5972762645914397 0.08692893401015228 0.34824902723735407
3 0.4086294416243655 0.5642023346303502 0.08819796954314721 0.2908560311284047
9 0.46446700507614214 0.5223735408560312 0.08883248730964467 0.20817120622568094
10 0.616751269035533 0.6614785992217899 0.14974619289340102 0.2198443579766537
3 0.7144670050761421 0.5992217898832685 0.11865482233502538 0.19844357976653695
11 0.7950507614213198 0.5408560311284046 0.13007614213197968 0.19455252918287938
2 0.5875634517766497 0.8852140077821011 0.1567258883248731 0.22859922178988326
6 0.6954314720812182 0.8424124513618677 0.1713197969543147 0.2908560311284047
0 0.8039340101522843 0.7645914396887159 0.1548223350253807 0.26653696498054474
8 0.9067258883248731 0.6799610894941635 0.1732233502538071 0.29377431906614787