10 0.04576271186440678 0.13135593220338984 0.09152542372881356 0.2627118644067797
3 0.14858710255864663 0.183405432683517 0.10082298225665948 0.26128497901583825
11 0.25128630802365665 0.22277069004955868 0.1334407471132466 0.2876455087442815
7 0.351477671859484 0.2600912613147683 0.09736408924383826 0.25694908025762564
5 0.43082790753907746 0.2768417082933828 0.0952547989635223 0.23147604613275663
9 0.5 0.288135593220339 0.07796610169491526 0.2033898305084746
5 0.8161016949152542 0.09110169491525423 0.15084745762711865 0.18220338983050846
11 0.9305084745762712 0.11440677966101695 0.13898305084745763 0.2288135593220339
10 0.06949152542372881 0.5190677966101694 0.09830508474576272 0.21398305084745764
6 0.15423728813559323 0.597457627118644 0.06610169491525424 0.15677966101694915
3 0.21271186440677967 0.6652542372881356 0.061016949152542375 0.1652542372881356
18 0.27288135593220336 0.7266949152542372 0.07372881355932204 0.1906779661016949
4 0.3364406779661017 0.7923728813559322 0.0788135593220339 0.17796610169491525
7 0.4067796610169492 0.8580508474576272 0.07372881355932204 0.1864406779661017
0 0.47203389830508474 0.9173728813559322 0.06271186440677966 0.13983050847457626
4 0.5610169491525424 0.6949152542372882 0.04406779661016949 0.3050847457627119
16 0.6646758576944379 0.7257753454024098 0.16931021746961544 0.3056300728241576
7 0.7970706113607737 0.7621591157527354 0.12883943888096006 0.31715860975950505
3 0.900893524470288 0.7845505679207494 0.12050298761846649 0.325386659474143
1 0.9737288135593221 0.8177966101694916 0.05254237288135593 0.3220338983050847