10 0.06357142857142857 0.36728395061728397 0.07714285714285714 0.36419753086419754
3 0.1357142857142857 0.3868312757201646 0.05 0.32407407407407407
11 0.19071428571428573 0.3816872427983539 0.06714285714285714 0.33539094650205764
7 0.24428571428571427 0.39197530864197533 0.047857142857142855 0.3148148148148148
5 0.2864285714285714 0.39197530864197533 0.047142857142857146 0.3148148148148148
9 0.32857142857142857 0.3950617283950617 0.045 0.30864197530864196
3 0.36857142857142855 0.39094650205761317 0.047142857142857146 0.3168724279835391
10 0.59 0.2613168724279835 0.04357142857142857 0.14506172839506173
0 0.7942857142857143 0.25617283950617287 0.03 0.12037037037037036
1 0.8228571428571428 0.25617283950617287 0.032857142857142856 0.12654320987654322
0 0.5128571428571429 0.41460905349794236 0.054285714285714284 0.20781893004115226
2 0.5642857142857143 0.4156378600823045 0.054285714285714284 0.21296296296296297
5 0.6192857142857143 0.42592592592592593 0.05928571428571429 0.22530864197530864
11 0.6778571428571428 0.41872427983539096 0.06571428571428571 0.21502057613168724
5 0.7428571428571429 0.41460905349794236 0.05714285714285714 0.20267489711934156
3 0.7985714285714286 0.41872427983539096 0.054285714285714284 0.21296296296296297
0 0.8507142857142858 0.4125514403292181 0.05071428571428571 0.20679012345679013
9 0.9014285714285715 0.4063786008230453 0.06571428571428571 0.20987654320987653
10 0.2742857142857143 0.6656378600823045 0.17714285714285713 0.23251028806584362
2 0.38 0.6697530864197531 0.06 0.21193415637860083
2 0.175 0.8775720164609053 0.16428571428571428 0.2448559670781893
3 0.32 0.8796296296296297 0.15714285714285714 0.24074074074074073
0 0.5557142857142857 0.757201646090535 0.10928571428571429 0.12654320987654322
1 0.6464285714285715 0.727366255144033 0.07571428571428572 0.09465020576131687
5 0.7071428571428572 0.7047325102880658 0.075 0.11008230452674897
8 0.7714285714285715 0.6718106995884774 0.09 0.11316872427983539
17 0.5557142857142857 0.897119341563786 0.12 0.15329218106995884
3 0.6514285714285715 0.8569958847736625 0.11142857142857143 0.147119341563786
4 0.7485714285714286 0.8127572016460906 0.11428571428571428 0.14094650205761317
1 0.8428571428571429 0.779835390946502 0.11428571428571428 0.147119341563786