10 0.078125 0.23666666666666666 0.15625 0.46
3 0.23130316022626402 0.28522937955501665 0.1364512654888317 0.4089550130589758
11 0.3792481739671881 0.3360028677715296 0.17024520093072226 0.43620346270673804
7 0.5078125 0.36333333333333334 0.10044642857142858 0.4066666666666667
1 0.5948660714285714 0.056666666666666664 0.05580357142857143 0.11333333333333333
9 0.6328125 0.06666666666666667 0.060267857142857144 0.13333333333333333
11 0.6830357142857143 0.09 0.06696428571428571 0.18
7 0.7410714285714286 0.11666666666666667 0.07142857142857142 0.23333333333333334
8 0.7946428571428571 0.13333333333333333 0.06696428571428571 0.26666666666666666
3 0.8476757606916251 0.16639072309226 0.06346373113652147 0.2743805426993053
7 0.9005988067116039 0.20547926308854358 0.08139882213985139 0.28135749362255635
10 0.07254464285714286 0.8233333333333334 0.12165178571428571 0.18333333333333332
1 0.15178571428571427 0.82 0.06584821428571429 0.15666666666666668
2 0.20870535714285715 0.8 0.07366071428571429 0.15333333333333332
11 0.28013392857142855 0.7866666666666666 0.08928571428571429 0.17333333333333334
4 0.34151785714285715 0.7733333333333333 0.07142857142857142 0.16333333333333333
5 0.39955357142857145 0.77 0.06361607142857142 0.17
6 0.453125 0.7566666666666667 0.07142857142857142 0.17333333333333334
4 0.5022321428571429 0.74 0.06584821428571429 0.15666666666666668
2 0.578125 0.8766666666666667 0.04017857142857143 0.24666666666666667
11 0.6428571428571429 0.87 0.125 0.26
5 0.7667410714285714 0.8833333333333333 0.10044642857142858 0.23333333333333334
1 0.8526785714285714 0.8933333333333333 0.09375 0.21333333333333335
4 0.9319196428571429 0.8933333333333333 0.09151785714285714 0.21333333333333335
1 0.9832589285714286 0.9 0.033482142857142856 0.2