10 0.08579335793357934 0.30113636363636365 0.12361623616236163 0.4147727272727273
3 0.19280442804428044 0.32765151515151514 0.07656826568265683 0.3768939393939394
11 0.28044280442804426 0.36363636363636365 0.0959409594095941 0.3958333333333333
7 0.36162361623616235 0.3806818181818182 0.07011070110701106 0.375
5 0.4280442804428044 0.39015151515151514 0.06826568265682657 0.3560606060606061
9 0.4870848708487085 0.4015151515151515 0.061808118081180814 0.3333333333333333
1 0.5304428044280443 0.39204545454545453 0.023985239852398525 0.3522727272727273
5 0.5682656826568265 0.3958333333333333 0.09225092250922509 0.3446969696969697
11 0.6559040590405905 0.3939393939393939 0.11623616236162361 0.3484848484848485
4 0.7841328413284133 0.4015151515151515 0.13284132841328414 0.3333333333333333
7 0.8994464944649446 0.4053030303030303 0.13468634686346864 0.32575757575757575
0 0.977859778597786 0.4147727272727273 0.04428044280442804 0.3068181818181818
10 0.17250922509225092 0.6458333333333334 0.1937269372693727 0.1553030303030303
2 0.3238007380073801 0.634469696969697 0.11623616236162361 0.13257575757575757
11 0.4446494464944649 0.6287878787878788 0.14022140221402213 0.12121212121212122
5 0.055350553505535055 0.8579545454545454 0.11070110701107011 0.2840909090909091
1 0.21217712177121772 0.8598484848484849 0.2140221402214022 0.2803030303030303
0 0.4095940959409594 0.8541666666666666 0.1992619926199262 0.2916666666666667
10 0.6946494464944649 0.6818181818181818 0.1282287822878229 0.13825757575757575
7 0.8127306273062731 0.6856060606060606 0.08671586715867159 0.13257575757575757
11 0.9215867158671587 0.6818181818181818 0.1033210332103321 0.125
2 0.6595940959409594 0.8636363636363636 0.12730627306273062 0.20454545454545456
7 0.768450184501845 0.865530303030303 0.12361623616236163 0.20075757575757575
8 0.8763837638376384 0.865530303030303 0.12546125461254612 0.20643939393939395
5 0.9621771217712177 0.8636363636363636 0.07564575645756458 0.21022727272727273