16 0.03231292517006803 0.20634920634920634 0.06462585034013606 0.4126984126984127
5 0.1054421768707483 0.1984126984126984 0.1360544217687075 0.3968253968253968
0 0.2108843537414966 0.20238095238095238 0.12244897959183673 0.40476190476190477
5 0.31462585034013607 0.21031746031746032 0.12585034013605442 0.42063492063492064
6 0.413265306122449 0.20634920634920634 0.07142857142857142 0.4126984126984127
6 0.5459183673469388 0.21825396825396826 0.21428571428571427 0.4365079365079365
7 0.7738095238095238 0.24206349206349206 0.2687074829931973 0.48412698412698413
8 0.9472789115646258 0.24206349206349206 0.1054421768707483 0.48412698412698413
1 0.09013605442176871 0.6388888888888888 0.11904761904761904 0.30952380952380953
8 0.1921768707482993 0.6428571428571429 0.11904761904761904 0.31746031746031744
11 0.31462585034013607 0.6547619047619048 0.12585034013605442 0.3412698412698413
0 0.3945578231292517 0.6150793650793651 0.034013605442176874 0.15079365079365079
0 0.4698641823291762 0.6365030713090132 0.11398658395857905 0.18985738989293216
2 0.5863021162868483 0.7001516864361604 0.11722960941194263 0.17444662296809077
18 0.7229107108735451 0.7372172840647371 0.13091421913424048 0.1842321266972966
4 0.8427895891481484 0.8043719042119639 0.11034772077808035 0.16558561713523387
1 0.9334402326151929 0.8437096086726421 0.08313683642433865 0.16188762554983804
3 0.8005482467998489 0.6670617487329148 0.045009362529100566 0.08537431569134753
0 0.8792545445894181 0.7040490705439496 0.04841072307331825 0.08583656463952206
2 0.9323318869792141 0.7325984975615311 0.04841072307331825 0.08583656463952195