10 0.06578947368421052 0.28618421052631576 0.1137218045112782 0.2944078947368421
4 0.14849624060150377 0.2631578947368421 0.09680451127819549 0.2845394736842105
16 0.2236842105263158 0.25493421052631576 0.10338345864661654 0.3042763157894737
5 0.2932330827067669 0.23355263157894737 0.09398496240601503 0.2878289473684211
0 0.35620300751879697 0.21875 0.08834586466165413 0.2878289473684211
5 0.4201127819548872 0.20559210526315788 0.09398496240601503 0.29276315789473684
9 0.4849624060150376 0.19078947368421054 0.09868421052631579 0.30098684210526316
10 0.599624060150376 0.24671052631578946 0.10150375939849623 0.3157894736842105
2 0.6945957659340855 0.19133666431684357 0.13315553648512962 0.2691168899735011
11 0.8131472842055557 0.13899267328177797 0.15579942843383487 0.2773042667194646
1 0.6381578947368421 0.43914473684210525 0.17857142857142858 0.20065789473684212
0 0.8026315789473685 0.4029605263157895 0.22556390977443608 0.2730263157894737
7 0.9417293233082706 0.3684210526315789 0.11654135338345864 0.34210526315789475
10 0.17199248120300753 0.7763157894736842 0.08646616541353383 0.09210526315789473
4 0.24436090225563908 0.7450657894736842 0.06109022556390977 0.08717105263157894
11 0.2951127819548872 0.7236842105263158 0.08176691729323309 0.10855263157894737
3 0.16165413533834586 0.8980263157894737 0.10338345864661654 0.14144736842105263
7 0.24060150375939848 0.8651315789473685 0.10338345864661654 0.12006578947368421
2 0.32142857142857145 0.8256578947368421 0.10056390977443609 0.12828947368421054
7 0.3966165413533835 0.774671052631579 0.11654135338345864 0.13322368421052633
10 0.5789473684210527 0.649671052631579 0.06015037593984962 0.20723684210526316
8 0.6513157894736842 0.6101973684210527 0.08834586466165413 0.14144736842105263
4 0.7293233082706767 0.6085526315789473 0.08646616541353383 0.13815789473684212
18 0.8571428571428571 0.5888157894736842 0.10150375939849623 0.09868421052631579
3 0.6240601503759399 0.875 0.14285714285714285 0.25
9 0.7840361785535089 0.8406838215715569 0.15365722627193 0.2574333888327396
5 0.9445488721804511 0.7993421052631579 0.11090225563909774 0.2894736842105263