10 0.05319148936170213 0.19333333333333333 0.10638297872340426 0.26666666666666666
4 0.12659574468085105 0.21 0.10425531914893617 0.25666666666666665
16 0.20851063829787234 0.22666666666666666 0.1074468085106383 0.26
5 0.28297872340425534 0.24 0.09574468085106383 0.25666666666666665
0 0.35106382978723405 0.25333333333333335 0.08829787234042553 0.25
5 0.41808510638297874 0.26666666666666666 0.09361702127659574 0.25666666666666665
9 0.48936170212765956 0.2833333333333333 0.09893617021276596 0.26666666666666666
1 0.5925531914893617 0.35 0.04893617021276596 0.34
1 0.6414893617021277 0.36666666666666664 0.08723404255319149 0.30666666666666664
11 0.7287234042553191 0.38666666666666666 0.125531914893617 0.26666666666666666
6 0.8340425531914893 0.4266666666666667 0.09361702127659574 0.18666666666666668
9 0.9063829787234042 0.43333333333333335 0.09361702127659574 0.17333333333333334
2 0.9648936170212766 0.45666666666666667 0.07021276595744681 0.12666666666666668
10 0.03297872340425532 0.8433333333333334 0.06595744680851064 0.31333333333333335
5 0.0925531914893617 0.8633333333333333 0.08297872340425531 0.2733333333333333
9 0.18404255319148935 0.8933333333333333 0.09148936170212765 0.21333333333333335
18 0.25957446808510637 0.9066666666666666 0.08936170212765958 0.18666666666666668
5 0.32978723404255317 0.9133333333333333 0.08936170212765958 0.17333333333333334
5 0.425531914893617 0.96 0.09361702127659574 0.08
10 0.6202127659574468 0.6966666666666667 0.10425531914893617 0.32666666666666666
4 0.7202127659574468 0.67 0.07872340425531915 0.3
11 0.8042553191489362 0.6533333333333333 0.09361702127659574 0.26666666666666666
2 0.8840425531914894 0.6533333333333333 0.07872340425531915 0.26666666666666666
4 0.9436170212765957 0.64 0.07872340425531915 0.24
1 0.9851063829787234 0.64 0.029787234042553193 0.24