10 0.0413135593220339 0.18333333333333332 0.0635593220338983 0.2833333333333333
4 0.09110169491525423 0.17777777777777778 0.05084745762711865 0.2740740740740741
16 0.13983050847457626 0.1814814814814815 0.05190677966101695 0.2777777777777778
5 0.1843220338983051 0.17777777777777778 0.045550847457627115 0.2740740740740741
0 0.22351694915254236 0.17592592592592593 0.0413135593220339 0.26666666666666666
5 0.2627118644067797 0.17592592592592593 0.04449152542372881 0.2740740740740741
9 0.2891949152542373 0.17962962962962964 0.018008474576271187 0.2777777777777778
10 0.5688559322033898 0.13703703703703704 0.1620762711864407 0.17777777777777778
1 0.6991525423728814 0.14074074074074075 0.09427966101694915 0.17407407407407408
9 0.788135593220339 0.13333333333333333 0.08898305084745763 0.17407407407407408
11 0.8972457627118644 0.11481481481481481 0.13029661016949154 0.1814814814814815
4 0.4724576271186441 0.32592592592592595 0.1853813559322034 0.22037037037037038
4 0.638771186440678 0.32592592592592595 0.17690677966101695 0.23333333333333334
8 0.809322033898305 0.31666666666666665 0.18220338983050846 0.2518518518518518
2 0.9459745762711864 0.30925925925925923 0.09957627118644068 0.2351851851851852
10 0.05508474576271186 0.7203703703703703 0.059322033898305086 0.2351851851851852
1 0.11334745762711865 0.7277777777777777 0.038135593220338986 0.23703703703703705
8 0.1472457627118644 0.7296296296296296 0.038135593220338986 0.22592592592592592
11 0.19385593220338984 0.7314814814814815 0.04978813559322034 0.23333333333333334
9 0.23622881355932204 0.7351851851851852 0.037076271186440676 0.22037037037037038
8 0.2701271186440678 0.75 0.03389830508474576 0.2074074074074074
9 0.2913135593220339 0.7462962962962963 0.013771186440677966 0.2037037037037037
10 0.5508474576271186 0.5425925925925926 0.21610169491525424 0.07037037037037037
5 0.3739406779661017 0.7981481481481482 0.1504237288135593 0.40370370370370373
1 0.5720338983050848 0.7833333333333333 0.23728813559322035 0.43333333333333335
0 0.803057639999058 0.7524619761748543 0.21975255344830538 0.44857568382964985
7 0.9586864406779662 0.7148148148148148 0.0826271186440678 0.4148148148148148