10 0.10267857142857142 0.13095238095238096 0.20535714285714285 0.2619047619047619
4 0.25 0.17063492063492064 0.1875 0.3412698412698413
16 0.39732142857142855 0.24206349206349206 0.20535714285714285 0.35714285714285715
5 0.026785714285714284 0.2896825396825397 0.05357142857142857 0.40476190476190477
0 0.11607142857142858 0.3531746031746032 0.22321428571428573 0.29365079365079366
6 0.2924107142857143 0.4007936507936508 0.22767857142857142 0.1984126984126984
4 0.4263392857142857 0.44047619047619047 0.14732142857142858 0.11904761904761904
5 0.5915178571428571 0.1865079365079365 0.18303571428571427 0.35714285714285715
11 0.7602831003031749 0.26026039990884775 0.22799402626944446 0.3720059781461181
2 0.6183035714285714 0.4126984126984127 0.23660714285714285 0.1746031746031746
3 0.8236607142857143 0.4603174603174603 0.28125 0.07936507936507936
10 0.22321428571428573 0.623015873015873 0.23214285714285715 0.24603174603174602
5 0.4031903305466272 0.6807276911921754 0.15988675911805572 0.28262640692450486
11 0.47767857142857145 0.753968253968254 0.044642857142857144 0.31746031746031744
3 0.08705357142857142 0.7658730158730159 0.17410714285714285 0.3412698412698413
0 0.26339285714285715 0.8492063492063492 0.20535714285714285 0.30158730158730157
6 0.41964285714285715 0.8968253968253969 0.16071428571428573 0.20634920634920634
10 0.53125 0.6388888888888888 0.0625 0.2619047619047619
7 0.6363722617232145 0.6977089651558716 0.13247760041210327 0.23417616573744696
11 0.7820849918577383 0.7498303112683088 0.15054255807599226 0.25060331065580294
8 0.5535714285714286 0.876984126984127 0.10714285714285714 0.24603174603174602
1 0.6808035714285714 0.9126984126984127 0.22767857142857142 0.1746031746031746
9 0.8504464285714286 0.9444444444444444 0.20089285714285715 0.1111111111111111