10 0.15363128491620112 0.1827956989247312 0.09776536312849161 0.2446236559139785
4 0.22486033519553073 0.21774193548387097 0.06843575418994413 0.2446236559139785
16 0.2905027932960894 0.239247311827957 0.08519553072625698 0.23387096774193547
5 0.09776536312849161 0.3709677419354839 0.09217877094972067 0.2661290322580645
0 0.17458100558659218 0.4112903225806452 0.08379888268156424 0.2553763440860215
6 0.24860335195530725 0.4435483870967742 0.08519553072625698 0.25
4 0.3240223463687151 0.4650537634408602 0.09078212290502793 0.2446236559139785
10 0.441340782122905 0.1639784946236559 0.027932960893854747 0.2849462365591398
2 0.4936159834587436 0.23214870016359962 0.09745868243390812 0.2763205689137036
1 0.5603381680340692 0.265593510468664 0.09755619676311603 0.28707325708574666
11 0.649187314083761 0.3227313937427999 0.13102699267113777 0.28244762612676283
2 0.7492584016555984 0.3742426952219018 0.10314278894188697 0.28719837594025305
8 0.8257327439614712 0.41015671957459093 0.10907068127288565 0.3249579033969098
6 0.909217877094972 0.45698924731182794 0.10893854748603352 0.27956989247311825
8 0.9664804469273743 0.478494623655914 0.0670391061452514 0.23655913978494625
2 0.09078212290502793 0.7768817204301075 0.18156424581005587 0.3602150537634409
6 0.25977653631284914 0.7876344086021505 0.22905027932960895 0.3817204301075269
10 0.49022346368715086 0.6505376344086021 0.0782122905027933 0.10752688172043011
18 0.6354748603351955 0.7526881720430108 0.061452513966480445 0.11021505376344086
6 0.5349162011173184 0.6774193548387096 0.04189944134078212 0.07526881720430108
0 0.5712290502793296 0.7096774193548387 0.051675977653631286 0.08064516129032258
2 0.6857541899441341 0.793010752688172 0.061452513966480445 0.09408602150537634
3 0.744413407821229 0.8387096774193549 0.061452513966480445 0.08870967741935484
9 0.840782122905028 0.9112903225806451 0.0712290502793296 0.10215053763440861
7 0.9050279329608939 0.9435483870967742 0.07402234636871509 0.0967741935483871