10 0.15985130111524162 0.14669421487603307 0.1087360594795539 0.13429752066115702
1 0.25743494423791824 0.16942148760330578 0.07342007434944238 0.12603305785123967
5 0.31133828996282525 0.1756198347107438 0.07806691449814127 0.13636363636363635
11 0.39684014869888473 0.20041322314049587 0.09200743494423792 0.13429752066115702
6 0.11152416356877323 0.2809917355371901 0.12639405204460966 0.19008264462809918
5 0.2211895910780669 0.30578512396694213 0.13289962825278812 0.18388429752066116
3 0.32063197026022305 0.3367768595041322 0.12360594795539033 0.18801652892561985
6 0.4312267657992565 0.359504132231405 0.12453531598513011 0.16735537190082644
10 0.6895910780669146 0.11570247933884298 0.11152416356877323 0.11983471074380166
2 0.7881040892193308 0.13016528925619836 0.08828996282527882 0.10743801652892562
16 0.8587360594795539 0.14049586776859505 0.10037174721189591 0.12190082644628099
5 0.6672862453531598 0.24586776859504134 0.09386617100371747 0.14049586776859505
0 0.7342007434944238 0.24793388429752067 0.10037174721189591 0.15082644628099173
9 0.8066914498141264 0.25413223140495866 0.10037174721189591 0.15495867768595042
5 0.8754646840148699 0.26239669421487605 0.09107806691449814 0.14049586776859505
10 0.07342007434944238 0.7066115702479339 0.14684014869888476 0.2892561983471074
7 0.1877345370774835 0.7597272188403014 0.11724341341373692 0.2852289447542205
11 0.28516346845104085 0.7899581279872885 0.11882045628026365 0.2771087826446823
6 0.3725101980939371 0.8235276146871492 0.10437310759385651 0.2883510712565253
1 0.4494226095149811 0.8501051004274865 0.09223476506164402 0.25855964721953995
3 0.5018587360594795 0.8760330578512396 0.055762081784386616 0.24793388429752067
1 0.5771375464684015 0.609504132231405 0.09479553903345725 0.28512396694214875
5 0.6412639405204461 0.628099173553719 0.11524163568773234 0.32231404958677684
11 0.7286245353159851 0.6446280991735537 0.13382899628252787 0.35537190082644626
8 0.8355201140287994 0.6593796856565456 0.11304794089477735 0.3796930642667537
7 0.9124325254498433 0.685957171396883 0.10733088611986201 0.3751279307606574
1 0.9674721189591078 0.7231404958677686 0.06505576208178439 0.371900826446281