10 0.1875 0.2318840579710145 0.17 0.17753623188405798
1 0.34625 0.2246376811594203 0.11125 0.16304347826086957
5 0.435 0.21014492753623187 0.11875 0.17753623188405798
11 0.57625 0.20652173913043478 0.1425 0.17028985507246377
6 0.13375 0.4311594202898551 0.19 0.2463768115942029
5 0.31375 0.4166666666666667 0.20125 0.2427536231884058
3 0.47875 0.4166666666666667 0.18625 0.2391304347826087
6 0.66375 0.39855072463768115 0.19 0.213768115942029
4 0.87625 0.3007246376811594 0.0725 0.2971014492753623
7 0.95875 0.34782608695652173 0.0825 0.3188405797101449
10 0.0675 0.7934782608695652 0.135 0.41304347826086957
7 0.195 0.7934782608695652 0.145 0.41304347826086957
11 0.325 0.7717391304347826 0.145 0.3695652173913043
6 0.4425 0.7681159420289855 0.125 0.36231884057971014
1 0.545 0.7463768115942029 0.11 0.3188405797101449
3 0.6425 0.7427536231884058 0.115 0.3115942028985507
9 0.75 0.7246376811594203 0.13 0.2753623188405797
7 0.8875 0.8586956521739131 0.095 0.2826086956521739
1 0.95875 0.8478260869565217 0.0825 0.30434782608695654