10 0.1409234535489845 0.14275711555964993 0.1368447430923115 0.1529698120449807
4 0.2464452593791465 0.14714737716788898 0.09236168643833009 0.142692342890038
16 0.3440484535489845 0.15488786536890192 0.1209014081113396 0.14058629576487966
5 0.06928898878366367 0.2799349063357008 0.12685252306694075 0.16761489788369194
0 0.17985996045667305 0.29036140365053836 0.11361946641295943 0.15920369793017272
6 0.2877604166666667 0.29770992366412213 0.1171875 0.16030534351145037
4 0.3958333333333333 0.3015267175572519 0.11979166666666667 0.15267175572519084
7 0.5611979166666666 0.15458015267175573 0.044270833333333336 0.13358778625954199
18 0.6423891353615327 0.19851857229168893 0.09767613143198746 0.14682018165007168
9 0.7929289871360251 0.27250213083183406 0.07610001647638616 0.11885844493054765
1 0.8802083333333334 0.31679389312977096 0.0625 0.12213740458015267
7 0.9388020833333334 0.3320610687022901 0.059895833333333336 0.0916030534351145
1 0.984375 0.3435114503816794 0.03125 0.06870229007633588
10 0.20442708333333334 0.4637404580152672 0.1796875 0.1717557251908397
5 0.3502604166666667 0.4751908396946565 0.13802083333333334 0.1946564885496183
11 0.4739583333333333 0.4847328244274809 0.13020833333333334 0.21374045801526717
8 0.07552083333333333 0.7080152671755725 0.15104166666666666 0.3244274809160305
9 0.23926727186401897 0.7340652747787738 0.20109115449892823 0.3130353776326963
2 0.42666116020369493 0.749079683880444 0.18536004283860427 0.3082854491388546
10 0.6028645833333334 0.6087786259541985 0.08072916666666667 0.2900763358778626
5 0.6640625 0.6469465648854962 0.053385416666666664 0.2538167938931298
9 0.7109375 0.6870229007633588 0.046875 0.2366412213740458
18 0.7604166666666666 0.7309160305343512 0.05859375 0.28053435114503816
4 0.8098958333333334 0.7480916030534351 0.05078125 0.2366412213740458
8 0.8580729166666666 0.8072519083969466 0.045572916666666664 0.24236641221374045
1 0.8958333333333334 0.833969465648855 0.046875 0.24236641221374045
6 0.9466145833333334 0.8625954198473282 0.061197916666666664 0.2652671755725191