10 0.22293233082706768 0.12146892655367232 0.17067669172932332 0.2189265536723164
4 0.33383458646616543 0.16807909604519775 0.12330827067669173 0.2019774011299435
16 0.43646616541353384 0.2189265536723164 0.1511278195488722 0.20903954802259886
5 0.13609022556390976 0.2401129943502825 0.16353383458646617 0.2401129943502825
0 0.2518796992481203 0.2994350282485876 0.14924812030075188 0.23022598870056496
6 0.36428571428571427 0.3375706214689266 0.15526315789473685 0.20056497175141244
4 0.4770676691729323 0.3644067796610169 0.1556390977443609 0.14548022598870056
10 0.7225563909774436 0.1751412429378531 0.13834586466165413 0.3502824858757062
9 0.8345864661654135 0.2175141242937853 0.16541353383458646 0.4350282485875706
5 0.9432330827067669 0.2189265536723164 0.11353383458646617 0.4378531073446328
10 0.15225563909774437 0.5649717514124294 0.181203007518797 0.23163841807909605
8 0.27669172932330827 0.617231638418079 0.12218045112781954 0.1850282485875706
0 0.36390977443609024 0.6638418079096046 0.1255639097744361 0.2033898305084746
18 0.4699248120300752 0.7019774011299436 0.14924812030075188 0.2132768361581921
9 0.11992481203007518 0.7556497175141242 0.20300751879699247 0.2768361581920904
7 0.2819548872180451 0.8319209039548022 0.212406015037594 0.2853107344632768
2 0.45150375939849624 0.8870056497175142 0.21390977443609022 0.2245762711864407
0 0.7127819548872181 0.5635593220338984 0.08345864661654136 0.18926553672316385
1 0.7800751879699248 0.6073446327683616 0.058646616541353384 0.1709039548022599
7 0.825563909774436 0.634180790960452 0.07368421052631578 0.17796610169491525
8 0.8898496240601503 0.6652542372881356 0.07819548872180451 0.17937853107344634
4 0.6860902255639098 0.7401129943502824 0.1 0.24858757062146894
5 0.7586466165413533 0.7838983050847458 0.09285714285714286 0.24858757062146894
6 0.8289473684210527 0.8333333333333334 0.09661654135338346 0.2612994350282486
1 0.9048872180451127 0.8615819209039548 0.0924812030075188 0.2387005649717514