10 0.059267241379310345 0.17827868852459017 0.07004310344827586 0.19467213114754098
5 0.10775862068965517 0.15368852459016394 0.04741379310344827 0.17418032786885246
16 0.15625 0.13319672131147542 0.06788793103448276 0.1987704918032787
2 0.04418103448275862 0.36475409836065575 0.06573275862068965 0.21106557377049182
2 0.09698275862068965 0.3360655737704918 0.06357758620689655 0.20081967213114754
9 0.15086206896551724 0.3073770491803279 0.061422413793103446 0.20081967213114754
5 0.20474137931034483 0.2807377049180328 0.06357758620689655 0.20491803278688525
10 0.47737068965517243 0.1885245901639344 0.13685344827586207 0.18237704918032788
1 0.5754310344827587 0.17008196721311475 0.09590517241379311 0.15778688524590165
0 0.6368534482758621 0.14959016393442623 0.08620689655172414 0.15368852459016394
11 0.7058189655172413 0.13319672131147542 0.11530172413793104 0.16188524590163936
4 0.4375 0.38524590163934425 0.20689655172413793 0.21311475409836064
5 0.6174568965517241 0.3422131147540984 0.2036637931034483 0.2192622950819672
9 0.8006465517241379 0.29098360655737704 0.20689655172413793 0.21311475409836064
8 0.07219827586206896 0.6188524590163934 0.14439655172413793 0.12295081967213115
17 0.07758620689655173 0.8627049180327869 0.15517241379310345 0.27459016393442626
6 0.17564655172413793 0.7868852459016393 0.1875 0.4262295081967213
10 0.3254310344827586 0.8504098360655737 0.11099137931034483 0.26844262295081966
2 0.4504310344827586 0.8299180327868853 0.09482758620689655 0.25614754098360654
0 0.5172413793103449 0.8135245901639344 0.08836206896551724 0.2336065573770492
11 0.6271551724137931 0.7909836065573771 0.11637931034482758 0.25614754098360654
4 0.7273706896551724 0.764344262295082 0.09267241379310345 0.23770491803278687
9 0.790948275862069 0.7479508196721312 0.09051724137931035 0.23770491803278687
9 0.8512931034482759 0.7295081967213115 0.08297413793103449 0.24180327868852458
0 0.9137931034482759 0.7213114754098361 0.09051724137931035 0.2459016393442623