10 0.16076923076923078 0.16473988439306358 0.13538461538461538 0.14017341040462428
5 0.2453846153846154 0.13439306358381503 0.09307692307692307 0.12283236994219653
16 0.3323076923076923 0.1069364161849711 0.13076923076923078 0.1416184971098266
2 0.14384615384615385 0.2904624277456647 0.12846153846153846 0.14739884393063585
2 0.2376923076923077 0.25578034682080925 0.12461538461538461 0.1416184971098266
9 0.3330769230769231 0.22254335260115607 0.12230769230769231 0.1416184971098266
5 0.4276923076923077 0.18786127167630057 0.12461538461538461 0.14450867052023122
10 0.6876923076923077 0.22254335260115607 0.07692307692307693 0.0838150289017341
4 0.7453846153846154 0.18497109826589594 0.057692307692307696 0.07803468208092486
11 0.7876923076923077 0.16040462427745664 0.07538461538461538 0.0953757225433526
3 0.6861538461538461 0.3265895953757225 0.09692307692307692 0.12572254335260116
7 0.7507692307692307 0.28901734104046245 0.09307692307692307 0.1069364161849711
2 0.8153846153846154 0.24277456647398843 0.09153846153846154 0.11416184971098266
7 0.8769230769230769 0.1893063583815029 0.10461538461538461 0.12138728323699421
9 0.06769230769230769 0.4841040462427746 0.13538461538461538 0.17052023121387283
1 0.1823076923076923 0.434971098265896 0.13384615384615384 0.07225433526011561
2 0.10153846153846154 0.7427745664739884 0.20307692307692307 0.4913294797687861
9 0.27692307692307694 0.6213872832369942 0.2523076923076923 0.44508670520231214
9 0.4323076923076923 0.5534682080924855 0.19384615384615383 0.3092485549132948
0 0.6538461538461539 0.6690751445086706 0.08846153846153847 0.1791907514450867
1 0.7238461538461538 0.6098265895953757 0.06230769230769231 0.17196531791907516
7 0.7730769230769231 0.5592485549132948 0.07692307692307693 0.18208092485549132
8 0.84 0.4985549132947977 0.09076923076923077 0.17630057803468208
4 0.6630769230769231 0.869942196531792 0.1076923076923077 0.2514450867052023
5 0.7376923076923076 0.8005780346820809 0.10153846153846154 0.25
6 0.813076923076923 0.7384393063583815 0.10153846153846154 0.25
1 0.8923076923076924 0.6517341040462428 0.10153846153846154 0.2398843930635838