10 0.14861751152073732 0.0389908256880734 0.14055299539170507 0.0779816513761468
5 0.24193548387096775 0.0389908256880734 0.09216589861751152 0.0779816513761468
16 0.3283410138248848 0.05504587155963303 0.12211981566820276 0.11009174311926606
2 0.08748093800003903 0.154274031340328 0.13058248097565692 0.24259505299336867
2 0.18935134632709727 0.1723750669257281 0.1258534307929771 0.23768752299803153
9 0.29473835347821425 0.187942244005451 0.11857872264125105 0.22344549406007183
5 0.3617511520737327 0.20871559633027523 0.055299539170506916 0.22477064220183487
10 0.511520737327189 0.02522935779816514 0.1382488479262673 0.05045871559633028
0 0.15207373271889402 0.46559633027522934 0.17972350230414746 0.2798165137614679
1 0.2995391705069124 0.4288990825688073 0.12442396313364056 0.20642201834862386
5 0.3629032258064516 0.42201834862385323 0.052995391705069124 0.1926605504587156
17 0.10558124501160017 0.774603127997124 0.20066314927206735 0.37109368746704147
3 0.2646228989121311 0.7177587577669189 0.18635524347222357 0.3517839415177273
4 0.36059907834101385 0.6490825688073395 0.0576036866359447 0.3348623853211009
10 0.47235023041474655 0.5160550458715596 0.10253456221198157 0.32798165137614677
1 0.5599078341013825 0.5596330275229358 0.06566820276497695 0.3073394495412844
7 0.6163594470046083 0.5802752293577982 0.06566820276497695 0.32339449541284404
11 0.6808755760368663 0.6192660550458715 0.08755760368663594 0.33715596330275227
4 0.7465437788018433 0.6628440366972477 0.06566820276497695 0.32339449541284404
4 0.7995391705069125 0.6857798165137615 0.06912442396313365 0.30045871559633025
9 0.8559907834101382 0.7339449541284404 0.06566820276497695 0.2889908256880734
8 0.9089861751152074 0.768348623853211 0.07027649769585254 0.3073394495412844