10 0.06795375089405271 0.10865287385944464 0.1060689147278283 0.14157317021222235
5 0.1381245176778844 0.11784864874506976 0.07083898464754851 0.13386846656500007
16 0.2106184815008093 0.13184102640423653 0.10606891472782826 0.14157317021222235
2 0.03397212543554007 0.2109375 0.06794425087108014 0.115625
2 0.09581881533101046 0.21875 0.0975609756097561 0.1
9 0.1759581881533101 0.2265625 0.09059233449477352 0.084375
5 0.25261324041811845 0.234375 0.09407665505226481 0.06875
10 0.4965156794425087 0.05625 0.15766550522648085 0.071875
18 0.8249128919860628 0.1171875 0.12369337979094076 0.0734375
7 0.6280487804878049 0.0796875 0.09843205574912892 0.0609375
7 0.7186411149825784 0.0953125 0.1019163763066202 0.059375
5 0.5156794425087108 0.159375 0.1750871080139373 0.1109375
4 0.7116724738675958 0.1875 0.16986062717770034 0.096875
1 0.01916376306620209 0.415625 0.03832752613240418 0.2375
6 0.06274342009686913 0.4482038295939592 0.10141682063585816 0.23488675911805573
11 0.15556512051128588 0.5006417646238205 0.12967810960115533 0.2423005220358334
5 0.06184668989547038 0.7078125 0.12369337979094076 0.353125
4 0.17087683856057492 0.7895237330886816 0.19064611933887485 0.3570553126890282
10 0.4094076655052265 0.5515625 0.10975609756097561 0.2875
8 0.5008710801393729 0.6046875 0.08536585365853659 0.271875
11 0.5757839721254355 0.6515625 0.0897212543554007 0.28125
1 0.6541811846689896 0.70625 0.08623693379790941 0.28125
5 0.7238675958188153 0.7328125 0.09494773519163763 0.321875
7 0.794425087108014 0.78125 0.09233449477351917 0.296875
7 0.867595818815331 0.8359375 0.10452961672473868 0.3265625