10 0.15066225165562913 0.21205357142857142 0.16225165562913907 0.2700892857142857
4 0.28642384105960267 0.20758928571428573 0.09602649006622517 0.23660714285714285
16 0.40397350993377484 0.203125 0.15728476821192053 0.2700892857142857
8 0.13410596026490065 0.4486607142857143 0.1490066225165563 0.24330357142857142
1 0.2632450331125828 0.4419642857142857 0.13245033112582782 0.24776785714285715
4 0.3923841059602649 0.43973214285714285 0.14403973509933773 0.24107142857142858
10 0.6374172185430463 0.24553571428571427 0.06622516556291391 0.2857142857142857
1 0.6870860927152318 0.24776785714285715 0.041390728476821195 0.28794642857142855
5 0.7218543046357616 0.24107142857142858 0.039735099337748346 0.2611607142857143
11 0.7615894039735099 0.25223214285714285 0.05132450331125828 0.2767857142857143
6 0.8112582781456954 0.24107142857142858 0.0380794701986755 0.26785714285714285
3 0.8443708609271523 0.22991071428571427 0.03642384105960265 0.25
7 0.8774834437086093 0.23214285714285715 0.0380794701986755 0.25
0 0.9122516556291391 0.22767857142857142 0.0347682119205298 0.2544642857142857
2 0.06622516556291391 0.7700892857142857 0.13245033112582782 0.26339285714285715
7 0.21357615894039736 0.7633928571428571 0.2152317880794702 0.25
8 0.4056291390728477 0.7566964285714286 0.22185430463576158 0.23660714285714285
10 0.5513245033112583 0.8660714285714286 0.04304635761589404 0.20535714285714285
9 0.6350414938320332 0.84009299543827 0.11686115387812808 0.171363365344598
11 0.7597340218542612 0.8131822458460137 0.1471250051296744 0.19085765953245382
1 0.8759749566505368 0.7934226890837175 0.10407864751378038 0.1884928853880907
2 0.9602649006622517 0.7700892857142857 0.07947019867549669 0.17410714285714285