10 0.15302491103202848 0.20364238410596028 0.17259786476868327 0.24503311258278146
4 0.29092526690391457 0.20198675496688742 0.10409252669039146 0.2152317880794702
16 0.4101423487544484 0.1986754966887417 0.16725978647686832 0.24503311258278146
8 0.15035587188612098 0.41887417218543044 0.15747330960854092 0.22019867549668873
1 0.28113879003558717 0.4139072847682119 0.1423487544483986 0.2251655629139073
4 0.4128113879003559 0.4139072847682119 0.152135231316726 0.22019867549668873
0 0.550711743772242 0.271523178807947 0.08362989323843416 0.31125827814569534
11 0.6380667976705415 0.3333910556009233 0.13441612532660946 0.381456981715166
3 0.75355871886121 0.3973509933774834 0.13345195729537365 0.32450331125827814
8 0.8656583629893239 0.42549668874172186 0.14768683274021352 0.2682119205298013
8 0.9555160142348754 0.44867549668874174 0.08896797153024912 0.22185430463576158
15 0.07829181494661921 0.7533112582781457 0.10765124555160142 0.30960264900662254
1 0.1806049822064057 0.7582781456953642 0.05871886120996441 0.28311258278145696
13 0.24199288256227758 0.7533112582781457 0.08451957295373666 0.28807947019867547
7 0.3185053380782918 0.7483443708609272 0.05693950177935943 0.26490066225165565
3 0.36476868327402134 0.7682119205298014 0.05516014234875445 0.27980132450331124
2 0.41192170818505336 0.7582781456953642 0.05338078291814947 0.2682119205298013
3 0.4555160142348754 0.7599337748344371 0.05604982206405694 0.271523178807947
10 0.6162401627840143 0.7166298483948378 0.08441209487831354 0.13742249366935477
8 0.693740073220316 0.7282139772420392 0.06642100958820628 0.1329549185206215
11 0.7532488983665103 0.7376431646816827 0.0794689985546136 0.14369811516446995
7 0.8287719583881494 0.7460316669377973 0.07531780674123119 0.13353307695591532
0 0.8879845470582576 0.7504939669602222 0.06523412310977374 0.14277306166799977
6 0.9501624113503595 0.7597497068692776 0.07057220140158868 0.1431199567291761
0 0.9857651245551602 0.7566225165562914 0.028469750889679714 0.1357615894039735