10 0.18157327586206898 0.11966824644549763 0.23868534482758622 0.2381516587677725
4 0.37176724137931033 0.17535545023696683 0.15032327586206898 0.2334123222748815
16 0.5193965517241379 0.24289099526066352 0.23545258620689655 0.278436018957346
8 0.1314655172413793 0.2914691943127962 0.22413793103448276 0.2571090047393365
1 0.30441810344827586 0.3518957345971564 0.2052801724137931 0.22393364928909953
4 0.47683189655172414 0.37796208530805686 0.2192887931034483 0.16350710900473933
10 0.7058189655172413 0.14691943127962084 0.08997844827586207 0.259478672985782
8 0.7693965517241379 0.20734597156398105 0.0625 0.22274881516587677
11 0.8168103448275862 0.2523696682464455 0.0738146551724138 0.2381516587677725
1 0.8679956896551724 0.31398104265402843 0.0625 0.2381516587677725
3 0.9110991379310345 0.3447867298578199 0.059267241379310345 0.22274881516587677
3 0.9525862068965517 0.36492890995260663 0.06196120689655173 0.17654028436018956
10 0.07112068965517242 0.6161137440758294 0.14224137931034483 0.2938388625592417
1 0.16648706896551724 0.6635071090047393 0.09967672413793104 0.30213270142180093
6 0.23006465517241378 0.7109004739336493 0.09752155172413793 0.29739336492890994
11 0.30280172413793105 0.768957345971564 0.1255387931034483 0.3222748815165877
5 0.3949353448275862 0.8364928909952607 0.09913793103448276 0.28791469194312796
7 0.45635775862068967 0.8601895734597157 0.09482758620689655 0.245260663507109
1 0.5167025862068966 0.8791469194312796 0.09267241379310345 0.20260663507109006
5 0.578125 0.9016587677725119 0.0980603448275862 0.1504739336492891
11 0.7144396551724138 0.5959715639810427 0.15086206896551724 0.25355450236966826
9 0.8588362068965517 0.6350710900473934 0.1853448275862069 0.33175355450236965
2 0.9461206896551724 0.6575829383886256 0.10775862068965517 0.3767772511848341