10 0.08873720136518772 0.24561403508771928 0.13054607508532423 0.26973684210526316
4 0.20648464163822525 0.2236842105263158 0.07508532423208192 0.24561403508771928
16 0.3046075085324232 0.20833333333333334 0.13737201365187712 0.2631578947368421
8 0.09129692832764505 0.4780701754385965 0.12372013651877133 0.23684210526315788
1 0.2022184300341297 0.47368421052631576 0.11092150170648464 0.24561403508771928
4 0.3097269624573379 0.4517543859649123 0.11945392491467577 0.2631578947368421
10 0.5597269624573379 0.18201754385964913 0.1561433447098976 0.32894736842105265
1 0.6791808873720137 0.16447368421052633 0.11774744027303755 0.2982456140350877
11 0.7926621160409556 0.17105263157894737 0.14419795221843004 0.30043859649122806
8 0.4641638225255973 0.47368421052631576 0.12286689419795221 0.24561403508771928
3 0.5998293515358362 0.46710526315789475 0.14675767918088736 0.2565789473684211
0 0.7517064846416383 0.4583333333333333 0.1621160409556314 0.27631578947368424
0 0.89419795221843 0.45394736842105265 0.15358361774744028 0.2850877192982456
10 0.014505119453924915 0.8179824561403509 0.02901023890784983 0.25
6 0.07322210431827841 0.824890732452231 0.07715070551960565 0.23368539141445038
2 0.16977750261903687 0.8474520574323896 0.07207097046560491 0.23768850069201383
18 0.24061647468248015 0.8549412095021194 0.07885719016124397 0.23381300995935622
5 0.3235199958501328 0.8764815861230317 0.07703154890686403 0.22052749667760838
4 0.38993174061433444 0.8793859649122807 0.01877133105802048 0.19736842105263158
11 0.4641638225255973 0.7982456140350878 0.1296928327645051 0.40350877192982454
3 0.6271331058020477 0.7982456140350878 0.1416382252559727 0.40350877192982454
7 0.7636518771331058 0.7960526315789473 0.16552901023890784 0.3991228070175439
2 0.9044368600682594 0.7916666666666666 0.13310580204778158 0.39035087719298245
7 0.976962457337884 0.7982456140350878 0.04607508532423208 0.40350877192982454