10 0.0546875 0.21390374331550802 0.0830078125 0.18449197860962566
1 0.1337890625 0.20855614973262032 0.05078125 0.17780748663101603
8 0.1787109375 0.20053475935828877 0.0517578125 0.18181818181818182
11 0.2392578125 0.19117647058823528 0.0654296875 0.19117647058823528
9 0.296875 0.18181818181818182 0.0537109375 0.18181818181818182
8 0.3408203125 0.18449197860962566 0.048828125 0.17245989304812834
9 0.3671875 0.17914438502673796 0.0234375 0.1711229946524064
10 0.447265625 0.06951871657754011 0.13671875 0.13903743315508021
6 0.5927734375 0.03609625668449198 0.146484375 0.07219251336898395
9 0.4267578125 0.2620320855614973 0.095703125 0.23529411764705882
8 0.5947265625 0.2232620320855615 0.220703125 0.31283422459893045
4 0.8427734375 0.1537433155080214 0.205078125 0.3074866310160428
10 0.0400390625 0.7085561497326203 0.078125 0.3502673796791444
8 0.10546875 0.7205882352941176 0.060546875 0.32486631016042783
11 0.1640625 0.7259358288770054 0.068359375 0.356951871657754
1 0.2333984375 0.7566844919786097 0.0498046875 0.3235294117647059
2 0.283203125 0.7593582887700535 0.056640625 0.31684491978609625
8 0.3349609375 0.7727272727272727 0.056640625 0.339572192513369
1 0.3681640625 0.7687165775401069 0.021484375 0.32085561497326204
10 0.44921875 0.6537433155080213 0.13671875 0.29545454545454547
8 0.5703125 0.6657754010695187 0.0849609375 0.2393048128342246
2 0.646484375 0.7018716577540107 0.072265625 0.22058823529411764
18 0.7119140625 0.7219251336898396 0.0771484375 0.2393048128342246
1 0.7783203125 0.7379679144385026 0.06640625 0.22058823529411764
5 0.8408203125 0.7513368983957219 0.0830078125 0.22727272727272727
4 0.9326171875 0.7780748663101604 0.0693359375 0.21524064171122995
5 0.9765625 0.8008021390374331 0.0458984375 0.24331550802139038