8 0.078125 0.20065789473684212 0.1484375 0.19078947368421054
11 0.234375 0.18421052631578946 0.1875 0.2236842105263158
9 0.373046875 0.17763157894736842 0.12890625 0.23684210526315788
10 0.078125 0.6085526315789473 0.15625 0.3881578947368421
2 0.25492309641813654 0.5311026555328187 0.19945439609380122 0.3919089909209549
16 0.384765625 0.4605263157894737 0.10546875 0.32894736842105265
5 0.060546875 0.9078947368421053 0.12109375 0.18421052631578946
7 0.205078125 0.8782894736842105 0.23046875 0.24342105263157895
4 0.361328125 0.8388157894736842 0.15234375 0.3223684210526316
10 0.5310391631156923 0.5864089796977968 0.18137402948891274 0.27318172635597904
5 0.6905381760460502 0.5270093755234411 0.13772323320977709 0.2394449066970321
11 0.8201264723251858 0.4966408871318608 0.15820934800056696 0.28588030319272567
2 0.490234375 0.8651315789473685 0.10546875 0.26973684210526316
3 0.6171875 0.8453947368421053 0.1953125 0.3092105263157895
2 0.7863714873013102 0.8053155425642056 0.18328375907049277 0.3652869895138738
2 0.9296875 0.756578947368421 0.140625 0.3815789473684211