3 0.0326530612244898 0.38372093023255816 0.0653061224489796 0.37209302325581395
3 0.10102040816326531 0.45348837209302323 0.17346938775510204 0.23255813953488372
8 0.21326530612244898 0.5203488372093024 0.16122448979591836 0.09883720930232558
10 0.5520408163265306 0.14825581395348839 0.21122448979591837 0.2558139534883721
1 0.6908163265306122 0.2238372093023256 0.13673469387755102 0.21511627906976744
14 0.823469387755102 0.29069767441860467 0.2 0.2441860465116279
4 0.41122448979591836 0.3313953488372093 0.20612244897959184 0.3226744186046512
6 0.5724489795918367 0.4127906976744186 0.22755102040816327 0.313953488372093
0 0.713265306122449 0.4563953488372093 0.18979591836734694 0.22674418604651161
6 0.8448979591836735 0.49127906976744184 0.20612244897959184 0.1569767441860465
9 0.018367346938775512 0.7093023255813954 0.036734693877551024 0.27906976744186046
18 0.05270800178833741 0.8100798425855393 0.09936250538333458 0.35312464111098385
4 0.11020408163265306 0.8662790697674418 0.08979591836734693 0.26744186046511625
8 0.16428571428571428 0.9215116279069767 0.0836734693877551 0.1569767441860465
1 0.20918367346938777 0.9593023255813954 0.0836734693877551 0.08139534883720931
6 0.26326530612244897 0.9912790697674418 0.08979591836734693 0.01744186046511628
10 0.4387755102040816 0.6337209302325582 0.1357142857142857 0.11627906976744186
7 0.5275510204081633 0.7093023255813954 0.09183673469387756 0.13372093023255813
8 0.5989795918367347 0.7848837209302325 0.09489795918367347 0.13953488372093023
18 0.6673469387755102 0.8546511627906976 0.11122448979591837 0.13953488372093023
1 0.7275510204081632 0.9215116279069767 0.08979591836734693 0.125
1 0.7826530612244897 0.9651162790697675 0.08673469387755102 0.06976744186046512
3 0.8316326530612245 0.9854651162790697 0.08061224489795918 0.02616279069767442