10 0.048693586698337295 0.1905241935483871 0.09738717339667459 0.07862903225806452
2 0.11282660332541568 0.1743951612903226 0.08788598574821853 0.11088709677419355
0 0.16508313539192399 0.1622983870967742 0.0831353919239905 0.1350806451612903
11 0.22921615201900236 0.14213709677419356 0.11401425178147269 0.17540322580645162
2 0.3222552123483172 0.0959161801132826 0.09969569954299097 0.17594671008589569
3 0.3836104513064133 0.07459677419354839 0.09738717339667459 0.14919354838709678
3 0.4507125890736342 0.059475806451612906 0.10570071258907364 0.11895161290322581
8 0.5136579572446556 0.04233870967741935 0.09144893111638955 0.0846774193548387
3 0.753562945368171 0.06653225806451613 0.050475059382422804 0.04838709677419355
0 0.7850356294536817 0.05040322580645161 0.042161520190023755 0.03931451612903226
3 0.7992874109263658 0.037298387096774195 0.04275534441805225 0.04536290322580645
0 0.6478622327790974 0.20262096774193547 0.08491686460807601 0.05443548387096774
0 0.6882422802850356 0.19254032258064516 0.08194774346793349 0.07459677419354839
1 0.7268408551068883 0.1743951612903226 0.08966745843230403 0.08064516129032258
11 0.7737529691211401 0.1461693548387097 0.10570071258907364 0.08971774193548387
0 0.8307600950118765 0.11693548387096774 0.07897862232779097 0.07661290322580645
1 0.8634204275534442 0.09475806451612903 0.07897862232779097 0.07862903225806452
6 0.8937054631828979 0.08064516129032258 0.06769596199524941 0.06754032258064516
5 0.9239904988123515 0.059475806451612906 0.07363420427553444 0.07560483870967742
10 0.12114014251781473 0.6532258064516129 0.24228028503562946 0.4314516129032258
1 0.25930956751929224 0.5476727114134435 0.15671910313817144 0.35179766812222163
9 0.3517469414263602 0.48986578048417195 0.18199191459633537 0.36109411488232
11 0.46258907363420426 0.41431451612903225 0.19358669833729217 0.3487903225806452
4 0.12529691211401425 0.9193548387096774 0.2505938242280285 0.16129032258064516
2 0.30344418052256533 0.8558467741935484 0.28859857482185275 0.28830645161290325
3 0.4524940617577197 0.7903225806451613 0.21377672209026127 0.41935483870967744
0 0.5967933491686461 0.8356854838709677 0.057007125890736345 0.2127016129032258
0 0.6466745843230404 0.7651209677419355 0.06353919239904988 0.23790322580645162
2 0.7048693586698337 0.7328629032258065 0.06532066508313539 0.22983870967741934
18 0.7695961995249406 0.65625 0.07244655581947744 0.2560483870967742
4 0.828978622327791 0.6159274193548387 0.06175771971496437 0.2217741935483871
1 0.8741092636579573 0.5806451612903226 0.04809976247030879 0.20262096774193547
2 0.9233966745843231 0.5594758064516129 0.05166270783847981 0.20362903225806453
5 0.9673396674584323 0.5332661290322581 0.05166270783847981 0.21169354838709678
3 0.7975059382422803 0.5211693548387096 0.02494061757719715 0.10987903225806452
0 0.836104513064133 0.4939516129032258 0.02672209026128266 0.10987903225806452
2 0.8634204275534442 0.4778225806451613 0.02672209026128266 0.10987903225806452