10 0.08056872037914692 0.48138297872340424 0.11492890995260663 0.35106382978723405
1 0.17417061611374407 0.3962765957446808 0.08175355450236967 0.3191489361702128
8 0.22985781990521326 0.3404255319148936 0.08056872037914692 0.3058510638297872
11 0.30450236966824645 0.26861702127659576 0.0995260663507109 0.32978723404255317
9 0.3732227488151659 0.20212765957446807 0.07938388625592417 0.300531914893617
8 0.4277251184834123 0.1622340425531915 0.07345971563981042 0.2872340425531915
9 0.47985781990521326 0.125 0.07464454976303317 0.25
10 0.6907582938388626 0.12234042553191489 0.16350710900473933 0.24468085106382978
5 0.830568720379147 0.06382978723404255 0.13507109004739337 0.1276595744680851
1 0.6516587677725119 0.4308510638297872 0.1848341232227488 0.43617021276595747
5 0.786527021762089 0.3321869876937817 0.1767947504713763 0.41285179133260563
1 0.9111374407582938 0.23670212765957446 0.17772511848341233 0.44148936170212766
0 0.9786729857819905 0.18617021276595744 0.04265402843601896 0.3723404255319149
16 0.041469194312796206 0.8324468085106383 0.08293838862559241 0.3351063829787234
7 0.11137440758293839 0.773936170212766 0.13744075829383887 0.21808510638297873
6 0.2014218009478673 0.7446808510638298 0.13744075829383887 0.1595744680851064
7 0.2890995260663507 0.7074468085106383 0.14218009478672985 0.0851063829787234
10 0.6611374407582938 0.8936170212765957 0.10426540284360189 0.2127659574468085
18 0.9620853080568721 0.8138297872340425 0.07582938388625593 0.2127659574468085
3 0.7559567250155391 0.8682494259853365 0.08139582828444174 0.17381409009073043
3 0.8666849866428212 0.8393294167477758 0.07629736634650647 0.1626182626515491