10 0.04866412213740458 0.13442211055276382 0.08587786259541985 0.2638190954773869
1 0.11164122137404581 0.22236180904522612 0.06393129770992366 0.31155778894472363
8 0.14790076335877864 0.3015075376884422 0.06202290076335878 0.29773869346733667
11 0.1965648854961832 0.40326633165829145 0.07633587786259542 0.3316582914572864
9 0.24141221374045801 0.4635678391959799 0.060114503816793896 0.22738693467336685
8 0.2748091603053435 0.5100502512562815 0.05725190839694656 0.135678391959799
9 0.3110687022900763 0.5452261306532663 0.05629770992366412 0.06532663316582915
10 0.45229007633587787 0.09798994974874371 0.1450381679389313 0.1922110552763819
6 0.5391221374045801 0.1507537688442211 0.11545801526717557 0.2562814070351759
11 0.6106870229007634 0.2550251256281407 0.12881679389312978 0.2776381909547739
1 0.6736641221374046 0.34296482412060303 0.10400763358778627 0.26256281407035176
4 0.7385496183206107 0.4296482412060301 0.12595419847328243 0.2914572864321608
0 0.8015267175572519 0.48743718592964824 0.10305343511450382 0.18090452261306533
5 0.8759541984732825 0.5263819095477387 0.1269083969465649 0.10175879396984924
9 0.16889312977099236 0.6909547738693468 0.28053435114503816 0.22613065326633167
8 0.3148854961832061 0.7273869346733668 0.10687022900763359 0.2989949748743719
10 0.5286259541984732 0.6180904522613065 0.2366412213740458 0.08040201005025126
5 0.6755725190839694 0.6520100502512562 0.1946564885496183 0.14824120603015076
11 0.8187022900763359 0.6771356783919598 0.22137404580152673 0.1984924623115578
1 0.4389312977099237 0.7600502512562815 0.14122137404580154 0.36432160804020103
8 0.5219465648854962 0.8178391959798995 0.2652671755725191 0.36432160804020103
3 0.6803435114503816 0.8580402010050251 0.28053435114503816 0.28391959798994976
0 0.8559160305343512 0.8932160804020101 0.28435114503816794 0.2135678391959799