10 0.1501284495226983 0.3927206294226308 0.13999215017690647 0.3433785467087042
2 0.2616195052738879 0.3849948039758671 0.09380964663152155 0.3184667224328969
0 0.33547626074729675 0.3821828003485945 0.09076536715509166 0.32288261784093153
11 0.4313880126182965 0.37740384615384615 0.13722397476340695 0.3605769230769231
10 0.5930599369085173 0.46634615384615385 0.08753943217665615 0.3798076923076923
3 0.6616719242902208 0.4519230769230769 0.05993690851735016 0.3629807692307692
11 0.7216088328075709 0.43028846153846156 0.07570977917981073 0.3605769230769231
6 0.7878548895899053 0.4014423076923077 0.0638801261829653 0.3245192307692308
8 0.8414826498422713 0.3870192307692308 0.061514195583596214 0.34134615384615385
0 0.889589905362776 0.37259615384615385 0.057570977917981075 0.35096153846153844
7 0.9400630914826499 0.3557692307692308 0.06309148264984227 0.33653846153846156
10 0.10173501577287067 0.9230769230769231 0.09621451104100946 0.15384615384615385
7 0.17902208201892744 0.9206730769230769 0.0804416403785489 0.15865384615384615
11 0.24921135646687698 0.9182692307692307 0.08832807570977919 0.16346153846153846
5 0.33280757097791797 0.9182692307692307 0.08201892744479496 0.16346153846153846
8 0.39747634069400634 0.9158653846153846 0.0694006309148265 0.16826923076923078
0 0.45741324921135645 0.9134615384615384 0.07255520504731862 0.17307692307692307
10 0.5906940063091483 0.9230769230769231 0.10331230283911672 0.1346153846153846
1 0.6608832807570978 0.9134615384615384 0.06072555205047318 0.11778846153846154
7 0.7042586750788643 0.9134615384615384 0.06309148264984227 0.12980769230769232
11 0.7563091482649842 0.90625 0.083596214511041 0.13221153846153846
7 0.8233438485804416 0.9014423076923077 0.06466876971608833 0.125
4 0.8698738170347003 0.8990384615384616 0.061514195583596214 0.12740384615384615
2 0.9140378548895899 0.8966346153846154 0.06309148264984227 0.13221153846153846
6 0.9597791798107256 0.8966346153846154 0.06545741324921135 0.1346153846153846