10 0.16996699669966997 0.08455882352941177 0.1353135313531353 0.16911764705882354
2 0.28795379537953797 0.0900735294117647 0.08745874587458746 0.1801470588235294
0 0.3655115511551155 0.0974264705882353 0.08415841584158416 0.1948529411764706
10 0.5643564356435643 0.03308823529411765 0.1782178217821782 0.0661764705882353
2 0.7136963696369637 0.03125 0.11716171617161716 0.0625
4 0.4768976897689769 0.24816176470588236 0.11551155115511551 0.31985294117647056
6 0.6320132013201321 0.24448529411764705 0.1716171617161716 0.3272058823529412
7 0.7978547854785478 0.24448529411764705 0.17656765676567657 0.3272058823529412
7 0.9422442244224423 0.23529411764705882 0.11551155115511551 0.34558823529411764
12 0.12871287128712872 0.6194852941176471 0.09158415841584158 0.20772058823529413
2 0.21287128712871287 0.6470588235294118 0.066006600660066 0.18566176470588236
11 0.2929042904290429 0.6525735294117647 0.08663366336633663 0.18933823529411764
8 0.07013201320132013 0.8382352941176471 0.09900990099009901 0.2536764705882353
9 0.16831683168316833 0.8529411764705882 0.09735973597359736 0.22977941176470587
4 0.2698019801980198 0.8713235294117647 0.09735973597359736 0.23529411764705882
0 0.3688118811881188 0.8841911764705882 0.09735973597359736 0.23161764705882354
3 0.6724422442244224 0.6323529411764706 0.02557755775577558 0.1323529411764706
0 0.7103960396039604 0.6378676470588235 0.02392739273927393 0.1213235294117647
1 0.7343234323432343 0.6415441176470589 0.026402640264026403 0.1213235294117647
0 0.7698019801980198 0.6525735294117647 0.022277227722772276 0.11948529411764706
2 0.7937293729372937 0.6599264705882353 0.02392739273927393 0.1213235294117647
3 0.8168316831683168 0.6617647058823529 0.022277227722772276 0.12683823529411764
11 0.849009900990099 0.6599264705882353 0.03712871287128713 0.12867647058823528
7 0.5148514851485149 0.7628676470588235 0.11303630363036303 0.2849264705882353
0 0.6485148514851485 0.8069852941176471 0.09653465346534654 0.2536764705882353
7 0.778052805280528 0.8290441176470589 0.10891089108910891 0.2610294117647059
3 0.9100660066006601 0.8511029411764706 0.09983498349834984 0.2426470588235294