1 0.16725978647686832 0.5142405063291139 0.11476868327402136 0.17405063291139242
2 0.24288256227758007 0.4588607594936709 0.1103202846975089 0.2626582278481013
11 0.3265124555160142 0.37816455696202533 0.1396797153024911 0.40348101265822783
5 0.4430604982206406 0.24841772151898733 0.1201067615658363 0.40822784810126583
1 0.5231316725978647 0.16772151898734178 0.1103202846975089 0.33544303797468356
4 0.5951957295373665 0.11234177215189874 0.10854092526690391 0.2231012658227848
1 0.6734875444839857 0.061708860759493674 0.11209964412811388 0.12341772151898735
10 0.7820284697508897 0.3037974683544304 0.10409252669039146 0.3971518987341772
4 0.8629893238434164 0.1550632911392405 0.06583629893238434 0.30854430379746833
16 0.9314946619217082 0.11234177215189874 0.10854092526690391 0.22468354430379747
8 0.7962633451957295 0.4920886075949367 0.09875444839857651 0.24050632911392406
1 0.8727758007117438 0.4208860759493671 0.09163701067615658 0.34968354430379744
4 0.947508896797153 0.2800632911392405 0.09786476868327403 0.3876582278481013
10 0.15658362989323843 0.6977848101265823 0.2491103202846975 0.16139240506329114
5 0.09163701067615658 0.8860759493670886 0.18327402135231316 0.22784810126582278
1 0.25622775800711745 0.8132911392405063 0.298932384341637 0.37341772151898733
0 0.46619217081850534 0.8085443037974683 0.28113879003558717 0.3829113924050633
7 0.6307829181494662 0.7357594936708861 0.19750889679715303 0.23734177215189872
10 0.7571174377224199 0.9224683544303798 0.05516014234875445 0.1550632911392405
2 0.7980427046263345 0.8765822784810127 0.04448398576512456 0.21835443037974683
13 0.8362989323843416 0.810126582278481 0.06316725978647687 0.3370253164556962
2 0.8825622775800712 0.754746835443038 0.04448398576512456 0.27531645569620256
6 0.9119217081850534 0.7215189873417721 0.04715302491103203 0.2088607594936709
4 0.9395017793594306 0.685126582278481 0.046263345195729534 0.1360759493670886
4 0.9688612099644128 0.6439873417721519 0.04715302491103203 0.05379746835443038