1 0.19194312796208532 0.391304347826087 0.12322274881516587 0.13043478260869565
2 0.27014218009478674 0.34057971014492755 0.11848341232227488 0.2318840579710145
11 0.3613744075829384 0.2608695652173913 0.14928909952606634 0.391304347826087
5 0.4822274881516588 0.18115942028985507 0.12559241706161137 0.36231884057971014
1 0.5675355450236966 0.11956521739130435 0.11611374407582939 0.2391304347826087
4 0.6184834123222749 0.06159420289855073 0.061611374407582936 0.12318840579710146
18 0.693127962085308 0.15217391304347827 0.08767772511848342 0.30434782608695654
5 0.7819905213270142 0.10869565217391304 0.12796208530805686 0.21739130434782608
4 0.9004739336492891 0.043478260869565216 0.10426540284360189 0.08695652173913043
10 0.1990521327014218 0.6594202898550725 0.15876777251184834 0.19202898550724637
5 0.31516587677725116 0.5942028985507246 0.11848341232227488 0.17391304347826086
11 0.41350710900473936 0.5434782608695652 0.1362559241706161 0.17028985507246377
4 0.15639810426540285 0.8840579710144928 0.1990521327014218 0.2318840579710145
4 0.30213270142180093 0.8079710144927537 0.18127962085308058 0.2463768115942029
9 0.4253554502369668 0.7318840579710145 0.15876777251184834 0.2210144927536232
3 0.54739336492891 0.6557971014492754 0.17654028436018956 0.22826086956521738
10 0.8364928909952607 0.8152173913043478 0.13744075829383887 0.3695652173913043
1 0.9361438685776813 0.7448560065187625 0.10335713467739686 0.3931244363351897
6 0.9715639810426541 0.644927536231884 0.05687203791469194 0.37681159420289856
5 0.9253554502369669 0.9311594202898551 0.14928909952606634 0.13768115942028986