8 0.035106382978723406 0.4657534246575342 0.07021276595744681 0.3698630136986301
11 0.1372340425531915 0.4609921721478351 0.12978723404255318 0.38201999125033886
2 0.26063829787234044 0.44515400528368393 0.1 0.3723805501863715
9 0.37340425531914895 0.44201799498670685 0.1127659574468085 0.366727003401653
1 0.4702127659574468 0.4246575342465753 0.059574468085106386 0.3698630136986301
10 0.6159574468085106 0.4623287671232877 0.09574468085106383 0.3219178082191781
8 0.6968085106382979 0.4452054794520548 0.0627659574468085 0.2876712328767123
11 0.7585106382978724 0.4349315068493151 0.07659574468085106 0.3047945205479452
1 0.8276595744680851 0.4383561643835616 0.06063829787234042 0.3150684931506849
3 0.8808510638297873 0.4178082191780822 0.05638297872340425 0.3013698630136986
3 0.9340425531914893 0.4143835616438356 0.06063829787234042 0.2945205479452055
3 0.0851063829787234 0.9623287671232876 0.0425531914893617 0.07534246575342465
0 0.14574468085106382 0.9554794520547946 0.04042553191489362 0.08904109589041095
1 0.1829787234042553 0.952054794520548 0.04680851063829787 0.0958904109589041
10 0.674468085106383 0.8458904109589042 0.10531914893617021 0.07876712328767123
4 0.7723404255319148 0.8424657534246576 0.08936170212765958 0.07876712328767123
11 0.8627659574468085 0.839041095890411 0.10212765957446808 0.0821917808219178
5 0.6127659574468085 0.9383561643835616 0.11063829787234042 0.1095890410958904
0 0.7202127659574468 0.934931506849315 0.1074468085106383 0.1095890410958904
8 0.823404255319149 0.9315068493150684 0.1074468085106383 0.1095890410958904
4 0.9276595744680851 0.9246575342465754 0.10531914893617021 0.10273972602739725