11 0.17117117117117117 0.03977272727272727 0.15765765765765766 0.07954545454545454
2 0.29617117117117114 0.06818181818181818 0.12837837837837837 0.13636363636363635
9 0.40878378378378377 0.10795454545454546 0.14189189189189189 0.2159090909090909
1 0.48536036036036034 0.13920454545454544 0.0472972972972973 0.2784090909090909
10 0.5495495495495496 0.06818181818181818 0.08108108108108109 0.13636363636363635
18 0.7560971562774008 0.139619869894961 0.0916922722020388 0.2528365543139037
6 0.6283783783783784 0.08522727272727272 0.06756756756756757 0.17045454545454544
3 0.6880630630630631 0.10795454545454546 0.07882882882882883 0.2159090909090909
4 0.8438221949100143 0.20194217094533118 0.07330716519695409 0.22719642196046894
5 0.9169534800263717 0.26379026135104905 0.0642063839411784 0.22005817396556973
7 0.9628378378378378 0.2869318181818182 0.06981981981981981 0.19886363636363635
2 0.9853603603603603 0.3039772727272727 0.02927927927927928 0.16477272727272727
10 0.10698198198198199 0.5227272727272727 0.16441441441441443 0.2727272727272727
1 0.20945945945945946 0.5454545454545454 0.10810810810810811 0.3181818181818182
6 0.28040540540540543 0.5681818181818182 0.11036036036036036 0.36363636363636365
11 0.38011252072789303 0.6038610341622174 0.12758681766145652 0.3889799842947758
8 0.04954954954954955 0.7840909090909091 0.0990990990990991 0.4318181818181818
2 0.13626126126126126 0.8267045454545454 0.16891891891891891 0.3465909090909091
9 0.25900900900900903 0.8607954545454546 0.16666666666666666 0.2784090909090909
2 0.3783783783783784 0.8863636363636364 0.17567567567567569 0.22727272727272727
11 0.5461711711711712 0.5681818181818182 0.07432432432432433 0.36363636363636365
6 0.6304796097149598 0.5933019180173797 0.14100855892820338 0.38548281083257924
8 0.7330278324807464 0.641893884257857 0.1366875989172322 0.396118232289675
0 0.8254868062347813 0.6892834249471412 0.1301143866540088 0.4063895462935006
7 0.9213700444905779 0.7332858953656111 0.13884807892271778 0.39080052156112705