11 0.041666666666666664 0.21428571428571427 0.08333333333333333 0.3516483516483517
5 0.12976190476190477 0.12912087912087913 0.1261904761904762 0.25824175824175827
1 0.2130952380952381 0.07692307692307693 0.12142857142857143 0.15384615384615385
4 0.2845238095238095 0.03021978021978022 0.10714285714285714 0.06043956043956044
10 0.4154761904761905 0.2802197802197802 0.15476190476190477 0.25
2 0.5261904761904762 0.23076923076923078 0.11547619047619048 0.25
13 0.6214285714285714 0.16483516483516483 0.16428571428571428 0.2967032967032967
4 0.7261904761904762 0.1043956043956044 0.12023809523809524 0.2087912087912088
4 0.8035714285714286 0.07967032967032966 0.11666666666666667 0.15934065934065933
7 0.8785714285714286 0.0521978021978022 0.11785714285714285 0.10164835164835165
5 0.9464285714285714 0.024725274725274724 0.10119047619047619 0.04945054945054945
3 0.2511904761904762 0.47527472527472525 0.05952380952380952 0.13736263736263737
0 0.3130952380952381 0.4478021978021978 0.05 0.08241758241758242
3 0.060714285714285714 0.8461538461538461 0.12142857142857143 0.3076923076923077
11 0.19912320818988394 0.7317770200268511 0.1780614735370212 0.38214223481354487
5 0.3011904761904762 0.6043956043956044 0.07380952380952381 0.32967032967032966
0 0.4682636473249917 0.7815670397494705 0.18996623544178318 0.38390275436781857
6 0.5981983399956812 0.6145538841225201 0.12612002795468846 0.29782497576251793
18 0.6964285714285714 0.5247252747252747 0.1357142857142857 0.23626373626373626
8 0.8095238095238095 0.45604395604395603 0.15714285714285714 0.0989010989010989
1 0.4583333333333333 0.9615384615384616 0.19285714285714287 0.07692307692307693
11 0.6071428571428571 0.8681318681318682 0.20952380952380953 0.26373626373626374
11 0.7666666666666667 0.771978021978022 0.20952380952380953 0.45604395604395603
11 0.9095238095238095 0.6098901098901099 0.18095238095238095 0.4065934065934066