10 0.0286144578313253 0.1532258064516129 0.05572289156626506 0.21505376344086022
1 0.09789156626506024 0.19623655913978494 0.0963855421686747 0.24193548387096775
2 0.17018072289156627 0.22849462365591397 0.09337349397590361 0.24731182795698925
11 0.2545180722891566 0.260752688172043 0.12198795180722892 0.29301075268817206
5 0.36596385542168675 0.30376344086021506 0.0963855421686747 0.23655913978494625
1 0.4397590361445783 0.31451612903225806 0.09337349397590361 0.20161290322580644
4 0.5120481927710844 0.32526881720430106 0.09789156626506024 0.1693548387096774
1 0.5873493975903614 0.3387096774193548 0.09939759036144578 0.13172043010752688
9 0.7153614457831325 0.09408602150537634 0.07530120481927711 0.1881720430107527
11 0.7732609763300416 0.17586307937274878 0.12358028647120227 0.28551444662937414
3 0.8430346731655827 0.27994837710797804 0.09808044629120265 0.24125220885567464
1 0.9066265060240963 0.34946236559139787 0.10240963855421686 0.1935483870967742
0 0.9593373493975904 0.3924731182795699 0.08132530120481928 0.10752688172043011
0 0.08885542168674698 0.5026881720430108 0.17771084337349397 0.11290322580645161
7 0.27710843373493976 0.5053763440860215 0.13253012048192772 0.11827956989247312
7 0.375 0.5134408602150538 0.1355421686746988 0.13440860215053763
8 0.5256024096385542 0.5188172043010753 0.1536144578313253 0.14516129032258066
10 0.05421686746987952 0.7473118279569892 0.10843373493975904 0.40860215053763443
7 0.19842665282519026 0.7744155973862656 0.25429667448108056 0.42111700139291014
5 0.3990963855421687 0.7849462365591398 0.24397590361445784 0.43010752688172044
1 0.5768072289156626 0.7983870967741935 0.20180722891566266 0.4032258064516129
4 0.8012048192771084 0.6397849462365591 0.2469879518072289 0.3870967741935484
1 0.9307228915662651 0.6370967741935484 0.13855421686746988 0.3817204301075269