10 0.10546875 0.2933070866141732 0.11067708333333333 0.19488188976377951
2 0.20442708333333334 0.24015748031496062 0.07421875 0.18110236220472442
1 0.2552083333333333 0.20275590551181102 0.07291666666666667 0.18700787401574803
11 0.3372395833333333 0.14960629921259844 0.09375 0.1968503937007874
4 0.4088541666666667 0.0984251968503937 0.078125 0.17716535433070865
2 0.4635416666666667 0.07677165354330709 0.078125 0.15354330708661418
5 0.51953125 0.06299212598425197 0.08072916666666667 0.12598425196850394
3 0.5677083333333334 0.045275590551181105 0.0625 0.09055118110236221
10 0.6875 0.23228346456692914 0.17708333333333334 0.33070866141732286
1 0.83203125 0.19291338582677164 0.1640625 0.3858267716535433
8 0.9244791666666666 0.16929133858267717 0.15104166666666666 0.33858267716535434
10 0.029947916666666668 0.5255905511811023 0.059895833333333336 0.2559055118110236
1 0.10416666666666667 0.484251968503937 0.13020833333333334 0.1732283464566929
6 0.18619791666666666 0.4625984251968504 0.12760416666666666 0.12992125984251968
11 0.2864583333333333 0.44291338582677164 0.16666666666666666 0.09055118110236221
2 0.10807291666666667 0.7401574803149606 0.21614583333333334 0.3858267716535433
7 0.2755539453964346 0.6542948777681834 0.24301425286905212 0.3967222915740193
3 0.4544270833333333 0.5787401574803149 0.23697916666666666 0.36220472440944884
10 0.6588541666666666 0.8110236220472441 0.06901041666666667 0.281496062992126
5 0.70703125 0.7598425196850394 0.05859375 0.25984251968503935
9 0.7643229166666666 0.7125984251968503 0.06380208333333333 0.265748031496063
18 0.8111979166666666 0.6673228346456693 0.0625 0.2854330708661417
5 0.8541666666666666 0.6220472440944882 0.06380208333333333 0.3169291338582677
5 0.9166666666666666 0.5866141732283464 0.06510416666666667 0.30118110236220474
3 0.9505208333333334 0.5610236220472441 0.061197916666666664 0.32677165354330706
6 0.9791666666666666 0.5452755905511811 0.040364583333333336 0.2952755905511811