2 0.041666666666666664 0.5 0.08333333333333333 0.27586206896551724
1 0.0967741935483871 0.4698275862068966 0.0913978494623656 0.33620689655172414
11 0.20374677528347648 0.41426783381067245 0.11895206097277168 0.3949969665355594
4 0.29362068645867545 0.33363660574585724 0.10007229936190123 0.35664713565255113
2 0.3660840366640997 0.28389728348672166 0.09741540597378807 0.37333607606827884
5 0.4344994894775591 0.22470861323048819 0.1055424794126155 0.40947615137281945
3 0.49731182795698925 0.19827586206896552 0.08064516129032258 0.3448275862068966
10 0.5954301075268817 0.43103448275862066 0.11559139784946236 0.41379310344827586
5 0.6801075268817204 0.40948275862068967 0.12903225806451613 0.45689655172413796
11 0.7647849462365591 0.3793103448275862 0.13709677419354838 0.5172413793103449
4 0.8629032258064516 0.3620689655172414 0.13978494623655913 0.5517241379310345
6 0.9422043010752689 0.33189655172413796 0.11559139784946236 0.6120689655172413
5 0.9838709677419355 0.2974137931034483 0.03225806451612903 0.5948275862068966
7 0.23521505376344087 0.9482758620689655 0.18010752688172044 0.10344827586206896
11 0.3709677419354839 0.896551724137931 0.1827956989247312 0.20689655172413793
6 0.47446236559139787 0.853448275862069 0.12634408602150538 0.29310344827586204
10 0.6424731182795699 0.8405172413793104 0.17204301075268819 0.31896551724137934
4 0.7795698924731183 0.8103448275862069 0.10752688172043011 0.3448275862068966
16 0.8924731182795699 0.7844827586206896 0.1774193548387097 0.29310344827586204
1 0.7943548387096774 0.9568965517241379 0.1478494623655914 0.08620689655172414
4 0.918010752688172 0.8922413793103449 0.1586021505376344 0.21551724137931033