10 0.07463369963369963 0.2876712328767123 0.08974358974358974 0.1969178082191781
2 0.1565934065934066 0.2696917808219178 0.056776556776556776 0.18664383561643835
1 0.20100732600732601 0.2628424657534247 0.05860805860805861 0.1917808219178082
11 0.27106227106227104 0.2320205479452055 0.07371794871794872 0.18236301369863014
4 0.3356227106227106 0.2208904109589041 0.06318681318681318 0.1720890410958904
2 0.3850732600732601 0.2046232876712329 0.061813186813186816 0.18236301369863014
5 0.43315018315018317 0.19606164383561644 0.0641025641025641 0.1969178082191781
3 0.4826007326007326 0.1840753424657534 0.06227106227106227 0.1969178082191781
10 0.7055860805860806 0.1386986301369863 0.08562271062271062 0.1232876712328767
8 0.7825091575091575 0.13013698630136986 0.06913919413919414 0.11815068493150685
11 0.8585164835164835 0.12585616438356165 0.076007326007326 0.11815068493150685
7 0.6410256410256411 0.3236301369863014 0.10302197802197802 0.20376712328767124
0 0.7271062271062271 0.3107876712328767 0.09615384615384616 0.20376712328767124
6 0.8104395604395604 0.2996575342465753 0.09844322344322344 0.20376712328767124
0 0.8896520146520146 0.2868150684931507 0.09157509157509157 0.20376712328767124
10 0.0554029304029304 0.672945205479452 0.08104395604395605 0.1618150684931507
7 0.10897435897435898 0.6797945205479452 0.055860805860805864 0.12585616438356165
7 0.15705128205128205 0.6977739726027398 0.06043956043956044 0.13784246575342465
18 0.2271062271062271 0.7183219178082192 0.08058608058608059 0.1541095890410959
9 0.34065934065934067 0.7568493150684932 0.061813186813186816 0.12243150684931507
1 0.4075091575091575 0.7833904109589042 0.0521978021978022 0.12585616438356165
7 0.4519230769230769 0.8056506849315068 0.052655677655677656 0.13784246575342465
1 0.49862637362637363 0.8133561643835616 0.052655677655677656 0.1344178082191781
1 0.6039377289377289 0.7491438356164384 0.10897435897435898 0.2756849315068493
11 0.7147171914752263 0.7309005460081912 0.15318042114644215 0.2823261854476956
3 0.7564102564102564 0.9597602739726028 0.2509157509157509 0.08047945205479452