10 0.05485611510791367 0.2662037037037037 0.09802158273381295 0.2013888888888889
2 0.14568345323741008 0.24074074074074073 0.06115107913669065 0.18981481481481483
1 0.19424460431654678 0.22916666666666666 0.06384892086330936 0.19444444444444445
11 0.27068345323741005 0.19675925925925927 0.08093525179856115 0.1875
4 0.34172661870503596 0.18055555555555555 0.06924460431654676 0.17592592592592593
2 0.39568345323741005 0.1597222222222222 0.06744604316546762 0.18518518518518517
5 0.447841726618705 0.14583333333333334 0.06924460431654676 0.2013888888888889
3 0.4982014388489209 0.12731481481481483 0.06115107913669065 0.2013888888888889
11 0.5953237410071942 0.31712962962962965 0.13309352517985612 0.19907407407407407
3 0.7562949640287769 0.30787037037037035 0.1672661870503597 0.2175925925925926
7 0.8983812949640287 0.2777777777777778 0.18884892086330934 0.2777777777777778
10 0.16996402877697842 0.6550925925925926 0.12320143884892086 0.18055555555555555
8 0.26888489208633093 0.6134259259259259 0.08453237410071943 0.16435185185185186
11 0.35071942446043164 0.5833333333333334 0.10701438848920863 0.2013888888888889
5 0.1223021582733813 0.8703703703703703 0.12769784172661872 0.2569444444444444
1 0.22841726618705036 0.8564814814814815 0.12140287769784172 0.2523148148148148
6 0.3318345323741007 0.8194444444444444 0.12769784172661872 0.27314814814814814
6 0.43435251798561153 0.7731481481481481 0.1196043165467626 0.2569444444444444
10 0.6447841726618705 0.5486111111111112 0.19244604316546762 0.2638888888888889
1 0.829136690647482 0.5069444444444444 0.14388489208633093 0.18055555555555555
13 0.9487410071942446 0.4791666666666667 0.10251798561151079 0.125
8 0.6070143884892086 0.8425925925925926 0.1564748201438849 0.3148148148148148
6 0.7670863309352518 0.8125 0.17086330935251798 0.375
0 0.9298561151079137 0.7615740740740741 0.14028776978417265 0.4212962962962963