10 0.08035714285714286 0.20412844036697247 0.11964285714285715 0.19954128440366972
2 0.18303571428571427 0.15825688073394495 0.07410714285714286 0.15825688073394495
1 0.23839285714285716 0.13990825688073394 0.07767857142857143 0.16972477064220184
11 0.3223214285714286 0.10550458715596331 0.10803571428571429 0.18577981651376146
4 0.4017857142857143 0.08256880733944955 0.08392857142857142 0.1628440366972477
2 0.4607142857142857 0.07110091743119266 0.08571428571428572 0.14220183486238533
5 0.51875 0.05733944954128441 0.08392857142857142 0.11467889908256881
3 0.575 0.04357798165137615 0.06785714285714285 0.0871559633027523
11 0.6928571428571428 0.25688073394495414 0.16785714285714284 0.2018348623853211
3 0.8625 0.22935779816513763 0.18214285714285713 0.25688073394495414
7 0.9491071428571428 0.1811926605504587 0.10178571428571428 0.3532110091743119
10 0.16071428571428573 0.5779816513761468 0.13303571428571428 0.21100917431192662
7 0.2571428571428571 0.5091743119266054 0.09285714285714286 0.1720183486238532
9 0.3205357142857143 0.4541284403669725 0.09107142857142857 0.1811926605504587
18 0.40714285714285714 0.41284403669724773 0.11071428571428571 0.11009174311926606
6 0.15 0.8165137614678899 0.17589285714285716 0.28440366972477066
0 0.275 0.7362385321100917 0.15089285714285713 0.26605504587155965
9 0.38839285714285715 0.6307339449541285 0.16339285714285715 0.27522935779816515
0 0.5044642857142857 0.5412844036697247 0.15625 0.2798165137614679
10 0.6625 0.7660550458715596 0.0875 0.4197247706422018
1 0.7214285714285714 0.6972477064220184 0.05625 0.36009174311926606
1 0.7616071428571428 0.6559633027522935 0.055357142857142855 0.3646788990825688
11 0.8080357142857143 0.6009174311926605 0.06964285714285715 0.3922018348623853
9 0.8571428571428571 0.5458715596330275 0.05892857142857143 0.3555045871559633
3 0.8964285714285715 0.518348623853211 0.05714285714285714 0.3211009174311927
7 0.9357142857142857 0.5045871559633027 0.059821428571428574 0.29128440366972475
0 0.9732142857142857 0.47477064220183485 0.05357142857142857 0.23394495412844038