10 0.046413502109704644 0.07627118644067797 0.09282700421940929 0.15254237288135594
2 0.1371308016877637 0.0826271186440678 0.07172995780590717 0.1652542372881356
1 0.192564588197213 0.10371761684776473 0.0753494887385167 0.18150115370723066
11 0.2745116439264241 0.1331926024747198 0.10506947887489032 0.20579653044436022
4 0.35327573017786273 0.1651193324615247 0.08175225272555557 0.19064193056252354
2 0.4120712723994627 0.19068112136014692 0.08178907775704963 0.19487921869811684
5 0.46986719984762876 0.20999801148606376 0.08178907775704963 0.19487921869811678
3 0.5031645569620253 0.23516949152542374 0.03164556962025317 0.1906779661016949
9 0.7848101265822784 0.04025423728813559 0.10970464135021098 0.08050847457627118
1 0.5770042194092827 0.18220338983050846 0.1160337552742616 0.3644067796610169
7 0.6919831223628692 0.21398305084745764 0.18565400843881857 0.3686440677966102
10 0.8396624472573839 0.24152542372881355 0.1729957805907173 0.3135593220338983
3 0.22784810126582278 0.4915254237288136 0.02531645569620253 0.1461864406779661
0 0.25843881856540085 0.5211864406779662 0.024261603375527425 0.13135593220338984
1 0.27742616033755274 0.5360169491525424 0.026371308016877638 0.13559322033898305
0 0.3059071729957806 0.5677966101694916 0.023206751054852322 0.1292372881355932
2 0.32383966244725737 0.5889830508474576 0.024261603375527425 0.13135593220338984
3 0.34177215189873417 0.6059322033898306 0.023206751054852322 0.13559322033898305
11 0.3681434599156118 0.625 0.035864978902953586 0.15466101694915255
7 0.0938818565400844 0.548728813559322 0.10232067510548523 0.3008474576271186
0 0.19831223628691982 0.6334745762711864 0.08755274261603375 0.3283898305084746
7 0.30168776371308015 0.7351694915254238 0.0970464135021097 0.3453389830508475
3 0.4061181434599156 0.7923728813559322 0.08966244725738397 0.23516949152542374
10 0.6044303797468354 0.5508474576271186 0.0981012658227848 0.3050847457627119
1 0.6603375527426161 0.586864406779661 0.05590717299578059 0.2711864406779661
3 0.6983122362869199 0.6165254237288136 0.06540084388185655 0.2796610169491525
11 0.7478902953586498 0.6504237288135594 0.07489451476793249 0.2860169491525424
6 0.7953586497890295 0.6800847457627118 0.06329113924050633 0.2690677966101695
1 0.8333333333333334 0.7139830508474576 0.0580168776371308 0.2669491525423729
5 0.8723628691983122 0.7478813559322034 0.06751054852320675 0.2733050847457627
0 0.9135021097046413 0.7690677966101694 0.06540084388185655 0.2690677966101695