7 0.046992481203007516 0.34545454545454546 0.09398496240601503 0.21818181818181817
11 0.16729323308270677 0.36818181818181817 0.19172932330827067 0.17272727272727273
3 0.34022556390977443 0.39545454545454545 0.15413533834586465 0.11818181818181818
10 0.48120300751879697 0.14545454545454545 0.06766917293233082 0.2909090909090909
1 0.5469924812030075 0.17727272727272728 0.09398496240601503 0.35454545454545455
9 0.6115492636574831 0.2052767047186717 0.08834298330544002 0.36010034175462574
11 0.6879699248120301 0.2545454545454545 0.12030075187969924 0.4
8 0.7819548872180451 0.29545454545454547 0.09774436090225563 0.3181818181818182
0 0.849624060150376 0.3090909090909091 0.09022556390977443 0.2909090909090909
7 0.9154135338345865 0.33181818181818185 0.09398496240601503 0.24545454545454545
1 0.9680451127819549 0.35454545454545455 0.06390977443609022 0.2
10 0.18233082706766918 0.6227272727272727 0.10150375939849623 0.1409090909090909
5 0.2575187969924812 0.6681818181818182 0.07894736842105263 0.13636363636363635
11 0.33270676691729323 0.7181818181818181 0.09774436090225563 0.15454545454545454
6 0.11090225563909774 0.7227272727272728 0.10338345864661654 0.16363636363636364
9 0.19360902255639098 0.7772727272727272 0.10714285714285714 0.16363636363636364
2 0.2725563909774436 0.8272727272727273 0.09398496240601503 0.16363636363636364
5 0.35150375939849626 0.8772727272727273 0.10714285714285714 0.18181818181818182
10 0.5695488721804511 0.5045454545454545 0.13157894736842105 0.1
6 0.6823308270676691 0.509090909090909 0.08646616541353383 0.10909090909090909
1 0.75 0.5136363636363637 0.07894736842105263 0.11818181818181818
18 0.8270676691729323 0.5 0.11278195488721804 0.09090909090909091
2 0.5279012064380226 0.736266354182814 0.13297393885599973 0.34509274483519126
9 0.6459608892663559 0.7309623213602071 0.13273302565383588 0.33600183574428216
3 0.7632249822563059 0.7664351202274253 0.1416973018592998 0.3910763271668006
7 0.8959608892663559 0.7485527975225827 0.1600124679361753 0.3742171011776422