10 0.08836858006042296 0.4492753623188406 0.1691842900302115 0.37681159420289856
7 0.19637462235649547 0.3967391304347826 0.12613293051359517 0.4329710144927536
11 0.290785498489426 0.3333333333333333 0.1487915407854985 0.5072463768115942
3 0.3972809667673716 0.22644927536231885 0.12386706948640483 0.45108695652173914
4 0.47129909365558914 0.18478260869565216 0.1163141993957704 0.3695652173913043
3 0.5120845921450151 0.1503623188405797 0.05362537764350453 0.29891304347826086
7 0.6306646525679759 0.1793478260869565 0.1797583081570997 0.358695652173913
6 0.763595166163142 0.16304347826086957 0.19184290030211482 0.32608695652173914
3 0.898036253776435 0.10507246376811594 0.18277945619335348 0.21014492753623187
10 0.06722054380664652 0.8858695652173914 0.12537764350453173 0.22826086956521738
2 0.15256797583081572 0.8514492753623188 0.09138972809667674 0.2644927536231884
13 0.24244712990936557 0.8007246376811594 0.1404833836858006 0.32608695652173914
3 0.338368580060423 0.7536231884057971 0.09969788519637462 0.2318840579710145
5 0.41012084592145015 0.7264492753623188 0.09894259818731117 0.17572463768115942
2 0.48036253776435045 0.697463768115942 0.09969788519637462 0.11956521739130435
10 0.6435045317220544 0.9420289855072463 0.13066465256797583 0.11231884057971014
6 0.7341389728096677 0.9003623188405797 0.10196374622356495 0.13405797101449277
11 0.7922960725075529 0.8333333333333334 0.10800604229607251 0.1286231884057971
7 0.877643504531722 0.7608695652173914 0.08534743202416918 0.11231884057971014
7 0.9259818731117825 0.7101449275362319 0.07477341389728097 0.10507246376811594
2 0.9584592145015106 0.6739130434782609 0.061933534743202415 0.07246376811594203