10 0.04383886255924171 0.21705426356589147 0.08767772511848342 0.24031007751937986
7 0.1066350710900474 0.20736434108527133 0.12322274881516587 0.2596899224806202
11 0.2030792792636122 0.19477247771322842 0.15432276409197795 0.2846370491501125
3 0.3103218061831137 0.1722112176497371 0.11774114485588878 0.26187096189410575
4 0.36018957345971564 0.1511627906976744 0.07582938388625593 0.26356589147286824
10 0.5556872037914692 0.11627906976744186 0.1872037914691943 0.14922480620155038
1 0.6729857819905213 0.10271317829457365 0.12559241706161137 0.13565891472868216
6 0.7559241706161137 0.09496124031007752 0.12796208530805686 0.13372093023255813
11 0.8637440758293838 0.08139534883720931 0.14691943127962084 0.12596899224806202
8 0.5521327014218009 0.25775193798449614 0.20853080568720378 0.15891472868217055
2 0.7002369668246445 0.25193798449612403 0.1943127962085308 0.17054263565891473
9 0.8376777251184834 0.23062015503875968 0.1943127962085308 0.17054263565891473
2 0.9360189573459715 0.2131782945736434 0.12796208530805686 0.17248062015503876
10 0.15639810426540285 0.5406976744186046 0.3127962085308057 0.4069767441860465
8 0.32701421800947866 0.47674418604651164 0.14218009478672985 0.27906976744186046
9 0.21208530805687204 0.8294573643410853 0.36255924170616116 0.34108527131782945
10 0.5023696682464455 0.8042635658914729 0.1362559241706161 0.39147286821705424
3 0.5936018957345972 0.7693798449612403 0.0971563981042654 0.39341085271317827
11 0.6765402843601895 0.7151162790697675 0.11966824644549763 0.40310077519379844
6 0.764218009478673 0.6434108527131783 0.10308056872037914 0.36046511627906974
8 0.8364928909952607 0.6007751937984496 0.09834123222748815 0.37209302325581395
0 0.9016587677725119 0.5891472868217055 0.0924170616113744 0.32170542635658916
7 0.9609004739336493 0.5658914728682171 0.07819905213270142 0.24806201550387597