10 0.07208333333333333 0.18703241895261846 0.08791666666666667 0.20698254364089774
7 0.14083333333333334 0.1901496259351621 0.05541666666666667 0.2057356608478803
11 0.20208333333333334 0.20074812967581046 0.07458333333333333 0.21321695760598502
3 0.27125 0.2082294264339152 0.05375 0.20199501246882792
4 0.31833333333333336 0.20947630922693267 0.05541666666666667 0.20199501246882792
3 0.365 0.21384039900249377 0.050833333333333335 0.20199501246882792
10 0.5975 0.11845386533665836 0.12958333333333333 0.09663341645885287
5 0.7120833333333333 0.11221945137157108 0.07958333333333334 0.09725685785536159
16 0.8108333333333333 0.10286783042394015 0.1 0.09725685785536159
1 0.605 0.2169576059850374 0.10166666666666667 0.10723192019950124
3 0.7083333333333334 0.21134663341645885 0.09541666666666666 0.1128428927680798
0 0.8004166666666667 0.19887780548628428 0.09041666666666667 0.10099750623441396
10 0.14833333333333334 0.5928927680798005 0.08416666666666667 0.1658354114713217
7 0.21833333333333332 0.5810473815461347 0.05541666666666667 0.15835411471321695
11 0.28458333333333335 0.5741895261845387 0.07708333333333334 0.16271820448877805
9 0.10208333333333333 0.7892768079800498 0.10125 0.22069825436408977
5 0.20958333333333334 0.7755610972568578 0.09875 0.2057356608478803
7 0.3154166666666667 0.766209476309227 0.10625 0.22693266832917705
10 0.7918213922372281 0.7460742759380711 0.14864816541810758 0.19704067293704647
1 0.9371904428841257 0.7073732069546682 0.08921959298025285 0.18375819994048215
5 0.9825 0.6845386533665836 0.035 0.18453865336658354
4 0.7395833333333334 0.928927680798005 0.1675 0.14214463840399003
7 0.8895833333333333 0.9139650872817955 0.16083333333333333 0.17206982543640897
0 0.98125 0.8802992518703242 0.0375 0.23690773067331672