0 0.18050541516245489 0.5887850467289719 0.06498194945848375 0.2803738317757009
1 0.24007220216606498 0.5794392523364486 0.06859205776173286 0.2616822429906542
0 0.34296028880866425 0.616822429906542 0.06498194945848375 0.2803738317757009
2 0.40613718411552346 0.6261682242990654 0.061371841155234655 0.29906542056074764
2 0.4693140794223827 0.6355140186915887 0.06498194945848375 0.3177570093457944
11 0.5505415162454874 0.6355140186915887 0.11191335740072202 0.3364485981308411
8 0.6407942238267148 0.6635514018691588 0.08303249097472924 0.37383177570093457
0 0.7093862815884476 0.6635514018691588 0.061371841155234655 0.3925233644859813
4 0.7743682310469314 0.677570093457944 0.07581227436823104 0.38317757009345793
1 0.8447653429602888 0.6869158878504673 0.06498194945848375 0.38317757009345793
3 0.7148014440433214 0.3925233644859813 0.07942238267148015 0.18691588785046728