0 0.09367111817342094 0.20993696590942998 0.087148996959685 0.2124335122786085
1 0.15025396334249705 0.22655930742850236 0.09063319885710269 0.20606054964919152
0 0.2453487215632549 0.29487393181885996 0.087148996959685 0.21243351227860857
2 0.30532292253970494 0.3275592081444128 0.08727279174641003 0.2252540250991214
2 0.36355502256744615 0.3570207093744177 0.0909426858239151 0.23811183170047365
11 0.4412287713011156 0.393097582809296 0.13735146357086933 0.27064793290266864
8 0.524822695035461 0.4391025641025641 0.11347517730496454 0.27564102564102566
0 0.5904255319148937 0.44871794871794873 0.09574468085106383 0.2564102564102564
4 0.6170212765957447 0.47115384615384615 0.0425531914893617 0.21153846153846154
3 0.6046099290780141 0.2948717948717949 0.0673758865248227 0.15384615384615385
18 0.6914893617021277 0.17307692307692307 0.10638297872340426 0.23076923076923078
3 0.745172003317727 0.28661977020411566 0.10469380123349833 0.19338921195203648
1 0.816567193518108 0.4219996773267091 0.10481759602022325 0.2062097247725493
3 0.8936170212765957 0.5096153846153846 0.11347517730496454 0.1346153846153846
10 0.15070921985815602 0.6955128205128205 0.22340425531914893 0.23717948717948717
6 0.3191489361702128 0.7275641025641025 0.1702127659574468 0.30128205128205127
11 0.4787234042553192 0.7916666666666666 0.19858156028368795 0.4166666666666667
5 0.5886524822695035 0.8301282051282052 0.09929078014184398 0.33974358974358976
10 0.7092198581560284 0.6185897435897436 0.14184397163120568 0.08333333333333333
8 0.8386524822695035 0.657051282051282 0.13120567375886524 0.16025641025641027
11 0.9432624113475178 0.6858974358974359 0.11347517730496454 0.21794871794871795
8 0.7145390070921985 0.8173076923076923 0.1524822695035461 0.3141025641025641
5 0.8421985815602837 0.8653846153846154 0.1453900709219858 0.2692307692307692
9 0.9485815602836879 0.9006410256410257 0.10283687943262411 0.1987179487179487