0 0.03409090909090909 0.27044025157232704 0.027892561983471075 0.18238993710691823
1 0.056818181818181816 0.27044025157232704 0.028925619834710745 0.16981132075471697
0 0.09400826446280992 0.3081761006289308 0.027892561983471075 0.18238993710691823
2 0.11776859504132231 0.3238993710691824 0.026859504132231406 0.19339622641509435
2 0.1415289256198347 0.33647798742138363 0.027892561983471075 0.2059748427672956
11 0.1725206611570248 0.3474842767295597 0.045454545454545456 0.22327044025157233
8 0.20557851239669422 0.37735849056603776 0.03615702479338843 0.2468553459119497
0 0.23140495867768596 0.38836477987421386 0.027892561983471075 0.25157232704402516
4 0.25516528925619836 0.40408805031446543 0.03305785123966942 0.2468553459119497
1 0.2809917355371901 0.419811320754717 0.029958677685950414 0.2468553459119497
3 0.2365702479338843 0.21855345911949686 0.03202479338842975 0.12421383647798742
13 0.5010330578512396 0.139937106918239 0.24173553719008264 0.279874213836478
4 0.7697519775690538 0.22952866491315763 0.21884309326880977 0.3497174514490088
18 0.9648760330578512 0.32075471698113206 0.07024793388429752 0.3270440251572327
1 0.4493801652892562 0.40408805031446543 0.1962809917355372 0.3113207547169811
2 0.6084710743801653 0.45754716981132076 0.17148760330578514 0.20440251572327045
4 0.8212809917355371 0.4858490566037736 0.21694214876033058 0.14779874213836477
10 0.03409090909090909 0.800314465408805 0.06818181818181818 0.18867924528301888
1 0.07954545454545454 0.7955974842767296 0.040289256198347105 0.16352201257861634
2 0.11570247933884298 0.7751572327044025 0.045454545454545456 0.16352201257861634
11 0.16012396694214875 0.7594339622641509 0.05475206611570248 0.18081761006289307
4 0.19834710743801653 0.7484276729559748 0.04338842975206612 0.17138364779874213
5 0.23450413223140495 0.7437106918238994 0.03925619834710744 0.1761006289308176
6 0.2675619834710744 0.7279874213836478 0.042355371900826444 0.18396226415094338
4 0.29958677685950413 0.7138364779874213 0.040289256198347105 0.16352201257861634
10 0.49793388429752067 0.6336477987421384 0.18698347107438015 0.14622641509433962
1 0.631198347107438 0.6273584905660378 0.10537190082644628 0.12735849056603774
14 0.7840909090909091 0.6446540880503144 0.1962809917355372 0.1540880503144654
3 0.39462809917355374 0.8364779874213837 0.1115702479338843 0.2783018867924528
4 0.5413223140495868 0.8537735849056604 0.1859504132231405 0.2908805031446541
7 0.7283057851239669 0.860062893081761 0.1921487603305785 0.279874213836478
9 0.9080578512396694 0.8694968553459119 0.1756198347107438 0.2610062893081761