10 0.07203389830508475 0.25 0.1440677966101695 0.5
1 0.1652542372881356 0.2175925925925926 0.1016949152542373 0.4351851851851852
5 0.22245762711864406 0.17592592592592593 0.1016949152542373 0.35185185185185186
11 0.2923728813559322 0.14351851851851852 0.1228813559322034 0.28703703703703703
7 0.361228813559322 0.09722222222222222 0.09957627118644068 0.19444444444444445
8 0.4205508474576271 0.06018518518518518 0.09957627118644068 0.12037037037037036
10 0.649364406779661 0.1574074074074074 0.1260593220338983 0.19444444444444445
18 0.8633474576271186 0.06481481481481481 0.09957627118644068 0.12962962962962962
6 0.7235169491525424 0.1111111111111111 0.0826271186440678 0.16203703703703703
0 0.7838983050847458 0.08333333333333333 0.07521186440677965 0.14351851851851852
2 0.638771186440678 0.36574074074074076 0.1292372881355932 0.24537037037037038
3 0.7298728813559322 0.3194444444444444 0.13665254237288135 0.25462962962962965
9 0.8432203389830508 0.25925925925925924 0.15466101694915255 0.25462962962962965
7 0.9396186440677966 0.20833333333333334 0.11970338983050847 0.2777777777777778
10 0.048728813559322036 0.75 0.0826271186440678 0.2175925925925926
7 0.09639830508474577 0.7268518518518519 0.08050847457627118 0.1712962962962963
7 0.15572033898305085 0.7129629629629629 0.08792372881355932 0.18518518518518517
18 0.24152542372881355 0.6944444444444444 0.11334745762711865 0.2175925925925926
9 0.3813559322033898 0.6620370370370371 0.09004237288135593 0.1712962962962963
1 0.4661016949152542 0.6481481481481481 0.07521186440677965 0.16666666666666666
7 0.5211864406779662 0.6435185185185185 0.07627118644067797 0.18055555555555555
1 0.548728813559322 0.6342592592592593 0.020127118644067795 0.1527777777777778
8 0.628177966101695 0.8333333333333334 0.13771186440677965 0.3333333333333333
11 0.7447033898305084 0.75 0.2055084745762712 0.5
1 0.871822033898305 0.7361111111111112 0.1716101694915254 0.4722222222222222
1 0.9523305084745762 0.6620370370370371 0.09533898305084745 0.32407407407407407