10 0.06914893617021277 0.18323220781825508 0.11063829787234042 0.26380333339985723
1 0.16595744680851063 0.20327581081763998 0.07021276595744681 0.2507469872217043
5 0.22659574468085106 0.20080150655545767 0.06808510638297872 0.2554777677634114
11 0.30106382978723406 0.21169477583100269 0.08723404255319149 0.2668223115154984
7 0.3723404255319149 0.22478225513479452 0.06808510638297872 0.25057580697909776
8 0.4340425531914894 0.23955040373901362 0.06808510638297872 0.23096796384184284
9 0.4968085106382979 0.2470512012880653 0.06808510638297872 0.24567384619478402
2 0.5446808510638298 0.25 0.04680851063829787 0.24509803921568626
3 0.6308510638297873 0.30392156862745096 0.10851063829787234 0.20588235294117646
11 0.7425531914893617 0.27941176470588236 0.14468085106382977 0.2549019607843137
3 0.8659574468085106 0.2622549019607843 0.1276595744680851 0.28921568627450983
1 0.9585106382978723 0.25735294117647056 0.08297872340425531 0.29901960784313725
10 0.08085106382978724 0.7990196078431373 0.11382978723404255 0.34068627450980393
7 0.17659574468085107 0.803921568627451 0.08404255319148936 0.3382352941176471
11 0.25638297872340426 0.7892156862745098 0.0851063829787234 0.32598039215686275
6 0.3276595744680851 0.7843137254901961 0.07340425531914893 0.34558823529411764
1 0.3893617021276596 0.7769607843137255 0.06382978723404255 0.3137254901960784
3 0.44893617021276594 0.7818627450980392 0.06702127659574468 0.3137254901960784
9 0.5148936170212766 0.7671568627450981 0.07446808510638298 0.3112745098039216
0 0.7063829787234043 0.618059494815634 0.15319148936170213 0.30644262452649923
1 0.8361702127659575 0.5378152151048331 0.10638297872340426 0.22914724742444795
5 0.924468085106383 0.5073529411764706 0.10425531914893617 0.20098039215686275
17 0.701063829787234 0.8897058823529411 0.16808510638297872 0.22058823529411764
3 0.8393617021276596 0.8406862745098039 0.15531914893617021 0.31862745098039214
4 0.95 0.7401960784313726 0.1 0.3431372549019608