10 0.057610993657505286 0.11776859504132231 0.09090909090909091 0.23450413223140495
1 0.12315010570824525 0.14979338842975207 0.05919661733615222 0.25206611570247933
9 0.1649048625792812 0.18181818181818182 0.06236786469344609 0.25206611570247933
11 0.23837209302325582 0.24380165289256198 0.080338266384778 0.27169421487603307
8 0.30285412262156447 0.2964876033057851 0.057610993657505286 0.23450413223140495
1 0.3440803382663848 0.3357438016528926 0.056025369978858354 0.22933884297520662
6 0.3831923890063425 0.365702479338843 0.056025369978858354 0.22933884297520662
0 0.4249471458773784 0.38016528925619836 0.056553911205074 0.18491735537190082
10 0.5724101479915433 0.1115702479338843 0.14693446088794926 0.2231404958677686
1 0.6864954504355562 0.1619775294142648 0.10173191661505829 0.19686977038510928
8 0.7657780916551931 0.1992779314958074 0.09624956672690711 0.1881241531480457
11 0.8635350585891284 0.23386123523109867 0.1297576388497572 0.22209904613354203
4 0.5174418604651163 0.2871900826446281 0.09619450317124736 0.32644628099173556
5 0.6300211416490487 0.3646694214876033 0.18816067653276955 0.34917355371900827
1 0.7785412262156448 0.40082644628099173 0.17653276955602537 0.2768595041322314
3 0.9186046511627907 0.43078512396694213 0.16279069767441862 0.21694214876033058
10 0.07822410147991543 0.6291322314049587 0.08879492600422834 0.1797520661157025
8 0.13847780126849896 0.6528925619834711 0.06553911205073996 0.22727272727272727
11 0.19556025369978858 0.6942148760330579 0.07822410147991543 0.30991735537190085
1 0.25158562367864695 0.731404958677686 0.06553911205073996 0.30578512396694213
1 0.2996828752642706 0.7892561983471075 0.06448202959830866 0.30578512396694213
1 0.34619450317124734 0.8047520661157025 0.05866807610993657 0.25826446280991733
0 0.39217758985200846 0.8212809917355371 0.06025369978858351 0.20764462809917356
11 0.9281183932346723 0.5950413223140496 0.14376321353065538 0.1115702479338843
4 0.5184989429175476 0.7334710743801653 0.09830866807610994 0.3884297520661157
0 0.6331923890063424 0.7613636363636364 0.24101479915433405 0.44421487603305787
0 0.8282241014799154 0.7737603305785123 0.2463002114164905 0.4524793388429752
6 0.9497885835095138 0.8078512396694215 0.10042283298097252 0.384297520661157