10 0.061802973977695165 0.4279513888888889 0.08271375464684015 0.3107638888888889
1 0.125 0.4105902777777778 0.05111524163568773 0.2864583333333333
9 0.16310408921933087 0.3949652777777778 0.05390334572490706 0.2864583333333333
11 0.2328066914498141 0.3715277777777778 0.07202602230483271 0.2890625
8 0.29275092936802977 0.3480902777777778 0.05065055762081784 0.265625
1 0.33317843866171004 0.3420138888888889 0.047397769516728624 0.2586805555555556
6 0.370817843866171 0.3324652777777778 0.04925650557620818 0.2725694444444444
0 0.4093866171003718 0.3064236111111111 0.04879182156133829 0.2517361111111111
10 0.595724907063197 0.2534722222222222 0.10455390334572491 0.23177083333333334
8 0.7044609665427509 0.2326388888888889 0.07342007434944238 0.2013888888888889
2 0.7597583643122676 0.2074652777777778 0.06923791821561338 0.2013888888888889
18 0.8434014869888475 0.19618055555555555 0.0887546468401487 0.21354166666666666
8 0.5659851301115242 0.5477430555555556 0.1412639405204461 0.3038194444444444
5 0.6798327137546468 0.5208333333333334 0.13475836431226765 0.3012152777777778
4 0.7894981412639405 0.4939236111111111 0.13011152416356878 0.2951388888888889
1 0.9056691449814126 0.4696180555555556 0.1370817843866171 0.3125
10 0.07946096654275094 0.8880208333333334 0.08410780669144981 0.14322916666666666
3 0.1366171003717472 0.8793402777777778 0.05297397769516728 0.1362847222222222
11 0.18912639405204462 0.8706597222222222 0.07156133828996282 0.1449652777777778
6 0.24442379182156135 0.8559027777777778 0.05947955390334572 0.140625
8 0.2894981412639405 0.8446180555555556 0.05808550185873606 0.13020833333333334
0 0.3308550185873606 0.8376736111111112 0.05111524163568773 0.1293402777777778
7 0.37267657992565056 0.8263888888888888 0.05855018587360595 0.12760416666666666
4 0.6705390334572491 0.8923611111111112 0.266728624535316 0.2152777777777778
3 0.8856877323420075 0.8671875 0.22862453531598512 0.265625