10 0.125 0.14393939393939395 0.0912828947368421 0.09848484848484848
2 0.19654605263157895 0.1388888888888889 0.05263157894736842 0.08838383838383838
11 0.2623355263157895 0.13636363636363635 0.061677631578947366 0.08838383838383838
5 0.06332236842105263 0.26262626262626265 0.07648026315789473 0.12878787878787878
8 0.14473684210526316 0.255050505050505 0.07648026315789473 0.13383838383838384
0 0.22697368421052633 0.25252525252525254 0.08552631578947369 0.13383838383838384
5 0.29605263157894735 0.24494949494949494 0.07648026315789473 0.12878787878787878
10 0.5230263157894737 0.12373737373737374 0.14144736842105263 0.12121212121212122
18 0.8297697368421053 0.17424242424242425 0.10444078947368421 0.12878787878787878
6 0.6307565789473685 0.13636363636363635 0.08470394736842106 0.10606060606060606
0 0.7146381578947368 0.15151515151515152 0.07483552631578948 0.09595959595959595
2 0.4300986842105263 0.2474747474747475 0.14391447368421054 0.16414141414141414
3 0.5633223684210527 0.2702020202020202 0.13980263157894737 0.16666666666666666
9 0.727796052631579 0.3005050505050505 0.1669407894736842 0.16414141414141414
7 0.8898026315789473 0.32575757575757575 0.16776315789473684 0.16666666666666666
10 0.05921052631578947 0.6439393939393939 0.10855263157894737 0.4696969696969697
9 0.1841254653760282 0.6633946939981085 0.14349511533211567 0.4286150865124401
3 0.3001644736842105 0.696969696969697 0.09703947368421052 0.42424242424242425
2 0.3873355263157895 0.6540404040404041 0.07730263157894737 0.3686868686868687
0 0.4562537063483149 0.6890275419171178 0.09121531814585647 0.34556534810344913
11 0.5500002094785598 0.7502978944067531 0.13293711823628615 0.386799659788771
2 0.6875 0.8106060606060606 0.1118421052631579 0.3787878787878788
3 0.7796052631578947 0.8333333333333334 0.10855263157894737 0.3333333333333333
3 0.881578947368421 0.8611111111111112 0.12171052631578948 0.2777777777777778
8 0.9605263157894737 0.8813131313131313 0.07894736842105263 0.23737373737373738