10 0.3043032786885246 0.09183673469387756 0.19672131147540983 0.09183673469387756
2 0.4456967213114754 0.09183673469387756 0.11885245901639344 0.07653061224489796
11 0.5758196721311475 0.09183673469387756 0.13729508196721313 0.07908163265306123
5 0.16393442622950818 0.1836734693877551 0.17520491803278687 0.11224489795918367
8 0.32684426229508196 0.1836734693877551 0.17520491803278687 0.11734693877551021
0 0.48975409836065575 0.1836734693877551 0.19364754098360656 0.11734693877551021
5 0.6280737704918032 0.1760204081632653 0.17520491803278687 0.11224489795918367
1 0.8473360655737705 0.05357142857142857 0.09221311475409837 0.10714285714285714
5 0.9057377049180327 0.0663265306122449 0.09016393442622951 0.1326530612244898
11 0.9600409836065574 0.09438775510204081 0.07991803278688525 0.18877551020408162
10 0.1875 0.4642857142857143 0.15471311475409835 0.20918367346938777
9 0.27561475409836067 0.5433673469387755 0.11885245901639344 0.1760204081632653
11 0.3555327868852459 0.6147959183673469 0.14344262295081966 0.19387755102040816
3 0.4364754098360656 0.6811224489795918 0.11475409836065574 0.16326530612244897
1 0.5112704918032787 0.7474489795918368 0.12192622950819672 0.17857142857142858
0 0.5891393442622951 0.8086734693877551 0.1290983606557377 0.17857142857142858
3 0.6690573770491803 0.8673469387755102 0.1290983606557377 0.1836734693877551
9 0.8627049180327869 0.4336734693877551 0.1598360655737705 0.15306122448979592
18 0.8073770491803278 0.6760204081632653 0.11475409836065574 0.44387755102040816
7 0.9159836065573771 0.7244897959183674 0.1680327868852459 0.4387755102040816