10 0.0603448275862069 0.3764705882352941 0.1206896551724138 0.4117647058823529
1 0.14942528735632185 0.31470588235294117 0.10344827586206896 0.38823529411764707
4 0.22413793103448276 0.25588235294117645 0.1221264367816092 0.40294117647058825
11 0.3218390804597701 0.20588235294117646 0.1221264367816092 0.40294117647058825
3 0.41235632183908044 0.17352941176470588 0.11063218390804598 0.34411764705882353
2 0.49712643678160917 0.1411764705882353 0.11206896551724138 0.2823529411764706
3 0.5833333333333334 0.12058823529411765 0.10919540229885058 0.2411764705882353
5 0.6623563218390804 0.09411764705882353 0.09339080459770115 0.18823529411764706
16 0.7959770114942529 0.08823529411764706 0.1724137931034483 0.17647058823529413
2 0.7557471264367817 0.38823529411764707 0.09195402298850575 0.4
6 0.8533904640798712 0.3411294326363125 0.18472831878226995 0.4728124430191709
10 0.15660919540229884 0.7411764705882353 0.27155172413793105 0.2411764705882353
4 0.35919540229885055 0.6823529411764706 0.17097701149425287 0.18529411764705883
16 0.5301724137931034 0.6617647058823529 0.2614942528735632 0.14705882352941177
8 0.15948275862068967 0.8970588235294118 0.24856321839080459 0.2
1 0.35344827586206895 0.8441176470588235 0.22701149425287356 0.21470588235294116
4 0.5459770114942529 0.7823529411764706 0.24281609195402298 0.21764705882352942
9 0.742816091954023 0.8558823529411764 0.06609195402298851 0.28823529411764703
18 0.8092897507430848 0.8265921097447781 0.1388688278705847 0.32683945981576046
5 0.9055247384135349 0.7799919266476636 0.14027622933413805 0.3621335774628192
5 0.9827586206896551 0.7558823529411764 0.034482758620689655 0.3352941176470588