10 0.03115727002967359 0.46283783783783783 0.06231454005934718 0.4966216216216216
1 0.0771513353115727 0.4341216216216216 0.05118694362017804 0.47635135135135137
4 0.11498516320474778 0.3935810810810811 0.06083086053412463 0.49324324324324326
11 0.16468842729970326 0.36993243243243246 0.06083086053412463 0.49324324324324326
3 0.21068249258160238 0.34121621621621623 0.05415430267062315 0.4780405405405405
2 0.25445103857566764 0.3125 0.05489614243323442 0.4543918918918919
3 0.29821958456973297 0.2939189189189189 0.055637982195845696 0.46959459459459457
5 0.3367952522255193 0.28378378378378377 0.04451038575667656 0.42905405405405406
10 0.44510385756676557 0.6030405405405406 0.17210682492581603 0.2939189189189189
7 0.5682492581602374 0.5760135135135135 0.12166172106824925 0.34797297297297297
11 0.6627447216066842 0.5323511093983263 0.14918249722254937 0.39060382615360284
7 0.7684427872440356 0.4580527815214939 0.12275328063495977 0.39559116903099034
1 0.8480673052333213 0.42098384227325764 0.12126960110973706 0.3954928682599144
5 0.9245859567389538 0.38709667986124774 0.12140810854294531 0.39887124663829276
0 0.9703264094955489 0.3277027027027027 0.05934718100890208 0.3716216216216216
4 0.0771513353115727 0.8834459459459459 0.1543026706231454 0.23310810810810811
4 0.1980712166172107 0.875 0.15578635014836795 0.25
5 0.29673590504451036 0.875 0.12462908011869436 0.25
10 0.5586053412462908 0.8361486486486487 0.1824925816023739 0.12331081081081081
4 0.6839762611275965 0.8175675675675675 0.13204747774480713 0.11148648648648649
16 0.7959940652818991 0.8074324324324325 0.1609792284866469 0.09628378378378379
5 0.4896142433234421 0.9408783783783784 0.1728486646884273 0.11824324324324324
0 0.6224035608308606 0.9307432432432432 0.15801186943620177 0.12837837837837837
6 0.7514836795252225 0.9121621621621622 0.16468842729970326 0.13175675675675674
4 0.8798219584569733 0.893581081081081 0.16765578635014836 0.12837837837837837