2 0.03819444444444445 0.3293269230769231 0.0763888888888889 0.2644230769230769
1 0.11703120293750961 0.3218941884535721 0.10101847902962884 0.27164227446223627
11 0.2189907960251863 0.3100505050768264 0.1287962568074066 0.27365693424060633
2 0.32792176886626373 0.2939027943369809 0.10096460841171638 0.26202688984685163
6 0.3819444444444444 0.2692307692307692 0.032407407407407406 0.25
10 0.5866970034420208 0.14357453412655444 0.1423349866798647 0.2121642641297914
5 0.6990328602329299 0.13969788662823596 0.08906731063016772 0.20349514058022322
11 0.7928367308508423 0.1368819787648503 0.10990064396350119 0.20500613541400065
3 0.53125 0.3701923076923077 0.1597222222222222 0.21153846153846154
2 0.6828703703703703 0.3701923076923077 0.14351851851851852 0.21153846153846154
4 0.8425925925925926 0.37259615384615385 0.17592592592592593 0.20673076923076922
0 0.08486621331070811 0.7605540885023795 0.13086865384161553 0.23055559178623974
1 0.21354045035010197 0.7338141976696486 0.08225754273050441 0.22702993717409223
7 0.2993502103519874 0.7111799114734692 0.11229626470518454 0.21959710065194188
8 0.3773148148148148 0.6658653846153846 0.041666666666666664 0.21634615384615385
4 0.07175925925925926 0.9519230769230769 0.14351851851851852 0.09615384615384616
5 0.2037037037037037 0.9326923076923077 0.13425925925925927 0.1346153846153846
6 0.3333333333333333 0.9158653846153846 0.12962962962962962 0.16826923076923078
0 0.4537037037037037 0.7524038461538461 0.1111111111111111 0.24519230769230768
6 0.5673704256548159 0.7148657953228601 0.0960386903835684 0.2088064978325079
18 0.671712171829698 0.6911707694917477 0.10529794964282765 0.2094780510919646
8 0.7900101451658594 0.6564638427805897 0.12618515359407342 0.2206044305411268
11 0.5381944444444444 0.9326923076923077 0.16435185185185186 0.1346153846153846
11 0.7025462962962963 0.9134615384615384 0.1597222222222222 0.17307692307692307
11 0.8668981481481481 0.8894230769230769 0.16435185185185186 0.22115384615384615