2 0.02546296296296296 0.2400990099009901 0.05092592592592592 0.21287128712871287
1 0.06712962962962964 0.21534653465346534 0.08487654320987655 0.2623762376237624
11 0.13117283950617284 0.1782178217821782 0.10185185185185185 0.33663366336633666
2 0.19984567901234568 0.1311881188118812 0.08487654320987655 0.2623762376237624
6 0.25617283950617287 0.09405940594059406 0.08333333333333333 0.18811881188118812
7 0.3101851851851852 0.06930693069306931 0.08333333333333333 0.13861386138613863
0 0.36419753086419754 0.034653465346534656 0.07716049382716049 0.06930693069306931
7 0.7175925925925926 0.297029702970297 0.08950617283950617 0.09900990099009901
9 0.7893518518518519 0.27970297029702973 0.08796296296296297 0.13366336633663367
6 0.8641975308641975 0.25742574257425743 0.09259259259259259 0.1782178217821782
4 0.9405864197530864 0.23267326732673269 0.09104938271604938 0.22772277227722773
0 0.6374155807913237 0.2530423841857869 0.05189572835740749 0.14032003445359184
3 0.6870497271007201 0.22484386974054496 0.05189572835740749 0.14032003445359184
0 0.7676917453752743 0.18087771941059128 0.05189572835740749 0.14032003445359184
1 0.8180795373186557 0.15525531109793453 0.05189572835740749 0.14032003445359184
10 0.07500537731275715 0.6331169569689568 0.11319439040836769 0.30165235239919586
5 0.17366369873185866 0.5543418417478679 0.09765453581721545 0.28478369509402696
11 0.2629011271531207 0.4966336509555591 0.11000021482956113 0.28639743281935015
3 0.034722222222222224 0.8886138613861386 0.06944444444444445 0.22277227722772278
3 0.11574074074074074 0.8564356435643564 0.11419753086419752 0.2871287128712871
7 0.2204250015014402 0.8156464290908331 0.11829096194945135 0.3666139396897563
1 0.3229413476118998 0.7373756069089078 0.11829096194945135 0.3666139396897563
1 0.4976851851851852 0.9455445544554455 0.125 0.10891089108910891
14 0.6496913580246914 0.8118811881188119 0.21296296296296297 0.37623762376237624
5 0.7812201578863167 0.7376444896695952 0.12988364047386844 0.476936851288523
8 0.8777252982291838 0.636289570902236 0.12816083755445828 0.451982658825333
1 0.9498456790123457 0.5470297029702971 0.10030864197530864 0.400990099009901