10 0.05894736842105263 0.20276497695852536 0.08 0.22004608294930875
4 0.12526315789473685 0.2315668202764977 0.05473684210526316 0.20276497695852536
11 0.1736842105263158 0.26036866359447003 0.06631578947368422 0.22465437788018433
1 0.22473684210526315 0.2857142857142857 0.057368421052631575 0.20967741935483872
2 0.27157894736842103 0.2995391705069124 0.05631578947368421 0.20622119815668202
3 0.3157894736842105 0.3191244239631336 0.05473684210526316 0.20967741935483872
3 0.36473684210526314 0.33640552995391704 0.06315789473684211 0.20276497695852536
10 0.4763157894736842 0.10138248847926268 0.15263157894736842 0.20276497695852536
3 0.5878947368421052 0.15898617511520738 0.10421052631578948 0.31797235023041476
11 0.7031578947368421 0.17857142857142858 0.1726315789473684 0.35714285714285715
6 0.8442105263157895 0.21889400921658986 0.13473684210526315 0.4377880184331797
7 0.9447368421052632 0.22004608294930875 0.11052631578947368 0.43548387096774194
10 0.05526315789473684 0.5771889400921659 0.057368421052631575 0.15552995391705068
9 0.1031578947368421 0.6405529953917051 0.0431578947368421 0.1359447004608295
0 0.14210526315789473 0.673963133640553 0.04263157894736842 0.14400921658986174
18 0.19736842105263158 0.7546082949308756 0.05052631578947368 0.16359447004608296
1 0.3131578947368421 0.8974654377880185 0.035263157894736843 0.1313364055299539
1 0.34789473684210526 0.9389400921658986 0.032105263157894734 0.12211981566820276
0 0.3794736842105263 0.9527649769585254 0.03684210526315789 0.09331797235023041
10 0.4726315789473684 0.6670506912442397 0.10736842105263159 0.4078341013824885
3 0.5715789473684211 0.716589861751152 0.07578947368421053 0.36981566820276496
16 0.6563157894736842 0.7569124423963134 0.11421052631578947 0.39055299539170507
3 0.7547368421052632 0.8006912442396313 0.07736842105263157 0.3640552995391705
9 0.8205263157894737 0.8214285714285714 0.07736842105263157 0.35714285714285715
9 0.8842105263157894 0.8329493087557603 0.07578947368421053 0.33410138248847926
6 0.9478947368421052 0.847926267281106 0.07736842105263157 0.30414746543778803