4 0.062229395203315184 0.2812516354849151 0.12210280165353168 0.4030328791368306
11 0.14190746368982865 0.3547142339483679 0.14791787725311736 0.45102296568556366
1 0.225 0.41455696202531644 0.13 0.3987341772151899
2 0.30625 0.439873417721519 0.1275 0.34810126582278483
3 0.38 0.4651898734177215 0.125 0.2974683544303797
3 0.42 0.49683544303797467 0.06 0.23417721518987342
10 0.63375 0.12974683544303797 0.15375 0.25949367088607594
5 0.7375 0.22784810126582278 0.105 0.23734177215189872
11 0.83125 0.31962025316455694 0.13 0.25949367088607594
1 0.69625 0.38924050632911394 0.29 0.4240506329113924
10 0.06125 0.7088607594936709 0.1225 0.189873417721519
5 0.18125 0.7563291139240507 0.1725 0.2848101265822785
11 0.3225 0.8006329113924051 0.205 0.37341772151898733
8 0.1225 0.8544303797468354 0.245 0.2911392405063291
9 0.3225 0.9177215189873418 0.235 0.16455696202531644
10 0.5425 0.7721518987341772 0.17 0.31645569620253167
1 0.6475 0.8069620253164557 0.14 0.3860759493670886
6 0.73 0.8069620253164557 0.145 0.3860759493670886
11 0.83875 0.8322784810126582 0.1825 0.33544303797468356
1 0.9375 0.8892405063291139 0.125 0.22151898734177214