10 0.07468553459119497 0.22115384615384615 0.0959119496855346 0.2932692307692308
1 0.14386792452830188 0.2692307692307692 0.05267295597484277 0.25721153846153844
6 0.18867924528301888 0.2980769230769231 0.055031446540880505 0.2860576923076923
11 0.24764150943396226 0.32211538461538464 0.07468553459119497 0.28365384615384615
5 0.32154088050314467 0.36538461538461536 0.0809748427672956 0.30288461538461536
5 0.38522012578616355 0.4110576923076923 0.0770440251572327 0.2956730769230769
4 0.4528301886792453 0.43990384615384615 0.07389937106918239 0.2668269230769231
9 0.5196540880503144 0.46875 0.08333333333333333 0.27163461538461536
0 0.7152762814571026 0.23025212917057017 0.1502524190015557 0.4491184287245599
10 0.8621744849624545 0.26845287368231757 0.10016670381475148 0.46419637219071636
9 0.9559748427672956 0.2932692307692308 0.0880503144654088 0.41346153846153844
2 0.008647798742138365 0.7475961538461539 0.01729559748427673 0.20673076923076922
3 0.04417318341254275 0.7980464850846504 0.07253896871273915 0.2001007285391791
11 0.15644654088050314 0.8918269230769231 0.10849056603773585 0.21634615384615385
7 0.264937106918239 0.9350961538461539 0.08018867924528301 0.12980769230769232
9 0.33647798742138363 0.9639423076923077 0.08176100628930817 0.07211538461538461
0 0.20348146534748568 0.7734435048657482 0.04970288929718374 0.109642040344084
3 0.2535671805342898 0.8064424844765148 0.0481763122975588 0.11416971646201682
0 0.3356568499016087 0.8692202575158136 0.0481763122975588 0.11416971646201682
1 0.3865058535882253 0.9047630913753062 0.0481763122975588 0.11416971646201682
10 0.7366352201257862 0.7043269230769231 0.09669811320754718 0.12740384615384615
3 0.8105345911949685 0.7307692307692307 0.06839622641509434 0.12259615384615384
11 0.8836477987421384 0.7548076923076923 0.08647798742138364 0.11778846153846154
9 0.6650943396226415 0.8197115384615384 0.0880503144654088 0.17307692307692307
3 0.7389937106918238 0.84375 0.09119496855345911 0.16346153846153846
8 0.8207547169811321 0.8774038461538461 0.10377358490566038 0.16826923076923078
5 0.910377358490566 0.90625 0.11320754716981132 0.18269230769230768