6 0.023952095808383235 0.22872340425531915 0.04790419161676647 0.4574468085106383
11 0.08682634730538923 0.2127659574468085 0.11377245508982035 0.425531914893617
5 0.19011976047904192 0.2074468085106383 0.12275449101796407 0.4148936170212766
5 0.28293413173652693 0.19148936170212766 0.11676646706586827 0.3829787234042553
4 0.37425149700598803 0.1595744680851064 0.11377245508982035 0.3191489361702128
9 0.437125748502994 0.14893617021276595 0.059880239520958084 0.2978723404255319
10 0.5179640718562875 0.4095744680851064 0.10179640718562874 0.32978723404255317
2 0.6347305389221557 0.3882978723404255 0.10179640718562874 0.3723404255319149
1 0.7170658682634731 0.3617021276595745 0.10479041916167664 0.425531914893617
11 0.8382932357781365 0.3036974827402706 0.14499529929705482 0.4551646587422319
4 0.9476047904191617 0.2393617021276596 0.10479041916167664 0.43617021276595747
8 0.038922155688622756 0.776595744680851 0.07784431137724551 0.40425531914893614
11 0.11377245508982035 0.7819148936170213 0.11976047904191617 0.4148936170212766
1 0.21706586826347304 0.776595744680851 0.09281437125748503 0.40425531914893614
2 0.29191616766467066 0.7712765957446809 0.09880239520958084 0.39361702127659576
8 0.36976047904191617 0.7819148936170213 0.09880239520958084 0.4148936170212766
1 0.4311377245508982 0.7659574468085106 0.0718562874251497 0.3829787234042553
4 0.49700598802395207 0.7925531914893617 0.059880239520958084 0.4148936170212766
11 0.5883233532934131 0.7872340425531915 0.16467065868263472 0.425531914893617
3 0.7200598802395209 0.7872340425531915 0.1467065868263473 0.425531914893617
2 0.8473053892215568 0.7872340425531915 0.1497005988023952 0.425531914893617
3 0.9491017964071856 0.7872340425531915 0.10179640718562874 0.425531914893617