3 0.5261627906976745 0.3293269230769231 0.03837209302325582 0.12980769230769232
0 0.5982558139534884 0.3245192307692308 0.029069767441860465 0.12980769230769232
1 0.6290697674418605 0.3245192307692308 0.027906976744186046 0.1201923076923077
0 0.1941860465116279 0.5504807692307693 0.06511627906976744 0.35096153846153844
2 0.2622093023255814 0.5552884615384616 0.07093023255813953 0.35096153846153844
3 0.32965116279069767 0.5721153846153846 0.07325581395348837 0.38461538461538464
11 0.4313953488372093 0.5673076923076923 0.10232558139534884 0.375
0 0.5453488372093023 0.5793269230769231 0.08372093023255814 0.35096153846153844
8 0.6331395348837209 0.5769230769230769 0.08953488372093023 0.36538461538461536
7 0.7186046511627907 0.5745192307692307 0.08837209302325581 0.3701923076923077
5 0.8063953488372093 0.5889423076923077 0.08488372093023255 0.3894230769230769