3 0.29512893982808025 0.08620689655172414 0.05730659025787966 0.1724137931034483
0 0.37965616045845274 0.028735632183908046 0.045845272206303724 0.05747126436781609
2 0.03008595988538682 0.5287356321839081 0.06017191977077364 0.13793103448275862
3 0.0830945558739255 0.47988505747126436 0.12034383954154727 0.23563218390804597
11 0.2034383954154728 0.39655172413793105 0.15472779369627507 0.40229885057471265
0 0.3394321848912745 0.33045977011494254 0.13045684937777458 0.5229885057471264
8 0.44340974212034384 0.23563218390804597 0.13896848137535817 0.47126436781609193
7 0.501432664756447 0.1752873563218391 0.054441260744985676 0.3505747126436782
0 0.579512893982808 0.29310344827586204 0.1017191977077364 0.21551724137931033
6 0.6540114613180515 0.20977011494252873 0.07163323782234957 0.1724137931034483
18 0.7148997134670487 0.14942528735632185 0.07736389684813753 0.1781609195402299
8 0.7843839541547278 0.08333333333333333 0.09025787965616046 0.16666666666666666
1 0.5773638968481375 0.49712643678160917 0.08882521489971347 0.20114942528735633
11 0.6597421203438395 0.4367816091954023 0.11962750716332378 0.27011494252873564
11 0.7564469914040115 0.34195402298850575 0.11819484240687679 0.27011494252873564
11 0.8517191977077364 0.2442528735632184 0.11962750716332378 0.27011494252873564
0 0.05730659025787966 0.7528735632183908 0.11461318051575932 0.1724137931034483
5 0.14469914040114612 0.7126436781609196 0.09742120343839542 0.14942528735632185
4 0.21991404011461319 0.6752873563218391 0.10028653295128939 0.14655172413793102
8 0.3044412607449857 0.6580459770114943 0.11461318051575932 0.11781609195402298
5 0.04799426934097421 0.9252873563218391 0.09527220630372493 0.14942528735632185
10 0.1310888252148997 0.8994252873563219 0.14040114613180515 0.19827586206896552
4 0.2492836676217765 0.853448275862069 0.1504297994269341 0.21839080459770116
17 0.3660458452722063 0.7931034482758621 0.15401146131805157 0.20689655172413793
10 0.5479942693409742 0.9195402298850575 0.03868194842406877 0.16091954022988506
3 0.580945558739255 0.8850574712643678 0.08739255014326648 0.22988505747126436
11 0.6425501432664756 0.8218390804597702 0.0988538681948424 0.3563218390804598
6 0.7127507163323782 0.7988505747126436 0.09598853868194843 0.40229885057471265
7 0.7765042979942693 0.7557471264367817 0.08882521489971347 0.3160919540229885
2 0.8359598853868195 0.7011494252873564 0.08452722063037249 0.20689655172413793
4 0.8989971346704871 0.6609195402298851 0.09598853868194843 0.12643678160919541