3 0.3331043956043956 0.17045454545454544 0.05357142857142857 0.2159090909090909
2 0.03914835164835165 0.16193181818181818 0.0782967032967033 0.32386363636363635
3 0.09340659340659341 0.22727272727272727 0.12362637362637363 0.45454545454545453
11 0.20535714285714285 0.23011363636363635 0.15521978021978022 0.44886363636363635
0 0.3118131868131868 0.32954545454545453 0.09615384615384616 0.25
10 0.45467032967032966 0.07670454545454546 0.17032967032967034 0.15056818181818182
8 0.5638736263736264 0.09659090909090909 0.11126373626373626 0.19318181818181818
2 0.6263736263736264 0.16477272727272727 0.09478021978021978 0.17897727272727273
18 0.6806318681318682 0.21306818181818182 0.10302197802197802 0.19318181818181818
1 0.7369505494505495 0.26136363636363635 0.09203296703296704 0.17613636363636365
5 0.790521978021978 0.3039772727272727 0.10782967032967034 0.1903409090909091
4 0.8667582417582418 0.3522727272727273 0.09065934065934066 0.13352272727272727
5 0.9175824175824175 0.3693181818181818 0.10302197802197802 0.09375
10 0.05563186813186813 0.6051136363636364 0.09478021978021978 0.30113636363636365
6 0.11744505494505494 0.6392045454545454 0.07554945054945054 0.3693181818181818
11 0.1770497250492826 0.748762145277702 0.08616763845716414 0.3965599142776416
5 0.2287087912087912 0.8181818181818182 0.07280219780219781 0.36363636363636365
3 0.2774725274725275 0.8522727272727273 0.07692307692307693 0.29545454545454547
9 0.32554945054945056 0.8806818181818182 0.06868131868131869 0.23863636363636365
3 0.6586538461538461 0.5340909090909091 0.044642857142857144 0.1590909090909091
0 0.6991758241758241 0.5681818181818182 0.03777472527472527 0.13352272727272727
1 0.7266483516483516 0.5965909090909091 0.04120879120879121 0.13920454545454544
0 0.7651098901098901 0.6477272727272727 0.03983516483516483 0.13920454545454544
2 0.790521978021978 0.6761363636363636 0.03983516483516483 0.14488636363636365
3 0.8159340659340659 0.7073863636363636 0.04120879120879121 0.15625
11 0.8523351648351648 0.7414772727272727 0.04945054945054945 0.16761363636363635
7 0.46222527472527475 0.5681818181818182 0.1504120879120879 0.22443181818181818
0 0.6112637362637363 0.6505681818181818 0.13598901098901098 0.3693181818181818
7 0.7527472527472527 0.7840909090909091 0.14972527472527472 0.32670454545454547
3 0.8990384615384616 0.8522727272727273 0.13804945054945056 0.14488636363636365