10 0.07522796352583587 0.2751322751322751 0.06990881458966565 0.1626984126984127
1 0.11854103343465046 0.27380952380952384 0.03875379939209726 0.1111111111111111
13 0.16109422492401215 0.2671957671957672 0.06306990881458967 0.15608465608465608
2 0.06610942249240122 0.4060846560846561 0.10410334346504559 0.24603174603174602
4 0.15881458966565348 0.4087301587301587 0.10410334346504559 0.24603174603174602
0 0.26063829787234044 0.39021164021164023 0.11170212765957446 0.22354497354497355
10 0.4004559270516717 0.4087301587301587 0.08738601823708207 0.25
1 0.4635258358662614 0.4060846560846561 0.13601823708206687 0.26322751322751325
9 0.5273556231003039 0.37962962962962965 0.1276595744680851 0.25132275132275134
11 0.6124620060790273 0.3531746031746032 0.1656534954407295 0.28835978835978837
8 0.71580547112462 0.3253968253968254 0.1405775075987842 0.2698412698412698
0 0.78419452887538 0.2896825396825397 0.13221884498480244 0.26322751322751325
7 0.8548632218844985 0.2698412698412698 0.13601823708206687 0.25793650793650796
1 0.9293313069908815 0.24603174603174602 0.1413373860182371 0.27645502645502645
10 0.12082066869300911 0.9034391534391535 0.1778115501519757 0.1931216931216931
1 0.22998506902276097 0.8390737918317628 0.12656922846842594 0.25483534989174944
14 0.29103343465045595 0.7261904761904762 0.11702127659574468 0.30952380952380953
2 0.30927051671732525 0.9285714285714286 0.08054711246200608 0.14285714285714285
10 0.540273556231003 0.9166666666666666 0.1656534954407295 0.16666666666666666
1 0.6542553191489362 0.9087301587301587 0.12310030395136778 0.18253968253968253
6 0.7317629179331308 0.8941798941798942 0.12006079027355623 0.21164021164021163
11 0.8335866261398176 0.8677248677248677 0.1534954407294833 0.26455026455026454