10 0.2441860465116279 0.10042735042735043 0.0941860465116279 0.08226495726495726
1 0.30116279069767443 0.1346153846153846 0.05058139534883721 0.05982905982905983
13 0.35872093023255813 0.16346153846153846 0.08430232558139535 0.08012820512820513
1 0.08430232558139535 0.09294871794871795 0.12151162790697674 0.12286324786324786
2 0.19534883720930232 0.1581196581196581 0.13953488372093023 0.125
4 0.31453488372093025 0.23183760683760685 0.14186046511627906 0.125
0 0.4517441860465116 0.31303418803418803 0.16453488372093023 0.13034188034188035
7 0.6604651162790698 0.1997863247863248 0.08139534883720931 0.23717948717948717
11 0.7326507312438303 0.20595863325631575 0.11067126292891084 0.2436927836224123
7 0.8175344521740628 0.20958917569211835 0.08989006039815639 0.24707108565147215
1 0.8801535870749532 0.22400205244857616 0.08872726970048196 0.24702135219344754
5 0.9404471405804946 0.23831546228898462 0.0888017847141745 0.2491581043301997
0 0.9790697674418605 0.23504273504273504 0.04186046511627907 0.23504273504273504
10 0.12616279069767442 0.5106837606837606 0.2058139534883721 0.26495726495726496
1 0.2993336080214964 0.528466151765053 0.1357899522247122 0.2981062562017096
3 0.3970002186407071 0.5657136869007606 0.12277570950921599 0.2911489317531815
11 0.5383720930232558 0.6089743589743589 0.16279069767441862 0.3247863247863248
3 0.053488372093023255 0.7938034188034188 0.10697674418604651 0.41239316239316237
6 0.2069767441860465 0.8311965811965812 0.26046511627906976 0.33760683760683763
3 0.4197674418604651 0.8675213675213675 0.24883720930232558 0.26495726495726496
2 0.5674418604651162 0.8985042735042735 0.10465116279069768 0.202991452991453
10 0.7627906976744186 0.6346153846153846 0.07151162790697674 0.16666666666666666
1 0.8133720930232559 0.6410256410256411 0.04941860465116279 0.1581196581196581
0 0.8470930232558139 0.6463675213675214 0.046511627906976744 0.16880341880341881
11 0.8912790697674419 0.6527777777777778 0.0686046511627907 0.16987179487179488
3 0.725 0.7927350427350427 0.08604651162790698 0.21901709401709402
9 0.7941860465116279 0.8151709401709402 0.08604651162790698 0.21581196581196582
7 0.8622093023255814 0.8322649572649573 0.08255813953488372 0.20833333333333334
4 0.9308139534883721 0.8386752136752137 0.08430232558139535 0.21901709401709402