10 0.07261029411764706 0.08816425120772947 0.08455882352941177 0.16666666666666666
2 0.12775735294117646 0.13285024154589373 0.0625 0.23067632850241546
13 0.18382352941176472 0.21618357487922704 0.09466911764705882 0.36835748792270534
3 0.24540441176470587 0.3140096618357488 0.06801470588235294 0.2898550724637681
5 0.2913602941176471 0.35507246376811596 0.06709558823529412 0.20772946859903382
2 0.33731617647058826 0.392512077294686 0.06801470588235294 0.13285024154589373
8 0.3795955882352941 0.44323671497584544 0.05514705882352941 0.030193236714975844
2 0.6047794117647058 0.12681159420289856 0.23529411764705882 0.2536231884057971
5 0.7619485294117647 0.1292270531400966 0.21507352941176472 0.2584541062801932
9 0.9053308823529411 0.14130434782608695 0.18933823529411764 0.2826086956521739
10 0.3005514705882353 0.5772946859903382 0.21875 0.23671497584541062
9 0.18248215813326288 0.7557244514753452 0.2526217904871732 0.35093653636218874
8 0.3483455882352941 0.8285024154589372 0.12316176470588236 0.34299516908212563
10 0.5606617647058824 0.5579710144927537 0.10661764705882353 0.18357487922705315
1 0.6158088235294118 0.607487922705314 0.078125 0.17028985507246377
9 0.6507352941176471 0.6388888888888888 0.08272058823529412 0.17028985507246377
11 0.6976102941176471 0.6847826086956522 0.0900735294117647 0.178743961352657
7 0.7518382352941176 0.7391304347826086 0.09466911764705882 0.1859903381642512
8 0.8023897058823529 0.788647342995169 0.0900735294117647 0.1751207729468599
3 0.8501838235294118 0.8333333333333334 0.08547794117647059 0.17028985507246377
7 0.8998161764705882 0.8804347826086957 0.10202205882352941 0.1823671497584541