10 0.07544757033248081 0.10098039215686275 0.08631713554987212 0.20098039215686275
2 0.12915601023017903 0.1392156862745098 0.06585677749360613 0.2784313725490196
13 0.18350383631713554 0.22058823529411764 0.100383631713555 0.4411764705882353
3 0.24296675191815856 0.31862745098039214 0.07289002557544758 0.40098039215686276
5 0.2864450127877238 0.39509803921568626 0.07352941176470588 0.3764705882352941
2 0.33248081841432225 0.4284313725490196 0.07161125319693094 0.2950980392156863
8 0.37851662404092073 0.4764705882352941 0.07033248081841433 0.18137254901960784
10 0.6438618925831202 0.10882352941176471 0.1265984654731458 0.21764705882352942
7 0.7404092071611253 0.17647058823529413 0.09143222506393862 0.20588235294117646
11 0.8145780051150895 0.24705882352941178 0.11445012787723785 0.246078431372549
3 0.5421994884910486 0.27647058823529413 0.16240409207161124 0.307843137254902
7 0.6898976982097187 0.39215686274509803 0.18478260869565216 0.3352941176470588
3 0.8312020460358056 0.4666666666666667 0.17647058823529413 0.27058823529411763
10 0.09526854219948849 0.788235294117647 0.19053708439897699 0.28627450980392155
2 0.23539414082126098 0.8303889500430477 0.17220402888048328 0.2631870845264735
9 0.33231203280267874 0.8291066392952579 0.14656330975943885 0.24227827154540835
18 0.4156010230179028 0.85 0.04859335038363171 0.2568627450980392
0 0.19373401534526855 0.953921568627451 0.26214833759590794 0.09215686274509804
10 0.6400255754475703 0.703921568627451 0.15664961636828645 0.1480392156862745
5 0.7340153452685422 0.7392156862745098 0.11061381074168798 0.1323529411764706
11 0.8126598465473146 0.7696078431372549 0.1285166240409207 0.1411764705882353
3 0.540920716112532 0.8176470588235294 0.18350383631713554 0.19509803921568628
2 0.6681585677749361 0.865686274509804 0.1656010230179028 0.1784313725490196
4 0.8005115089514067 0.907843137254902 0.1956521739130435 0.1588235294117647