10 0.15522388059701492 0.14903846153846154 0.09253731343283582 0.18990384615384615
1 0.21865671641791046 0.1778846153846154 0.06194029850746269 0.1778846153846154
4 0.27761194029850744 0.20432692307692307 0.07313432835820896 0.1875
11 0.3417910447761194 0.23076923076923078 0.08134328358208955 0.18990384615384615
7 0.08955223880597014 0.33653846153846156 0.10223880597014925 0.27163461538461536
5 0.1865671641791045 0.37740384615384615 0.11044776119402985 0.25721153846153844
9 0.28134328358208954 0.4230769230769231 0.11641791044776119 0.2548076923076923
9 0.3805970149253731 0.47596153846153844 0.11492537313432835 0.25961538461538464
0 0.6328358208955224 0.06490384615384616 0.08656716417910448 0.12980769230769232
7 0.7276119402985075 0.0625 0.06417910447761194 0.125
7 0.7761194029850746 0.06490384615384616 0.06567164179104477 0.12980769230769232
8 0.8485074626865672 0.0625 0.07313432835820896 0.125
10 0.6014632433661359 0.3146880851051286 0.11247357681880205 0.34414768061623957
7 0.7029557806795687 0.3222973041829066 0.12292133801283182 0.3449309825801286
5 0.8033098693539505 0.3178313423511761 0.11577239543153532 0.35398686579273525
1 0.9022498567113664 0.31565732639273614 0.12127192870646522 0.3400113899918807
9 0.04402985074626865 0.7379807692307693 0.0880597014925373 0.2644230769230769
1 0.1537313432835821 0.7716346153846154 0.11044776119402985 0.3317307692307692
6 0.25597014925373135 0.7884615384615384 0.12388059701492538 0.36538461538461536
1 0.3776119402985075 0.7956730769230769 0.12835820895522387 0.3798076923076923
6 0.43955223880597016 0.8028846153846154 0.04029850746268657 0.3942307692307692
10 0.4873134328358209 0.71875 0.05522388059701493 0.22596153846153846
1 0.5567051510076413 0.7480558142369664 0.07382898542360472 0.2549236123444446
7 0.6178588361698734 0.7742223909840819 0.07280706408897346 0.269234788986966
11 0.6870242598745382 0.8177753922108983 0.09550886777633372 0.28052867781068397
4 0.759999462859252 0.8640119902929497 0.07280706408897346 0.2692347889869659
4 0.8164179104477612 0.8822115384615384 0.07462686567164178 0.23557692307692307
9 0.8791044776119403 0.9086538461538461 0.07164179104477612 0.18269230769230768
8 0.9380597014925374 0.9230769230769231 0.0791044776119403 0.15384615384615385