10 0.1922043010752688 0.15330188679245282 0.15456989247311828 0.1721698113207547
1 0.3010752688172043 0.14386792452830188 0.10349462365591398 0.16745283018867924
4 0.39919354838709675 0.13679245283018868 0.12231182795698925 0.17452830188679244
11 0.5080645161290323 0.125 0.13709677419354838 0.17688679245283018
7 0.1196236559139785 0.3584905660377358 0.17204301075268819 0.24764150943396226
5 0.28225806451612906 0.3466981132075472 0.1814516129032258 0.24056603773584906
9 0.4435483870967742 0.33726415094339623 0.1922043010752688 0.23113207547169812
9 0.614247311827957 0.33254716981132076 0.18951612903225806 0.24056603773584906
10 0.7688172043010753 0.42452830188679247 0.04838709677419355 0.20754716981132076
1 0.8077956989247311 0.4009433962264151 0.033602150537634407 0.23349056603773585
2 0.831989247311828 0.375 0.03225806451612903 0.25
11 0.8602150537634409 0.3278301886792453 0.041666666666666664 0.27358490566037735
5 0.8991935483870968 0.28773584905660377 0.03494623655913978 0.27122641509433965
1 0.9247311827956989 0.25235849056603776 0.03225806451612903 0.25471698113207547
4 0.9489247311827957 0.21226415094339623 0.030913978494623656 0.25471698113207547
1 0.9744623655913979 0.18160377358490565 0.033602150537634407 0.25471698113207547
10 0.11424731182795698 0.6745283018867925 0.18548387096774194 0.29245283018867924
2 0.2674731182795699 0.6202830188679245 0.1532258064516129 0.18396226415094338
6 0.3736559139784946 0.5919811320754716 0.16666666666666666 0.12735849056603774
4 0.11424731182795698 0.8985849056603774 0.21774193548387097 0.2028301886792453
3 0.29301075268817206 0.8537735849056604 0.22043010752688172 0.29245283018867924
7 0.43548387096774194 0.8113207547169812 0.23118279569892472 0.37735849056603776
5 0.6223118279569892 0.7311320754716981 0.23387096774193547 0.4056603773584906
10 0.7943548387096774 0.7075471698113207 0.11021505376344086 0.20754716981132076
1 0.8938915846347872 0.6828532044602807 0.10462599037434411 0.20291696220918898
14 0.9650537634408602 0.6485849056603774 0.06989247311827956 0.2028301886792453
4 0.771505376344086 0.9174528301886793 0.06451612903225806 0.1650943396226415
6 0.8696236559139785 0.9009433962264151 0.18010752688172044 0.19811320754716982
0 0.9623655913978495 0.8844339622641509 0.07526881720430108 0.23113207547169812