10 0.22139303482587064 0.1404109589041096 0.11318407960199005 0.1723744292237443
1 0.31529850746268656 0.1815068493150685 0.08146766169154229 0.1769406392694064
3 0.3743781094527363 0.20319634703196346 0.07773631840796019 0.182648401826484
11 0.43843283582089554 0.22945205479452055 0.10572139303482588 0.1963470319634703
3 0.12935323383084577 0.339041095890411 0.15485074626865672 0.3219178082191781
6 0.2531094527363184 0.3926940639269406 0.15858208955223882 0.3105022831050228
3 0.3656716417910448 0.4429223744292237 0.1517412935323383 0.3105022831050228
5 0.48134328358208955 0.4623287671232877 0.15422885572139303 0.271689497716895
1 0.6417910447761194 0.1415525114155251 0.06467661691542288 0.2831050228310502
3 0.7078882585547266 0.16917537463956658 0.1270424874104478 0.3187465733018885
11 0.8639254072337481 0.22698808826620726 0.1797444826016034 0.3597424213361473
3 0.7288557213930348 0.4691780821917808 0.23880597014925373 0.2579908675799087
2 0.9116915422885572 0.5114155251141552 0.17661691542288557 0.1735159817351598
10 0.06343283582089553 0.6986301369863014 0.11567164179104478 0.1997716894977169
2 0.14987562189054726 0.7271689497716894 0.08022388059701492 0.23515981735159816
13 0.23942786069651742 0.7876712328767124 0.12748756218905472 0.2910958904109589
3 0.3364427860696517 0.8493150684931506 0.08768656716417911 0.2568493150684932
5 0.4098258706467662 0.8835616438356164 0.08768656716417911 0.2328767123287671
2 0.48258706467661694 0.9006849315068494 0.08768656716417911 0.19748858447488585
8 0.5578358208955224 0.930365296803653 0.08893034825870647 0.13812785388127855
10 0.7151741293532339 0.6735159817351598 0.09203980099502487 0.1232876712328767
18 0.9129353233830846 0.8013698630136986 0.07276119402985075 0.1232876712328767
7 0.7935323383084577 0.7226027397260274 0.05721393034825871 0.10273972602739725
7 0.8488805970149254 0.7568493150684932 0.05970149253731343 0.1004566210045662
5 0.7313432835820896 0.8344748858447488 0.10261194029850747 0.182648401826484
4 0.8488805970149254 0.8984018264840182 0.09888059701492537 0.1598173515981735