3 0.1870748299319728 0.19140625 0.17006802721088435 0.2890625
6 0.2891156462585034 0.16796875 0.17006802721088435 0.3359375
3 0.3758503401360544 0.16796875 0.14625850340136054 0.3359375
5 0.41836734693877553 0.1328125 0.061224489795918366 0.265625
10 0.6292517006802721 0.1953125 0.16326530612244897 0.28125
3 0.7347836217584081 0.18732079722264328 0.11385340335608554 0.27480105386194265
11 0.8129251700680272 0.1484375 0.14285714285714285 0.296875
11 0.8826530612244898 0.234375 0.23469387755102042 0.203125
10 0.14632191193011757 0.6239572131100796 0.19138335522134425 0.33830099336070063
5 0.2739124358562267 0.508542333130605 0.13459906910795033 0.2828862646343312
11 0.3758503401360544 0.453125 0.14625850340136054 0.234375
3 0.1054421768707483 0.875 0.17006802721088435 0.25
0 0.24982881808890123 0.8166361133812261 0.17165019692915565 0.3536532825883121
6 0.36904761904761907 0.70703125 0.1598639455782313 0.3515625
4 0.49829931972789115 0.7265625 0.09863945578231292 0.484375
11 0.5683359470244624 0.6662695164810429 0.22056658313717684 0.5416987041330892
1 0.6836734693877551 0.5859375 0.19727891156462585 0.5
2 0.7874149659863946 0.5390625 0.19387755102040816 0.40625
3 0.8894557823129252 0.5 0.1870748299319728 0.328125
3 0.9489795918367347 0.47265625 0.10204081632653061 0.2734375