10 0.12272727272727273 0.1038961038961039 0.11818181818181818 0.2077922077922078
1 0.16063183147649832 0.14545236004468587 0.08211003385248983 0.26446380328547336
1 0.32575757575757575 0.45454545454545453 0.09393939393939393 0.14285714285714285
4 0.19548675904259255 0.20487337083129506 0.08529914833516572 0.27114625152078836
11 0.23401367816609067 0.2997252547194771 0.11049444129182713 0.3116188244162957
5 0.28939393939393937 0.40584415584415584 0.1 0.24025974025974026
9 0.35909090909090907 0.4935064935064935 0.08787878787878788 0.06493506493506493
10 0.656060606060606 0.09415584415584416 0.21515151515151515 0.18831168831168832
5 0.806060606060606 0.1461038961038961 0.1696969696969697 0.2922077922077922
11 0.9242424242424242 0.21753246753246752 0.15151515151515152 0.37012987012987014
6 0.6530303030303031 0.3116883116883117 0.20909090909090908 0.42857142857142855
7 0.8333333333333334 0.37337662337662336 0.2727272727272727 0.3051948051948052
10 0.18787878787878787 0.6168831168831169 0.15606060606060607 0.1396103896103896
2 0.3 0.6461038961038961 0.12272727272727273 0.12337662337662338
16 0.38333333333333336 0.6655844155844156 0.14242424242424243 0.14285714285714285
5 0.10909090909090909 0.75 0.1393939393939394 0.15584415584415584
0 0.1893939393939394 0.762987012987013 0.14696969696969697 0.16558441558441558
9 0.27424242424242423 0.7792207792207793 0.14696969696969697 0.17207792207792208
5 0.35454545454545455 0.7954545454545454 0.13636363636363635 0.1590909090909091
1 0.6242424242424243 0.6298701298701299 0.1393939393939394 0.2077922077922078
5 0.706060606060606 0.6590909090909091 0.1393939393939394 0.2662337662337662
11 0.7984848484848485 0.7045454545454546 0.16666666666666666 0.35714285714285715
7 0.8905636040190341 0.7801697844422927 0.13600735715323425 0.365078410298816
8 0.95 0.8409090909090909 0.1 0.3181818181818182