10 0.10790598290598291 0.13087248322147652 0.11324786324786325 0.11912751677852348
1 0.17414529914529914 0.1493288590604027 0.07478632478632478 0.09731543624161074
1 0.45726495726495725 0.21476510067114093 0.08867521367521368 0.10738255033557047
4 0.22756410256410256 0.15604026845637584 0.07799145299145299 0.09899328859060402
11 0.29594017094017094 0.17281879194630873 0.10576923076923077 0.11241610738255034
5 0.3920940170940171 0.19463087248322147 0.09188034188034189 0.1040268456375839
9 0.5128205128205128 0.22651006711409397 0.0811965811965812 0.10234899328859061
5 0.5758547008547008 0.23657718120805368 0.09508547008547008 0.10906040268456375
10 0.7061965811965812 0.2214765100671141 0.05982905982905983 0.19966442953020133
2 0.7521367521367521 0.19798657718120805 0.041666666666666664 0.18959731543624161
13 0.8002136752136753 0.18624161073825504 0.0673076923076923 0.22818791946308725
3 0.8514957264957265 0.1644295302013423 0.04487179487179487 0.20302013422818793
5 0.8899572649572649 0.1476510067114094 0.045940170940170943 0.19630872483221476
2 0.9284188034188035 0.12583892617449666 0.045940170940170943 0.19966442953020133
8 0.9700854700854701 0.11912751677852348 0.04700854700854701 0.19966442953020133
10 0.10256410256410256 0.7768456375838926 0.20512820512820512 0.3053691275167785
1 0.25783985134243564 0.6987386768880156 0.14854227960080135 0.30269932711425174
14 0.41560521854411886 0.6074355722057609 0.25123069476770205 0.33906792817651493
3 0.2222222222222222 0.9530201342281879 0.21367521367521367 0.09395973154362416
2 0.40064102564102566 0.8959731543624161 0.202991452991453 0.2080536912751678
8 0.5641025641025641 0.8456375838926175 0.18803418803418803 0.3087248322147651
10 0.7115384615384616 0.8557046979865772 0.0641025641025641 0.28859060402684567
3 0.7542735042735043 0.8406040268456376 0.045940170940170943 0.3087248322147651
11 0.7916666666666666 0.7869127516778524 0.05235042735042735 0.33053691275167785
6 0.8333333333333334 0.7332214765100671 0.050213675213675216 0.33557046979865773
7 0.8707264957264957 0.6929530201342282 0.045940170940170943 0.3338926174496644
2 0.907051282051282 0.639261744966443 0.04487179487179487 0.32550335570469796
4 0.9433760683760684 0.5973154362416108 0.050213675213675216 0.3271812080536913