10 0.06023102310231023 0.3026315789473684 0.10891089108910891 0.13980263157894737
6 0.15594059405940594 0.2993421052631579 0.08168316831683169 0.13486842105263158
11 0.22607260726072606 0.26644736842105265 0.08993399339933994 0.12335526315789473
7 0.3250825082508251 0.24671052631578946 0.066006600660066 0.11019736842105263
7 0.38366336633663367 0.22532894736842105 0.05693069306930693 0.1069078947368421
2 0.429042904290429 0.20065789473684212 0.04455445544554455 0.09868421052631579
6 0.4768976897689769 0.18092105263157895 0.054455445544554455 0.12171052631578948
0 0.6146864686468647 0.05263157894736842 0.09405940594059406 0.10526315789473684
7 0.7178217821782178 0.05263157894736842 0.066006600660066 0.10526315789473684
7 0.7722772277227723 0.054276315789473686 0.06930693069306931 0.10855263157894737
8 0.8539603960396039 0.054276315789473686 0.07755775577557755 0.10855263157894737
10 0.5651815181518152 0.23190789473684212 0.11056105610561057 0.23355263157894737
7 0.6740222539980494 0.23917927585511664 0.13086943588595734 0.23646164494621852
5 0.7854852502827816 0.23847346535894295 0.12277232614519093 0.24284920985626657
1 0.8952596527155767 0.23937411521319996 0.12914241319858488 0.23313389477033333
11 0.026402640264026403 0.7763157894736842 0.052805280528052806 0.35526315789473684
9 0.12831948330388593 0.7956790850614286 0.11943584218397424 0.31181332774966364
3 0.21374377580761733 0.8141168310495615 0.10945799441409347 0.3082941951154054
4 0.2953795379537954 0.837171052631579 0.1188118811881188 0.3256578947368421
9 0.38613861386138615 0.8519736842105263 0.1254125412541254 0.29605263157894735
11 0.7995049504950495 0.5180921052631579 0.08415841584158416 0.0625
8 0.9232673267326733 0.5493421052631579 0.11716171617161716 0.125
10 0.5387788778877888 0.6480263157894737 0.057755775577557754 0.3223684210526316
3 0.6472669294934377 0.7123299200977945 0.17151324974597584 0.3524735832021032
3 0.801824085477168 0.7751575748768357 0.17669431780809353 0.36245683372975873
11 0.9356435643564357 0.8273026315789473 0.12871287128712872 0.34539473684210525