10 0.03494623655913978 0.24380165289256198 0.06854838709677419 0.17768595041322313
6 0.12298387096774194 0.24483471074380164 0.1364247311827957 0.1962809917355372
11 0.23521505376344087 0.2159090909090909 0.14516129032258066 0.18698347107438015
7 0.3844086021505376 0.2066115702479339 0.1135752688172043 0.16425619834710745
7 0.47446236559139787 0.1890495867768595 0.10013440860215053 0.15289256198347106
2 0.5463709677419355 0.16425619834710745 0.08198924731182795 0.1415289256198347
6 0.6061827956989247 0.14566115702479338 0.06720430107526881 0.1725206611570248
4 0.6834677419354839 0.06714876033057851 0.08736559139784947 0.13429752066115702
18 0.7862903225806451 0.125 0.20698924731182797 0.25
4 0.6713709677419355 0.28512396694214875 0.06317204301075269 0.4380165289256198
0 0.7661290322580645 0.3605371900826446 0.239247311827957 0.3574380165289256
0 0.03024193548387097 0.621900826446281 0.06048387096774194 0.1652892561983471
4 0.09946236559139784 0.6477272727272727 0.10483870967741936 0.21694214876033058
9 0.19018817204301075 0.6508264462809917 0.1081989247311828 0.2231404958677686
1 0.2896505376344086 0.6869834710743802 0.0907258064516129 0.2706611570247934
6 0.36693548387096775 0.7179752066115702 0.10013440860215053 0.2882231404958678
1 0.4596774193548387 0.7489669421487604 0.10215053763440861 0.29132231404958675
6 0.5396505376344086 0.7840909090909091 0.10349462365591398 0.27789256198347106
10 0.7083333333333334 0.5971074380165289 0.08400537634408602 0.11570247933884298
18 0.8803763440860215 0.6033057851239669 0.07056451612903226 0.128099173553719
6 0.7762096774193549 0.5929752066115702 0.05712365591397849 0.10743801652892562
8 0.823252688172043 0.5960743801652892 0.05981182795698925 0.11363636363636363
3 0.668010752688172 0.7179752066115702 0.05510752688172043 0.18181818181818182
1 0.7426075268817204 0.7283057851239669 0.0907258064516129 0.1993801652892562
3 0.8219086021505376 0.7634297520661157 0.09274193548387097 0.21384297520661158
0 0.905241935483871 0.7675619834710744 0.09274193548387097 0.2097107438016529