2 0.3073052295795754 0.19544620835008727 0.054390788467870044 0.10147711658131442
0 0.37958584155973135 0.21906179061154651 0.05458508454198389 0.10742949753369538
3 0.4301687297820724 0.24300197927832806 0.04728136899790343 0.11839840623697444
0 0.4921929315058181 0.2653697572711435 0.05477938061609743 0.11338187848607632
0 0.5412023243349374 0.28022539897577314 0.05202098197788132 0.1071175464665344
1 0.5846153846153846 0.29464285714285715 0.046153846153846156 0.125
2 0.17271048579999815 0.3361829704279102 0.15532401523781386 0.22047411427628805
6 0.32564102564102565 0.38392857142857145 0.14871794871794872 0.20833333333333334
2 0.48205128205128206 0.4107142857142857 0.14871794871794872 0.15476190476190477
1 0.6423076923076924 0.19345238095238096 0.06923076923076923 0.3273809523809524
11 0.7149990513073782 0.27332039800810376 0.12529371516441304 0.3176092265936718
2 0.8076923076923077 0.33035714285714285 0.10256410256410256 0.31547619047619047
8 0.8794871794871795 0.34523809523809523 0.1076923076923077 0.2857142857142857
6 0.9538461538461539 0.3898809523809524 0.09230769230769231 0.19642857142857142
9 0.05897435897435897 0.8511904761904762 0.11282051282051282 0.2976190476190476
11 0.15512820512820513 0.8601190476190477 0.13076923076923078 0.27976190476190477
9 0.26794871794871794 0.875 0.1358974358974359 0.25
5 0.36923076923076925 0.8839285714285714 0.13333333333333333 0.23214285714285715
2 0.46923076923076923 0.9047619047619048 0.1282051282051282 0.19047619047619047
5 0.5525641025641026 0.9166666666666666 0.11025641025641025 0.16666666666666666
11 0.6820512820512821 0.8511904761904762 0.14871794871794872 0.2976190476190476
1 0.8025641025641026 0.8869047619047619 0.13333333333333333 0.2261904761904762
5 0.9012820512820513 0.9077380952380952 0.13076923076923078 0.18452380952380953