2 0.2678132678132678 0.19364754098360656 0.044226044226044224 0.09836065573770492
0 0.31265356265356264 0.13831967213114754 0.044226044226044224 0.09836065573770492
3 0.3452088452088452 0.10553278688524591 0.04054054054054054 0.10348360655737705
0 0.3845208845208845 0.06352459016393443 0.04606879606879607 0.10348360655737705
0 0.4152334152334152 0.042008196721311473 0.041154791154791155 0.05942622950819672
1 0.44717444717444715 0.028688524590163935 0.04361179361179361 0.030737704918032786
2 0.2106879606879607 0.38524590163934425 0.11732186732186732 0.12704918032786885
6 0.3108108108108108 0.3237704918032787 0.11855036855036855 0.22336065573770492
2 0.40786240786240785 0.20491803278688525 0.11425061425061425 0.20799180327868852
8 0.5024570024570024 0.10553278688524591 0.11363636363636363 0.1834016393442623
10 0.7137592137592138 0.21311475409836064 0.14189189189189189 0.18032786885245902
1 0.8015970515970516 0.16188524590163936 0.10073710073710074 0.1598360655737705
14 0.8832923832923832 0.1096311475409836 0.14004914004914004 0.17725409836065573
4 0.7131449631449631 0.375 0.14250614250614252 0.14754098360655737
6 0.8144963144963145 0.3411885245901639 0.16584766584766586 0.2151639344262295
0 0.9060196560196561 0.29918032786885246 0.13943488943488944 0.22950819672131148
6 0.9576167076167076 0.2510245901639344 0.08476658476658476 0.23975409836065573
10 0.12745580820038657 0.71280836639499 0.2337729194916214 0.3217718715238129
6 0.273955773955774 0.5860655737704918 0.1769041769041769 0.27459016393442626
7 0.35503685503685506 0.5430327868852459 0.17444717444717445 0.1885245901639344
3 0.16584766584766586 0.9108606557377049 0.28501228501228504 0.17827868852459017
4 0.3323095823095823 0.8299180327868853 0.29606879606879605 0.3401639344262295
9 0.46375921375921375 0.7213114754098361 0.2321867321867322 0.45081967213114754
10 0.7088452088452089 0.7151639344262295 0.1296068796068796 0.2459016393442623
3 0.7868550368550369 0.6454918032786885 0.10012285012285012 0.22131147540983606
16 0.8673218673218673 0.5788934426229508 0.1339066339066339 0.25
8 0.7143734643734644 0.9149590163934426 0.14434889434889434 0.16905737704918034
5 0.8071253071253072 0.8801229508196722 0.14004914004914004 0.23975409836065573
2 0.8968058968058968 0.8227459016393442 0.14434889434889434 0.28688524590163933
9 0.9533169533169533 0.7469262295081968 0.09275184275184276 0.2735655737704918