2 0.42178770949720673 0.330188679245283 0.05027932960893855 0.1320754716981132
0 0.5 0.3160377358490566 0.05027932960893855 0.14150943396226415
3 0.5544692737430168 0.3160377358490566 0.04189944134078212 0.16037735849056603
0 0.6229050279329609 0.3113207547169811 0.05027932960893855 0.1509433962264151
0 0.6745810055865922 0.2971698113207547 0.04748603351955307 0.14150943396226415
1 0.729050279329609 0.29245283018867924 0.05027932960893855 0.16981132075471697
11 0.8058659217877095 0.2830188679245283 0.06424581005586592 0.16981132075471697
2 0.2807262569832402 0.6462264150943396 0.15363128491620112 0.25471698113207547
6 0.4483240223463687 0.6320754716981132 0.14804469273743018 0.2641509433962264
2 0.6187150837988827 0.5990566037735849 0.14804469273743018 0.2358490566037736
8 0.7835195530726257 0.5849056603773585 0.14804469273743018 0.22641509433962265