10 0.05405405405405406 0.20454545454545456 0.059684684684684686 0.3
1 0.10698198198198199 0.22954545454545455 0.04279279279279279 0.3068181818181818
5 0.14189189189189189 0.2409090909090909 0.04617117117117117 0.2840909090909091
11 0.18355855855855857 0.27045454545454545 0.04954954954954955 0.3090909090909091
6 0.22972972972972974 0.29545454545454547 0.041666666666666664 0.2909090909090909
8 0.26576576576576577 0.31136363636363634 0.04391891891891892 0.2840909090909091
9 0.29954954954954954 0.33636363636363636 0.039414414414414414 0.2772727272727273
3 0.3322072072072072 0.35454545454545455 0.036036036036036036 0.28863636363636364
10 0.45157657657657657 0.3340909090909091 0.10923423423423423 0.2681818181818182
1 0.5337837837837838 0.32045454545454544 0.08108108108108109 0.24772727272727274
2 0.5923423423423423 0.30227272727272725 0.07657657657657657 0.25227272727272726
11 0.6666666666666666 0.29772727272727273 0.0990990990990991 0.2727272727272727
8 0.7578828828828829 0.275 0.08896396396396396 0.2545454545454545
9 0.8231981981981982 0.26590909090909093 0.07545045045045046 0.2409090909090909
4 0.8896396396396397 0.25227272727272726 0.0777027027027027 0.22954545454545455
3 0.9572072072072072 0.2340909090909091 0.08558558558558559 0.23636363636363636
6 0.037162162162162164 0.9090909090909091 0.07432432432432433 0.18181818181818182
11 0.11036036036036036 0.9340909090909091 0.11261261261261261 0.1318181818181818
3 0.5181728711401572 0.6936720535531843 0.056348360223221344 0.11681058489874722
0 0.5802933525706275 0.6991258341142789 0.04490355446842674 0.10705837971150822
1 0.6210174376047014 0.7058360772584001 0.05400433572420242 0.11213287113402666
0 0.6811609835232196 0.7250584806751244 0.044995326715193414 0.11160383425696277
2 0.719586930181658 0.7296282557657845 0.044995326715193414 0.11160383425696277
3 0.7570244090841202 0.7410823422842596 0.047431123460979004 0.12082700256713783
11 0.8135142598839599 0.7468667708935192 0.06328866147351145 0.12629827164745425
0 0.4677686799983133 0.8217801452059348 0.1735075312572535 0.23719216871767593
7 0.6885104276774915 0.8657030531456834 0.18729636151106702 0.2516220876696353
3 0.9042792792792793 0.8954545454545455 0.18243243243243243 0.20909090909090908