10 0.05701754385964912 0.41944444444444445 0.09941520467836257 0.19444444444444445
1 0.13157894736842105 0.38055555555555554 0.07602339181286549 0.26944444444444443
5 0.17982456140350878 0.3527777777777778 0.0804093567251462 0.3138888888888889
11 0.23976608187134502 0.29444444444444445 0.08625730994152046 0.3388888888888889
6 0.3026315789473684 0.225 0.07309941520467836 0.3138888888888889
8 0.35233918128654973 0.17222222222222222 0.07602339181286549 0.30277777777777776
9 0.40058479532163743 0.14722222222222223 0.07163742690058479 0.24444444444444444
3 0.4473684210526316 0.12222222222222222 0.06578947368421052 0.19444444444444445
18 0.5877192982456141 0.4111111111111111 0.15789473684210525 0.2111111111111111
1 0.9049707602339181 0.4305555555555556 0.11403508771929824 0.17222222222222222
1 0.9751461988304093 0.43333333333333335 0.049707602339181284 0.16666666666666666
10 0.08771929824561403 0.8861111111111111 0.17543859649122806 0.22777777777777777
9 0.21052631578947367 0.8638888888888889 0.15789473684210525 0.2722222222222222
11 0.3391812865497076 0.8277777777777777 0.19883040935672514 0.34444444444444444
8 0.44883040935672514 0.8055555555555556 0.11988304093567251 0.3333333333333333
0 0.5614035087719298 0.8583333333333333 0.10526315789473684 0.2833333333333333
1 0.6661786923363348 0.7611518470374724 0.1389270335333416 0.29334962770387785
7 0.7642326325357025 0.6755600259683578 0.17134601331321164 0.3110829927828245
8 0.8976608187134503 0.6027777777777777 0.18128654970760233 0.17222222222222222
5 0.7105263157894737 0.9388888888888889 0.21637426900584794 0.12222222222222222
6 0.8654970760233918 0.8722222222222222 0.22807017543859648 0.25555555555555554
1 0.956140350877193 0.7972222222222223 0.08771929824561403 0.40555555555555556