3 0.5082872928176796 0.2801724137931034 0.06629834254143646 0.16379310344827586
0 0.5911602209944752 0.25 0.055248618784530384 0.13793103448275862
3 0.6325966850828729 0.21982758620689655 0.049723756906077346 0.16379310344827586
0 0.1408839779005525 0.728448275862069 0.11602209944751381 0.28448275862068967
0 0.24033149171270718 0.6939655172413793 0.10497237569060773 0.28448275862068967
1 0.3397790055248619 0.6508620689655172 0.1270718232044199 0.2672413793103448
11 0.46408839779005523 0.5991379310344828 0.15469613259668508 0.28448275862068967
0 0.6132596685082873 0.5474137931034483 0.09944751381215469 0.2672413793103448
1 0.7016574585635359 0.5 0.09944751381215469 0.27586206896551724
6 0.7790055248618785 0.47844827586206895 0.08839779005524862 0.23275862068965517
5 0.861878453038674 0.4353448275862069 0.08839779005524862 0.2672413793103448