3 0.30924170616113744 0.14006024096385541 0.06279620853080568 0.08734939759036145
0 0.3566350710900474 0.14909638554216867 0.052132701421800945 0.07530120481927711
3 0.38388625592417064 0.14909638554216867 0.052132701421800945 0.08433734939759036
0 0.04976303317535545 0.22590361445783133 0.09834123222748815 0.15210843373493976
0 0.10308056872037914 0.23795180722891565 0.10426540284360189 0.15210843373493976
1 0.1623222748815166 0.24849397590361447 0.11374407582938388 0.14909638554216867
11 0.23459715639810427 0.2620481927710843 0.13033175355450238 0.16415662650602408
0 0.3222748815165877 0.28012048192771083 0.0971563981042654 0.14006024096385541
1 0.3755924170616114 0.28463855421686746 0.0971563981042654 0.1430722891566265
6 0.4206161137440758 0.29668674698795183 0.08649289099526067 0.12349397590361445
5 0.46919431279620855 0.30271084337349397 0.09123222748815166 0.14006024096385541
10 0.7037914691943128 0.10692771084337349 0.09004739336492891 0.12048192771084337
18 0.8649289099526066 0.1852409638554217 0.07938388625592417 0.11295180722891567
6 0.7748815165876777 0.1460843373493976 0.06990521327014218 0.11596385542168675
5 0.8187203791469194 0.1686746987951807 0.06753554502369669 0.11596385542168675
8 0.6350710900473934 0.22289156626506024 0.12085308056872038 0.18072289156626506
1 0.7109004739336493 0.2605421686746988 0.11848341232227488 0.19427710843373494
9 0.7890995260663507 0.3057228915662651 0.12559241706161137 0.19427710843373494
1 0.8696682464454977 0.338855421686747 0.12914691943127962 0.17771084337349397
10 0.11137440758293839 0.5135542168674698 0.22274881516587677 0.1716867469879518
5 0.259478672985782 0.5557228915662651 0.23933649289099526 0.2560240963855422
11 0.4253554502369668 0.5873493975903614 0.24881516587677724 0.3192771084337349
8 0.11492890995260663 0.7831325301204819 0.22985781990521326 0.43373493975903615
3 0.26303317535545023 0.8343373493975904 0.3459715639810427 0.3313253012048193
0 0.4253554502369668 0.8795180722891566 0.24881516587677724 0.24096385542168675
10 0.7486581341016136 0.572848597197363 0.1872860911372814 0.22465101488671488
2 0.8596101637541155 0.6502391312948022 0.14110247103395301 0.20156819976519916
11 0.9312796208530806 0.7018072289156626 0.13744075829383887 0.22289156626506024
8 0.6161137440758294 0.7063253012048193 0.13270142180094788 0.31626506024096385
3 0.6996662286897184 0.7941098263325375 0.21832354222331296 0.3161694741168631
7 0.8317535545023697 0.8569277108433735 0.22748815165876776 0.286144578313253
2 0.919431279620853 0.8930722891566265 0.16113744075829384 0.21385542168674698