3 0.2707742584695701 0.14175083137296127 0.05017168286211306 0.10958100406829993
0 0.32509212605648063 0.13186147718149832 0.039499077285942985 0.09308693797913006
3 0.35149899736691653 0.11603142501311858 0.03968217237260267 0.10939128580521702
0 0.03146853146853147 0.37771739130434784 0.06293706293706294 0.1793478260869565
0 0.08216783216783216 0.37228260869565216 0.08041958041958042 0.19021739130434784
1 0.14945187176632285 0.3569919954058478 0.09292313686234681 0.18099205103367497
11 0.23011557896811607 0.33670737165470077 0.11052771773597073 0.19217781335620443
0 0.32648303605639845 0.3194247166025259 0.07537958768427608 0.17524107131984115
1 0.384419470530919 0.2987290366146993 0.07544061937982928 0.18067585392853688
6 0.4334620670252978 0.29146221459604266 0.0646459504125528 0.15331222262197572
5 0.47027972027972026 0.2717391304347826 0.038461538461538464 0.17391304347826086
7 0.5034965034965035 0.07608695652173914 0.027972027972027972 0.15217391304347827
18 0.5927665870506431 0.12484761284695221 0.13524736899370798 0.21435961973818052
9 0.7926254200363066 0.23446214042560637 0.10329058396075096 0.17031220407936665
1 0.9107436427230104 0.3045470633492417 0.08586909817378657 0.17543078958292413
7 0.972027972027972 0.35597826086956524 0.055944055944055944 0.19021739130434784
10 0.03671328671328671 0.8885869565217391 0.07342657342657342 0.19021739130434784
6 0.12638892471350746 0.8759821148257687 0.08942663336584326 0.1809288116126473
11 0.20913655798909508 0.8258378064373094 0.09623654527219067 0.16475094262861567
7 0.3214824075938561 0.7871005983449765 0.07157792571000651 0.14800391885533523
7 0.39009144764454673 0.7502902887941457 0.061027383524942726 0.14237941798355674
2 0.4412179702127199 0.7131637821381768 0.04698033784337564 0.13669167769075052
6 0.479020979020979 0.6739130434782609 0.02097902097902098 0.16304347826086957
10 0.5699300699300699 0.7961956521739131 0.16083916083916083 0.22282608695652173
3 0.7014722023450028 0.7076006168875856 0.10353471074296373 0.19205133451414924
1 0.7842503514683671 0.6547389171947783 0.12420857324421863 0.16525685799683681
18 0.8796019371550362 0.5722072511277417 0.13843871401244562 0.1872489461157299
7 0.5856643356643356 0.9592391304347826 0.19230769230769232 0.08152173913043478
7 0.7290209790209791 0.904891304347826 0.22727272727272727 0.19021739130434784
3 0.8713361129803971 0.841134131126635 0.1847477032047358 0.2641580151108283
1 0.9615384615384616 0.7336956521739131 0.07692307692307693 0.2608695652173913