10 0.20871559633027523 0.14258555133079848 0.14506880733944955 0.18631178707224336
3 0.3079128440366973 0.19961977186311788 0.09805045871559633 0.155893536121673
11 0.3916284403669725 0.23479087452471484 0.1301605504587156 0.1720532319391635
4 0.14392201834862386 0.28612167300380226 0.24311926605504589 0.2423954372623574
11 0.4048165137614679 0.39448669201520914 0.2815366972477064 0.21102661596958175
0 0.7012614678899083 0.19011406844106463 0.08371559633027523 0.14068441064638784
6 0.7677752293577982 0.17870722433460076 0.058486238532110095 0.12262357414448669
3 0.8147935779816514 0.1720532319391635 0.05963302752293578 0.1150190114068441
8 0.8629587155963303 0.155893536121673 0.06995412844036697 0.12832699619771862
5 0.6794724770642202 0.33460076045627374 0.08543577981651376 0.1806083650190114
3 0.7482798165137615 0.31749049429657794 0.08830275229357798 0.1644486692015209
10 0.8107798165137615 0.3051330798479088 0.08084862385321101 0.1596958174904943
1 0.8830275229357798 0.2965779467680608 0.08944954128440367 0.16730038022813687
10 0.0768348623853211 0.5922053231939164 0.1536697247706422 0.1844106463878327
3 0.21260969943087157 0.6121295066306185 0.10495654703921224 0.20208638384260338
3 0.28260193561216573 0.6277627355772099 0.09692902410343243 0.20138894191298112
18 0.4182668953886943 0.6538778035138674 0.13333594162620563 0.21968673879087905
3 0.03727064220183486 0.8051330798479087 0.07454128440366972 0.2984790874524715
0 0.14227820269010874 0.8276302806728361 0.15934554274969334 0.2559995968991373
3 0.2788223080802202 0.8585978348818949 0.15124180433205897 0.2742139272522469
1 0.43004587155963303 0.8678707224334601 0.1811926605504587 0.26425855513307983
11 0.6685779816513762 0.7271863117870723 0.13761467889908258 0.27566539923954375
9 0.6869266055045872 0.938212927756654 0.1743119266055046 0.12357414448669202