10 0.07713754646840149 0.125 0.13289962825278812 0.19602272727272727
3 0.17100371747211895 0.10227272727272728 0.09572490706319703 0.16193181818181818
11 0.24535315985130113 0.08522727272727272 0.120817843866171 0.16761363636363635
4 0.08921933085501858 0.2727272727272727 0.1775092936802974 0.25
11 0.2955390334572491 0.21022727272727273 0.23234200743494424 0.28125
10 0.4851301115241636 0.19318181818181818 0.13382899628252787 0.14488636363636365
7 0.5910780669144982 0.11931818181818182 0.09293680297397769 0.11363636363636363
8 0.6533457249070632 0.07670454545454546 0.09758364312267657 0.12215909090909091
18 0.7369888475836431 0.03977272727272727 0.1171003717472119 0.07954545454545454
5 0.49070631970260226 0.3210227272727273 0.1449814126394052 0.1534090909090909
1 0.5985130111524164 0.26420454545454547 0.15985130111524162 0.20454545454545456
9 0.699814126394052 0.19318181818181818 0.16449814126394052 0.19886363636363635
2 0.8131970260223048 0.125 0.16449814126394052 0.19318181818181818
10 0.0687732342007435 0.6107954545454546 0.137546468401487 0.3465909090909091
5 0.17193308550185873 0.5340909090909091 0.10594795539033457 0.2727272727272727
11 0.26579925650557623 0.4914772727272727 0.13011152416356878 0.1875
6 0.03903345724907063 0.8721590909090909 0.07806691449814127 0.2556818181818182
6 0.1171003717472119 0.8153409090909091 0.1449814126394052 0.3693181818181818
7 0.24257357985334127 0.7322665926587484 0.173868318884141 0.4574265285133043
8 0.3550185873605948 0.6107954545454546 0.12639405204460966 0.42613636363636365
10 0.43866171003717475 0.7926136363636364 0.040892193308550186 0.4147727272727273
2 0.4964624230835825 0.7012418835588415 0.1340971238577598 0.4284460548488505
0 0.5832481271218336 0.6195114633464645 0.1322383877982803 0.42814828337565136
11 0.6960966542750929 0.5823863636363636 0.18773234200743494 0.3693181818181818
2 0.8513011152416357 0.4914772727272727 0.15613382899628253 0.1875