10 0.13275193798449614 0.1579861111111111 0.18992248062015504 0.14930555555555555
6 0.2713178294573643 0.1371527777777778 0.13565891472868216 0.13020833333333334
11 0.3866279069767442 0.1111111111111111 0.17732558139534885 0.15625
2 0.11337209302325581 0.3194444444444444 0.22674418604651161 0.20833333333333334
5 0.29069767441860467 0.2934027777777778 0.2606589147286822 0.22916666666666666
3 0.49127906976744184 0.2604166666666667 0.250968992248062 0.21875
3 0.7781007751937985 0.16145833333333334 0.02616279069767442 0.125
0 0.8023255813953488 0.11979166666666667 0.02131782945736434 0.1111111111111111
1 0.8187984496124031 0.09722222222222222 0.025193798449612403 0.11979166666666667
0 0.8430232558139535 0.06944444444444445 0.02131782945736434 0.11458333333333333
2 0.8585271317829457 0.052083333333333336 0.02131782945736434 0.10416666666666667
3 0.874031007751938 0.04513888888888889 0.023255813953488372 0.09027777777777778
11 0.8953488372093024 0.029513888888888888 0.031007751937984496 0.059027777777777776
7 0.6763565891472868 0.3506944444444444 0.08236434108527131 0.14930555555555555
0 0.7655038759689923 0.2881944444444444 0.07655038759689922 0.234375
7 0.8536821705426356 0.1857638888888889 0.08236434108527131 0.2899305555555556
3 0.9408914728682171 0.10416666666666667 0.07945736434108527 0.20833333333333334
10 0.20445736434108527 0.6527777777777778 0.13372093023255813 0.21006944444444445
1 0.2858527131782946 0.6059027777777778 0.08817829457364341 0.1701388888888889
0 0.33430232558139533 0.5746527777777778 0.08333333333333333 0.1701388888888889
11 0.3963178294573643 0.5381944444444444 0.10755813953488372 0.1909722222222222
4 0.17829457364341086 0.8611111111111112 0.187015503875969 0.2552083333333333
5 0.3246124031007752 0.7743055555555556 0.18410852713178294 0.2552083333333333
9 0.47093023255813954 0.6840277777777778 0.187015503875969 0.2586805555555556
1 0.6579457364341085 0.5329861111111112 0.0562015503875969 0.21180555555555555
6 0.7063953488372093 0.5138888888888888 0.1298449612403101 0.1736111111111111
11 0.8178294573643411 0.5069444444444444 0.15891472868217055 0.1597222222222222
1 0.6540697674418605 0.7881944444444444 0.04844961240310078 0.4236111111111111
5 0.7412790697674418 0.7413194444444444 0.22286821705426357 0.4548611111111111
4 0.8943798449612403 0.6979166666666666 0.21124031007751937 0.4513888888888889