10 0.18007662835249041 0.11128048780487805 0.13793103448275862 0.16615853658536586
6 0.2710727969348659 0.16615853658536586 0.1024904214559387 0.1448170731707317
11 0.3505747126436782 0.20579268292682926 0.12931034482758622 0.17378048780487804
2 0.08812260536398467 0.2530487804878049 0.1752873563218391 0.23170731707317074
5 0.20593869731800765 0.3323170731707317 0.1896551724137931 0.25609756097560976
3 0.3400383141762452 0.40853658536585363 0.18582375478927204 0.23780487804878048
10 0.7480842911877394 0.09451219512195122 0.2164750957854406 0.18902439024390244
9 0.9310344827586207 0.1326219512195122 0.13793103448275862 0.2652439024390244
9 0.5967432950191571 0.29573170731707316 0.1743295019157088 0.3780487804878049
5 0.7423371647509579 0.36128048780487804 0.24329501915708812 0.3323170731707317
2 0.9032567049808429 0.4070121951219512 0.19348659003831417 0.24085365853658536
13 0.23946360153256704 0.6021341463414634 0.26436781609195403 0.14939024390243902
4 0.42528735632183906 0.7042682926829268 0.1685823754789272 0.35365853658536583
1 0.13984674329501914 0.7804878048780488 0.2413793103448276 0.43902439024390244
2 0.26340996168582376 0.8628048780487805 0.22413793103448276 0.27439024390243905
4 0.41475095785440613 0.9207317073170732 0.1896551724137931 0.15853658536585366
10 0.6971552604513409 0.6976854746442417 0.21755636658559271 0.3065152535388892
9 0.885136132899313 0.7946851338100279 0.14943585129330722 0.26744624731192435
11 0.9636015325670498 0.8567073170731707 0.07279693486590039 0.2804878048780488
9 0.5708812260536399 0.8841463414634146 0.12260536398467432 0.23170731707317074
5 0.6906130268199234 0.9283536585365854 0.24329501915708812 0.14329268292682926