10 0.18484848484848485 0.05898876404494382 0.12727272727272726 0.11797752808988764
5 0.28484848484848485 0.033707865168539325 0.09090909090909091 0.06741573033707865
4 0.13333333333333333 0.2303370786516854 0.15757575757575756 0.16853932584269662
4 0.25757575757575757 0.20224719101123595 0.1393939393939394 0.2247191011235955
9 0.3683279628898866 0.16909226792091114 0.11984076478583891 0.22644373496584463
3 0.4727272727272727 0.1151685393258427 0.1393939393939394 0.2303370786516854
0 0.6393939393939394 0.033707865168539325 0.16363636363636364 0.06741573033707865
4 0.6515151515151515 0.19662921348314608 0.18787878787878787 0.23595505617977527
5 0.7984848484848485 0.15730337078651685 0.20303030303030303 0.3146067415730337
6 0.9318181818181818 0.1544943820224719 0.13636363636363635 0.3089887640449438
10 0.1787878787878788 0.5308988764044944 0.11666666666666667 0.2303370786516854
7 0.2863636363636364 0.4859550561797753 0.07727272727272727 0.20224719101123595
11 0.37272727272727274 0.4606741573033708 0.10303030303030303 0.24157303370786518
3 0.1318181818181818 0.8230337078651685 0.1484848484848485 0.2949438202247191
7 0.29545454545454547 0.7471910112359551 0.1712121212121212 0.3202247191011236
3 0.45151515151515154 0.6825842696629213 0.16666666666666666 0.31741573033707865
10 0.680549871829549 0.6261953739221313 0.19794296536057665 0.3418257005985053
2 0.8483673017695871 0.5384387193416849 0.1618622199362805 0.34312348182711877
16 0.95 0.4606741573033708 0.1 0.29213483146067415
5 0.6787878787878788 0.8960674157303371 0.19393939393939394 0.20786516853932585
7 0.8303030303030303 0.8623595505617978 0.18787878787878787 0.2752808988764045
4 0.9424242424242424 0.8202247191011236 0.11515151515151516 0.3595505617977528