10 0.14249146757679182 0.22083333333333333 0.08959044368600683 0.19791666666666666
5 0.2167235494880546 0.23958333333333334 0.06313993174061433 0.18958333333333333
11 0.2815699658703072 0.2520833333333333 0.07423208191126279 0.19583333333333333
4 0.07167235494880546 0.4375 0.11006825938566553 0.25416666666666665
4 0.16296928327645052 0.46041666666666664 0.09726962457337884 0.26458333333333334
9 0.24658703071672355 0.475 0.08361774744027303 0.23333333333333334
3 0.32593856655290104 0.4875 0.09726962457337884 0.23958333333333334
10 0.5136518771331058 0.31666666666666665 0.08959044368600683 0.44583333333333336
8 0.591296928327645 0.37083333333333335 0.06825938566552901 0.4083333333333333
11 0.6552901023890785 0.42291666666666666 0.08276450511945392 0.4708333333333333
9 0.7440273037542662 0.44166666666666665 0.06996587030716724 0.4125
3 0.7952218430034129 0.46458333333333335 0.06399317406143344 0.4125
4 0.8464163822525598 0.4875 0.06911262798634812 0.42291666666666666
9 0.9018771331058021 0.5041666666666667 0.07337883959044368 0.39166666666666666
10 0.09486218797436878 0.8585846891667213 0.08916985411121293 0.1864418269774474
8 0.16532356832055964 0.8812897388913361 0.05980188292156758 0.16730160580511524
11 0.2178668599295491 0.9024670049506868 0.07192614155393291 0.1766534615819579
1 0.2764505119453925 0.91875 0.05802047781569966 0.1625
3 0.3225255972696246 0.9270833333333334 0.05460750853242321 0.14583333333333334
3 0.36860068259385664 0.9375 0.05802047781569966 0.125
10 0.5998293515358362 0.8916666666666667 0.1075085324232082 0.21666666666666667
5 0.6913341712168174 0.8730424328956534 0.07434809075916218 0.21013229812150697
9 0.7462546954958116 0.8631152021612198 0.06689612069946713 0.18038361862997784
18 0.8209339427593187 0.8486112582982658 0.0810845962552662 0.20654764427970265