10 0.21218487394957983 0.273972602739726 0.16806722689075632 0.2636986301369863
5 0.35294117647058826 0.2636986301369863 0.1092436974789916 0.2328767123287671
11 0.4726890756302521 0.2568493150684932 0.13655462184873948 0.2602739726027397
3 0.12184873949579832 0.5136986301369864 0.14495798319327732 0.2808219178082192
0 0.27521008403361347 0.5102739726027398 0.14495798319327732 0.2876712328767123
6 0.4117647058823529 0.5 0.14495798319327732 0.2876712328767123
6 0.5546218487394958 0.4897260273972603 0.12394957983193278 0.2705479452054795
10 0.7836134453781513 0.2465753424657534 0.09453781512605042 0.2465753424657534
9 0.8529411764705882 0.2226027397260274 0.06722689075630252 0.2363013698630137
11 0.907563025210084 0.1952054794520548 0.06932773109243698 0.2226027397260274
7 0.7352941176470589 0.5136986301369864 0.08823529411764706 0.2945205479452055
6 0.8067226890756303 0.4794520547945205 0.07983193277310924 0.2945205479452055
9 0.8760504201680672 0.4452054794520548 0.07352941176470588 0.2773972602739726
0 0.9390756302521008 0.4178082191780822 0.07142857142857142 0.2636986301369863
2 0.03361344537815126 0.839041095890411 0.06722689075630252 0.2671232876712329
2 0.13865546218487396 0.8321917808219178 0.226890756302521 0.2534246575342466
9 0.3319327731092437 0.815068493150685 0.21008403361344538 0.2191780821917808
5 0.523109243697479 0.8116438356164384 0.22268907563025211 0.21232876712328766
1 0.7865993112644545 0.8522330777563212 0.10128905136587289 0.28919938847170995
5 0.7226890756302521 0.8116438356164384 0.09243697478991597 0.21232876712328766
9 0.8487394957983193 0.8767123287671232 0.09243697478991597 0.2465753424657534
5 0.9201680672268907 0.8938356164383562 0.1092436974789916 0.21232876712328766