10 0.15188679245283018 0.19425675675675674 0.12735849056603774 0.22635135135135134
5 0.24056603773584906 0.11824324324324324 0.08679245283018867 0.19087837837837837
11 0.3150943396226415 0.07939189189189189 0.10566037735849057 0.15878378378378377
3 0.11981132075471698 0.36655405405405406 0.10943396226415095 0.17229729729729729
0 0.2188679245283019 0.32263513513513514 0.11132075471698114 0.23479729729729729
6 0.30660377358490565 0.25 0.11132075471698114 0.23479729729729729
6 0.3877358490566038 0.17398648648648649 0.08113207547169811 0.2179054054054054
10 0.6122641509433963 0.18074324324324326 0.14622641509433962 0.16722972972972974
4 0.7273584905660377 0.13006756756756757 0.1349056603773585 0.16722972972972974
16 0.8462264150943396 0.08277027027027027 0.17169811320754716 0.16554054054054054
3 0.6349056603773585 0.34966216216216217 0.1632075471698113 0.20777027027027026
2 0.7377358490566037 0.32094594594594594 0.16226415094339622 0.2179054054054054
2 0.8330188679245283 0.27364864864864863 0.15471698113207547 0.21283783783783783
6 0.9283018867924528 0.22972972972972974 0.14339622641509434 0.2195945945945946
10 0.09817284760380467 0.6716539230556731 0.1441133175324676 0.25103675049625057
1 0.18506493560134393 0.6220287197389697 0.09782949058467443 0.22361168980318985
6 0.24517042336419892 0.5881986122126122 0.09957331045466634 0.22039066192666198
11 0.32169811320754715 0.5523648648648649 0.11509433962264151 0.1858108108108108
8 0.10283018867924529 0.8868243243243243 0.16037735849056603 0.22635135135135134
2 0.21205414847550144 0.8570990517088016 0.14903068310083487 0.27837847852697867
9 0.3125967758293328 0.7944693953038953 0.14917365568367325 0.2817568569053569
2 0.38018867924528305 0.7297297297297297 0.09622641509433963 0.2905405405405405
10 0.5103773584905661 0.6351351351351351 0.1641509433962264 0.3108108108108108
1 0.633151108374173 0.6252124883242381 0.12856191128537955 0.28340437976337984
6 0.7122641509433962 0.5945945945945946 0.13018867924528302 0.2702702702702703
11 0.8179245283018868 0.5844594594594594 0.16037735849056603 0.25
1 0.48962264150943396 0.8783783783783784 0.12264150943396226 0.24324324324324326
1 0.6028301886792453 0.8530405405405406 0.22452830188679246 0.2939189189189189
5 0.7622641509433963 0.8192567567567568 0.23773584905660378 0.3614864864864865
4 0.9047169811320754 0.7972972972972973 0.19056603773584907 0.40540540540540543