10 0.16112531969309463 0.23325892857142858 0.09974424552429667 0.19977678571428573
7 0.25831202046035806 0.2265625 0.06521739130434782 0.18191964285714285
11 0.3337595907928389 0.234375 0.0850383631713555 0.21763392857142858
3 0.10421994884910486 0.4810267857142857 0.1265984654731458 0.25669642857142855
7 0.2531969309462916 0.46986607142857145 0.14641943734015345 0.28013392857142855
3 0.3945012787723785 0.4564732142857143 0.14194373401534527 0.2857142857142857
10 0.5812020460358056 0.390625 0.0850383631713555 0.32254464285714285
3 0.649616368286445 0.38169642857142855 0.05754475703324808 0.3080357142857143
11 0.710997442455243 0.36941964285714285 0.07352941176470588 0.30691964285714285
6 0.7774936061381074 0.34598214285714285 0.061381074168797956 0.2767857142857143
8 0.8324808184143222 0.33705357142857145 0.05946291560102302 0.29017857142857145
0 0.881074168797954 0.32924107142857145 0.054987212276214836 0.29799107142857145
7 0.9315856777493606 0.3169642857142857 0.06074168797953964 0.2857142857142857
1 0.056265984654731455 0.7566964285714286 0.11253196930946291 0.23660714285714285
5 0.17135549872122763 0.7745535714285714 0.1585677749360614 0.27232142857142855
4 0.30562659846547313 0.7890625 0.15089514066496162 0.3013392857142857
10 0.5927109974424553 0.8247767857142857 0.0748081841432225 0.13058035714285715
1 0.6508951406649617 0.8325892857142857 0.049232736572890026 0.11495535714285714
2 0.6898976982097187 0.8337053571428571 0.04475703324808184 0.11495535714285714
11 0.7320971867007673 0.8348214285714286 0.06010230179028133 0.12946428571428573
7 0.7979539641943734 0.8459821428571429 0.05051150895140665 0.11495535714285714
2 0.8363171355498721 0.8448660714285714 0.0479539641943734 0.12834821428571427
8 0.8759590792838875 0.8426339285714286 0.052429667519181586 0.125
8 0.9213554987212276 0.84375 0.058184143222506396 0.12723214285714285