10 0.2056686046511628 0.11894273127753303 0.1613372093023256 0.22577092511013216
7 0.34011627906976744 0.19383259911894274 0.11046511627906977 0.2026431718061674
11 0.4418604651162791 0.2665198237885463 0.14462209302325582 0.24559471365638766
3 0.09229651162790697 0.30176211453744495 0.18459302325581395 0.30286343612334804
7 0.28488372093023256 0.42290748898678415 0.23619186046511628 0.3303964757709251
3 0.4796511627906977 0.47687224669603523 0.22529069767441862 0.22136563876651982
10 0.684593023255814 0.12555066079295155 0.06395348837209303 0.25
18 0.811046511627907 0.31277533039647576 0.056686046511627904 0.27422907488986786
6 0.7369186046511628 0.18612334801762115 0.04142441860465116 0.2533039647577093
3 0.7718023255813954 0.2511013215859031 0.04869186046511628 0.2610132158590308
4 0.8626453488372093 0.4052863436123348 0.04578488372093023 0.24779735682819384
5 0.9055232558139535 0.4801762114537445 0.03997093023255814 0.21585903083700442
7 0.9324127906976745 0.5033039647577092 0.04215116279069767 0.1696035242290749
2 0.9593023255813954 0.5275330396475771 0.04505813953488372 0.12004405286343613
10 0.0806686046511628 0.6872246696035242 0.14462209302325582 0.1960352422907489
1 0.17587209302325582 0.737885462555066 0.10247093023255814 0.20594713656387664
5 0.23619186046511628 0.7698237885462555 0.10247093023255814 0.2092511013215859
11 0.3074127906976744 0.8193832599118943 0.12354651162790697 0.22136563876651982
7 0.3757267441860465 0.8689427312775331 0.1002906976744186 0.20594713656387664
8 0.43531976744186046 0.9085903083700441 0.09738372093023256 0.1828193832599119
9 0.49273255813953487 0.9240088105726872 0.09883720930232558 0.15198237885462554
2 0.5523255813953488 0.9427312775330396 0.09447674418604651 0.1145374449339207
4 0.7245639534883721 0.8050660792951542 0.14970930232558138 0.27973568281938327
11 0.8427869209194065 0.8363069241964767 0.18488904158541117 0.2813286458757711