2 0.2306930693069307 0.09786821705426356 0.05396039603960396 0.07655038759689922
0 0.2806930693069307 0.06298449612403101 0.05148514851485148 0.07655038759689922
1 0.3178217821782178 0.04263565891472868 0.05148514851485148 0.07655038759689922
0 0.09702970297029703 0.2819767441860465 0.1004950495049505 0.1618217054263566
2 0.16930693069306932 0.2364341085271318 0.10346534653465346 0.16666666666666666
2 0.4034653465346535 0.23934108527131784 0.12871287128712872 0.1996124031007752
3 0.24554455445544554 0.19186046511627908 0.1094059405940594 0.16666666666666666
3 0.08811881188118811 0.40891472868217055 0.14158415841584157 0.17732558139534885
11 0.3341584158415842 0.13662790697674418 0.12524752475247525 0.18604651162790697
7 0.19752475247524753 0.3691860465116279 0.1316831683168317 0.1996124031007752
4 0.30297029702970296 0.29941860465116277 0.13712871287128714 0.19573643410852712
10 0.660135889408913 0.10345043813127448 0.09701890492438368 0.1793808885368012
1 0.7274071366684786 0.09189220284813526 0.07336749951416348 0.16258005200678982
6 0.7702970297029703 0.07461240310077519 0.07326732673267326 0.14922480620155038
11 0.8262376237623762 0.06782945736434108 0.0900990099009901 0.13565891472868216
1 0.6130631187777146 0.2983381155163633 0.12539778392471046 0.2447441166491323
1 0.7002451574535208 0.2663286330694028 0.12671755600304804 0.25061445972711394
5 0.7864915027285364 0.22471381252623637 0.13298782313089047 0.25676675075314326
4 0.8742235364206993 0.19170714303640912 0.13199772412098948 0.2567103611635337
10 0.07227722772277227 0.8953488372093024 0.08712871287128712 0.1996124031007752
1 0.13514851485148516 0.8517441860465116 0.07128712871287128 0.2713178294573643
5 0.17673267326732672 0.7955426356589147 0.07376237623762376 0.27228682170542634
11 0.22772277227722773 0.7344961240310077 0.07821782178217822 0.2916666666666667
6 0.28316831683168314 0.6627906976744186 0.06831683168316832 0.2713178294573643
8 0.32673267326732675 0.6201550387596899 0.06980198019801981 0.23934108527131784
9 0.3668316831683168 0.5920542635658915 0.06435643564356436 0.18410852713178294
3 0.4064356435643564 0.564922480620155 0.05891089108910891 0.1298449612403101
10 0.5623762376237624 0.7364341085271318 0.16633663366336635 0.35658914728682173
6 0.6876237623762376 0.6385658914728682 0.16930693069306932 0.2771317829457364
11 0.852970297029703 0.5852713178294574 0.21287128712871287 0.17054263565891473
0 0.6336633663366337 0.8943798449612403 0.25346534653465347 0.21124031007751937
0 0.8143564356435643 0.8207364341085271 0.2584158415841584 0.35852713178294576
6 0.9321782178217822 0.7451550387596899 0.13564356435643565 0.4903100775193798