2 0.24717194570135748 0.09292035398230089 0.05260180995475113 0.12278761061946902
0 0.29638009049773756 0.05530973451327434 0.04694570135746606 0.11061946902654868
1 0.33144796380090497 0.03982300884955752 0.04694570135746606 0.07853982300884955
0 0.12669683257918551 0.3805309734513274 0.0916289592760181 0.26548672566371684
2 0.19513574660633484 0.31526548672566373 0.09445701357466063 0.26548672566371684
2 0.3942307692307692 0.37168141592920356 0.05090497737556561 0.2920353982300885
3 0.2697963800904977 0.25 0.10067873303167421 0.2743362831858407
3 0.1244343891402715 0.5763274336283186 0.13178733031674209 0.2721238938053097
11 0.35407239819004527 0.17588495575221239 0.11877828054298642 0.2997787610619469
7 0.2330316742081448 0.536504424778761 0.12217194570135746 0.31526548672566373
4 0.3354072398190045 0.4435840707964602 0.12782805429864252 0.3163716814159292
10 0.5514705882352942 0.5011061946902655 0.1255656108597285 0.4092920353982301
3 0.6357466063348416 0.41814159292035397 0.09219457013574661 0.41261061946902655
11 0.709841628959276 0.31526548672566373 0.11142533936651584 0.4280973451327434
6 0.7895927601809954 0.19690265486725664 0.09615384615384616 0.38495575221238937
8 0.8546380090497737 0.15376106194690264 0.09389140271493213 0.3075221238938053
0 0.915158371040724 0.11393805309734513 0.08823529411764706 0.22787610619469026
7 0.9649321266968326 0.06747787610619468 0.07013574660633484 0.13495575221238937
0 0.09558823529411764 0.8418141592920354 0.19117647058823528 0.24557522123893805
0 0.25565610859728505 0.7743362831858407 0.2737556561085973 0.11061946902654868
10 0.5497737556561086 0.9280973451327433 0.12273755656108597 0.13163716814159293
4 0.6397058823529411 0.8982300884955752 0.09276018099547512 0.1670353982300885
11 0.7171945701357466 0.8484513274336283 0.1085972850678733 0.1747787610619469
1 0.791289592760181 0.7986725663716814 0.08484162895927602 0.1592920353982301
2 0.8501131221719457 0.7831858407079646 0.08823529411764706 0.12831858407079647
9 0.9123303167420814 0.7621681415929203 0.09049773755656108 0.08628318584070796
6 0.9660633484162896 0.7422566371681416 0.0673076923076923 0.04535398230088496