2 0.5535714285714286 0.23636363636363636 0.08333333333333333 0.10909090909090909
0 0.6607142857142857 0.2318181818181818 0.07142857142857142 0.11818181818181818
1 0.7380952380952381 0.2318181818181818 0.07142857142857142 0.11818181818181818
0 0.24107142857142858 0.43636363636363634 0.13690476190476192 0.2545454545454545
2 0.39285714285714285 0.43636363636363634 0.14285714285714285 0.2545454545454545
2 0.8452380952380952 0.7136363636363636 0.19047619047619047 0.3
3 0.5535714285714286 0.43636363636363634 0.15476190476190477 0.2545454545454545
3 0.17559523809523808 0.7 0.20833333333333334 0.3090909090909091
11 0.7410714285714286 0.43636363636363634 0.18452380952380953 0.2727272727272727
7 0.40476190476190477 0.7227272727272728 0.19047619047619047 0.3
4 0.6309523809523809 0.7136363636363636 0.20238095238095238 0.2818181818181818