10 0.07668067226890757 0.10679611650485436 0.1323529411764706 0.21359223300970873
1 0.14508592318115426 0.18854972796253236 0.09330784155246338 0.28926761274277674
6 0.19933046770773946 0.28795713117392 0.09442807254004444 0.26519356845910885
11 0.2668067226890756 0.3592233009708738 0.12605042016806722 0.2524271844660194
10 0.4789915966386555 0.1262135922330097 0.12920168067226892 0.23786407766990292
1 0.555672268907563 0.1553398058252427 0.09138655462184873 0.25485436893203883
5 0.6071428571428571 0.17718446601941748 0.08718487394957983 0.23300970873786409
11 0.6712184873949579 0.220873786407767 0.1092436974789916 0.25
6 0.7478991596638656 0.2524271844660194 0.08718487394957983 0.23300970873786409
3 0.8004201680672269 0.27184466019417475 0.08088235294117647 0.21844660194174756
7 0.851890756302521 0.29854368932038833 0.08403361344537816 0.22330097087378642
0 0.9033613445378151 0.32281553398058255 0.07878151260504201 0.22330097087378642
5 0.12184873949579832 0.5728155339805825 0.08823529411764706 0.17475728155339806
4 0.17542016806722688 0.5946601941747572 0.0819327731092437 0.21844660194174756
18 0.2846638655462185 0.6844660194174758 0.09033613445378151 0.2815533980582524
9 0.018907563025210083 0.6747572815533981 0.037815126050420166 0.33980582524271846
9 0.0860263401331867 0.7877140105568349 0.14568922831679706 0.34255851109979535
7 0.19957983193277312 0.8519417475728155 0.13865546218487396 0.2961165048543689
5 0.28781512605042014 0.9053398058252428 0.08403361344537816 0.18932038834951456
1 0.38865546218487396 0.6262135922330098 0.11764705882352941 0.2815533980582524
3 0.4642857142857143 0.6577669902912622 0.15126050420168066 0.3446601941747573
11 0.5806479282426537 0.6907913934640031 0.16924721598438058 0.407643310981563
3 0.700550388567856 0.7576934572679205 0.15624993022815264 0.3967477708583277
1 0.8088235294117647 0.8009708737864077 0.15966386554621848 0.39805825242718446
5 0.9096638655462185 0.8203883495145631 0.1722689075630252 0.3592233009708738
8 0.9716386554621849 0.8495145631067961 0.05672268907563025 0.30097087378640774