1 0.14322916666666666 0.0518018018018018 0.11979166666666667 0.1036036036036036
1 0.338350041788041 0.3473288358433456 0.12962218417330598 0.2785488428673623
6 0.19791666666666666 0.0990990990990991 0.11979166666666667 0.1981981981981982
11 0.27172649071906513 0.20335334385867102 0.16438563297242625 0.33362504036315904
9 0.4075520833333333 0.45045045045045046 0.13802083333333334 0.2702702702702703
8 0.4830729166666667 0.5157657657657657 0.1484375 0.13963963963963963
6 0.6458333333333334 0.2072072072072072 0.11458333333333333 0.23423423423423423
18 0.7504485357836425 0.2652421258852631 0.14456522257396567 0.23848006083839526
8 0.8810875570733745 0.3210145618261414 0.16830581661811697 0.25720571662377356
11 0.6197916666666666 0.42792792792792794 0.0625 0.3153153153153153
11 0.7174479166666666 0.47072072072072074 0.22135416666666666 0.22972972972972974
11 0.8932291666666666 0.5135135135135135 0.21354166666666666 0.14414414414414414
3 0.06510416666666667 0.6959459459459459 0.13020833333333334 0.22072072072072071
4 0.20052083333333334 0.704954954954955 0.234375 0.23873873873873874
1 0.3723958333333333 0.7252252252252253 0.23958333333333334 0.27927927927927926
9 0.63671875 0.704954954954955 0.09635416666666667 0.23873873873873874
11 0.7183232262251545 0.7730552240505975 0.16072063715123028 0.2704833508815003
6 0.8666988863598074 0.8586573242009241 0.1290159960850034 0.2425128068313263
2 0.9479166666666666 0.8918918918918919 0.10416666666666667 0.21621621621621623