10 0.181640625 0.10472972972972973 0.140625 0.15202702702702703
3 0.294921875 0.12162162162162163 0.099609375 0.15202702702702703
11 0.40234375 0.13513513513513514 0.130859375 0.13851351351351351
9 0.0859375 0.2668918918918919 0.1328125 0.20945945945945946
3 0.201171875 0.28040540540540543 0.130859375 0.19594594594594594
8 0.322265625 0.30405405405405406 0.150390625 0.19932432432432431
5 0.458984375 0.3141891891891892 0.169921875 0.21283783783783783
10 0.7683759306749853 0.24532909267636072 0.2243298045516262 0.28802937086034164
5 0.927734375 0.22297297297297297 0.14453125 0.2702702702702703
2 0.689453125 0.42567567567567566 0.19921875 0.10810810810810811
2 0.859375 0.4222972972972973 0.203125 0.11486486486486487
0 0.052734375 0.6385135135135135 0.10546875 0.11486486486486487
0 0.17179576741880548 0.6458229910368529 0.13137728788172676 0.13765103858791017
2 0.30855445605428744 0.6891546119703158 0.13855205909355406 0.12429476904019515
18 0.46416672726611474 0.7058130047997981 0.1544959234876404 0.13136601372854875
4 0.5625 0.7466216216216216 0.0546875 0.11486486486486487
3 0.5532928712069782 0.6399751208560135 0.04974477954677692 0.06175427460560149
8 0.646484375 0.5945945945945946 0.11328125 0.22972972972972974
3 0.734375 0.6013513513513513 0.109375 0.24324324324324326
7 0.828125 0.6148648648648649 0.140625 0.2702702702702703