10 0.26485148514851486 0.1 0.1646039603960396 0.19782608695652174
3 0.4034653465346535 0.10652173913043478 0.11386138613861387 0.21304347826086956
11 0.5371287128712872 0.11739130434782609 0.15222772277227722 0.21521739130434783
9 0.1485148514851485 0.3347826086956522 0.14356435643564355 0.3282608695652174
3 0.2871287128712871 0.3521739130434783 0.14975247524752475 0.3065217391304348
8 0.43935643564356436 0.3847826086956522 0.17202970297029702 0.31521739130434784
5 0.5754950495049505 0.40217391304347827 0.13242574257425743 0.3347826086956522
10 0.7599009900990099 0.1956521739130435 0.06683168316831684 0.20217391304347826
7 0.8217821782178217 0.1565217391304348 0.04579207920792079 0.16956521739130434
9 0.8613861386138614 0.11739130434782609 0.043316831683168314 0.1782608695652174
18 0.9195544554455446 0.07608695652173914 0.055693069306930694 0.15217391304347827
6 0.7314356435643564 0.44782608695652176 0.08787128712871287 0.2717391304347826
0 0.8106435643564357 0.3978260869565217 0.07301980198019802 0.25869565217391305
9 0.8849009900990099 0.32608695652173914 0.08044554455445545 0.26521739130434785
0 0.9579207920792079 0.26304347826086955 0.07673267326732673 0.26956521739130435
10 0.12252475247524752 0.782608695652174 0.17574257425742573 0.20869565217391303
8 0.27722772277227725 0.7760869565217391 0.1188118811881188 0.1956521739130435
11 0.41707920792079206 0.7760869565217391 0.14603960396039603 0.1956521739130435
2 0.5606435643564357 0.7717391304347826 0.11138613861386139 0.18695652173913044
1 0.7066831683168316 0.7869565217391304 0.11633663366336634 0.21739130434782608
7 0.8836633663366337 0.7978260869565217 0.22277227722772278 0.2391304347826087