10 0.15963855421686746 0.14030612244897958 0.10742971887550201 0.15051020408163265
4 0.2580321285140562 0.1556122448979592 0.09236947791164658 0.15816326530612246
11 0.3433734939759036 0.1683673469387755 0.09538152610441768 0.1683673469387755
6 0.05120481927710843 0.32142857142857145 0.10140562248995984 0.1913265306122449
2 0.1566265060240964 0.34183673469387754 0.12349397590361445 0.20153061224489796
2 0.27710843373493976 0.3596938775510204 0.12751004016064257 0.18622448979591838
4 0.40763052208835343 0.38010204081632654 0.13453815261044177 0.1913265306122449
1 0.6405622489959839 0.15051020408163265 0.1566265060240964 0.3010204081632653
13 0.8283132530120482 0.15816326530612246 0.21485943775100402 0.3163265306122449
6 0.5512048192771084 0.413265306122449 0.12248995983935743 0.20408163265306123
0 0.7188755020080321 0.41581632653061223 0.18072289156626506 0.1989795918367347
6 0.9086345381526104 0.41581632653061223 0.1706827309236948 0.1989795918367347
10 0.071285140562249 0.7627551020408163 0.142570281124498 0.34183673469387754
2 0.17837811144756166 0.7791406510123589 0.08535720198585316 0.3054142069344673
16 0.2821285140562249 0.8137755102040817 0.13855421686746988 0.37244897959183676
7 0.39258144671877054 0.8097041849105452 0.09395170405401955 0.3211953346560092
6 0.45582329317269077 0.8188775510204082 0.06827309236947791 0.33163265306122447
10 0.5451807228915663 0.7321428571428571 0.08433734939759036 0.20153061224489796
2 0.6265060240963856 0.7448979591836735 0.05220883534136546 0.19387755102040816
1 0.6686746987951807 0.7551020408163265 0.05321285140562249 0.1989795918367347
11 0.7379518072289156 0.7551020408163265 0.06827309236947791 0.1836734693877551
4 0.8012048192771084 0.7704081632653061 0.05823293172690763 0.17857142857142858
2 0.8493975903614458 0.7729591836734694 0.05622489959839357 0.18877551020408162
5 0.8955823293172691 0.7806122448979592 0.05923694779116466 0.20408163265306123
3 0.9437751004016064 0.7908163265306123 0.0572289156626506 0.20408163265306123