10 0.2015625 0.11019736842105263 0.1140625 0.1611842105263158
4 0.29453125 0.14144736842105263 0.10078125 0.16776315789473684
11 0.3765625 0.17105263157894737 0.103125 0.17598684210526316
6 0.071875 0.24671052631578946 0.1359375 0.20394736842105263
2 0.184375 0.2878289473684211 0.13125 0.21052631578947367
2 0.3 0.3305921052631579 0.13359375 0.20065789473684212
4 0.42421875 0.3667763157894737 0.13984375 0.1924342105263158
11 0.52578125 0.2532894736842105 0.0328125 0.4473684210526316
2 0.59140625 0.28618421052631576 0.1640625 0.40131578947368424
3 0.7046875 0.31414473684210525 0.15625 0.34539473684210525
2 0.81171875 0.34539473684210525 0.1640625 0.28289473684210525
7 0.9203125 0.37993421052631576 0.159375 0.2138157894736842
10 0.096875 0.569078947368421 0.090625 0.16447368421052633
6 0.1484375 0.6167763157894737 0.05703125 0.16940789473684212
7 0.1875 0.6447368421052632 0.06171875 0.16611842105263158
18 0.2359375 0.712171052631579 0.07265625 0.17598684210526316
7 0.31875 0.8075657894736842 0.0765625 0.16447368421052633
2 0.3625 0.8634868421052632 0.05390625 0.15625
2 0.396875 0.8832236842105263 0.06015625 0.16611842105263158
1 0.43671875 0.9095394736842105 0.06484375 0.10526315789473684
10 0.6039249515990064 0.705993025120104 0.12253859621281209 0.25208193548264607
8 0.7023306353422277 0.684827656177643 0.08178633118569749 0.2020458517252729
9 0.774173819085449 0.6662668521210757 0.09428633118569749 0.2032715293186346
18 0.8702312076491306 0.6436865608852647 0.11473518657189175 0.2546053606710054
2 0.5734375 0.9078947368421053 0.128125 0.18421052631578946
2 0.68984375 0.8980263157894737 0.1234375 0.20394736842105263
3 0.796875 0.8832236842105263 0.11875 0.23355263157894737
9 0.90625 0.8667763157894737 0.1375 0.26644736842105265