10 0.22271573604060912 0.26052631578947366 0.16687817258883247 0.25526315789473686
1 0.3286802030456853 0.21842105263157896 0.11230964467005077 0.23157894736842105
9 0.39847715736040606 0.17894736842105263 0.10786802030456853 0.22631578947368422
11 0.4815989847715736 0.1368421052631579 0.13895939086294415 0.22105263157894736
4 0.1916243654822335 0.4763157894736842 0.19035532994923857 0.2789473684210526
4 0.32741116751269034 0.4368421052631579 0.1884517766497462 0.31842105263157894
8 0.4631979695431472 0.37105263157894736 0.1967005076142132 0.3394736842105263
2 0.5723350253807107 0.3026315789473684 0.13451776649746192 0.3236842105263158
10 0.7722081218274112 0.2868421052631579 0.08248730964467005 0.20789473684210527
8 0.8299492385786802 0.21842105263157896 0.060279187817258884 0.18157894736842106
11 0.876269035532995 0.16578947368421051 0.07423857868020305 0.21842105263157896
5 0.7557106598984772 0.48947368421052634 0.09263959390862944 0.25263157894736843
1 0.8197969543147208 0.4605263157894737 0.08692893401015228 0.2710526315789474
6 0.8794416243654822 0.39473684210526316 0.09073604060913705 0.29210526315789476
6 0.9384517766497462 0.32105263157894737 0.08565989847715735 0.27631578947368424
3 0.5287962973281393 0.8801339763073791 0.05233870801033606 0.19137847373777975
0 0.6021242474249213 0.7909777942021848 0.0432928122951696 0.17956560328282067
1 0.626269035532995 0.75 0.0266497461928934 0.1631578947368421
0 0.5710659898477157 0.9368421052631579 0.1218274111675127 0.12631578947368421
10 0.7049492385786802 0.881578947368421 0.08819796954314721 0.23684210526315788
2 0.7620558375634517 0.8552631578947368 0.0583756345177665 0.21578947368421053
13 0.8109137055837563 0.8157894736842105 0.08439086294416244 0.25526315789473686
4 0.8642131979695431 0.781578947368421 0.05964467005076142 0.21578947368421053
4 0.9041878172588832 0.7473684210526316 0.0583756345177665 0.21052631578947367
7 0.9416243654822335 0.7342105263157894 0.056472081218274114 0.1763157894736842
5 0.9746192893401016 0.7236842105263158 0.05012690355329949 0.14736842105263157