10 0.1825 0.18421052631578946 0.125 0.19407894736842105
1 0.2725 0.1611842105263158 0.08 0.18421052631578946
9 0.33375 0.13486842105263158 0.07625 0.17763157894736842
11 0.41 0.09539473684210527 0.1025 0.1875
4 0.1275 0.3618421052631579 0.14125 0.21052631578947367
4 0.24375 0.3355263157894737 0.1375 0.24013157894736842
8 0.36625 0.29276315789473684 0.14125 0.2631578947368421
2 0.4525 0.2565789473684211 0.0675 0.23355263157894737
10 0.6375 0.10197368421052631 0.12 0.20394736842105263
8 0.76625 0.05921052631578947 0.0825 0.11842105263157894
2 0.83125 0.03289473684210526 0.0775 0.06578947368421052
8 0.59 0.34868421052631576 0.155 0.25
5 0.7225 0.3125 0.15 0.3223684210526316
4 0.8541348932160564 0.26920372402097187 0.14695239811019775 0.3573675785907175
1 0.95625 0.19736842105263158 0.0875 0.34210526315789475
3 0.20034522497455456 0.5903932312340032 0.06476985001696363 0.18063213280756307
0 0.26625 0.5493421052631579 0.0525 0.1513157894736842
1 0.31125 0.5427631578947368 0.0625 0.13815789473684212
0 0.38 0.5296052631578947 0.05 0.1118421052631579
2 0.4225 0.5197368421052632 0.05 0.09210526315789473
3 0.46375 0.5131578947368421 0.0525 0.07894736842105263
0 0.15750791245335008 0.8103399014940015 0.19453970003392726 0.3712269468928865
7 0.3925 0.694078947368421 0.195 0.3881578947368421
10 0.8033372807287791 0.7588223498532709 0.17901588849155103 0.32945418238749236
8 0.9292102999660727 0.673873873711829 0.11081747310171608 0.26647674211321903
11 0.9825 0.618421052631579 0.035 0.2894736842105263
9 0.84875 0.9111842105263158 0.2075 0.17763157894736842
2 0.96 0.8486842105263158 0.08 0.3026315789473684