10 0.03811659192825112 0.20454545454545456 0.07623318385650224 0.4071969696969697
1 0.09417040358744394 0.23674242424242425 0.05605381165919283 0.4659090909090909
5 0.14013452914798205 0.2746212121212121 0.06053811659192825 0.4659090909090909
11 0.18946188340807174 0.32196969696969696 0.06614349775784753 0.4734848484848485
6 0.23878923766816143 0.375 0.05941704035874439 0.48863636363636365
8 0.2825112107623318 0.42234848484848486 0.05605381165919283 0.4810606060606061
9 0.32286995515695066 0.45454545454545453 0.052690582959641255 0.4659090909090909
3 0.3654708520179372 0.4753787878787879 0.05605381165919283 0.42045454545454547
10 0.5683856502242153 0.14583333333333334 0.17488789237668162 0.2746212121212121
5 0.6872197309417041 0.17045454545454544 0.11659192825112108 0.25
16 0.8060538116591929 0.20075757575757575 0.17488789237668162 0.2746212121212121
2 0.4899103139013453 0.36553030303030304 0.16031390134529147 0.29545454545454547
2 0.6199551569506726 0.3996212121212121 0.1547085201793722 0.2897727272727273
9 0.7511210762331838 0.42992424242424243 0.14798206278026907 0.26704545454545453
5 0.8789237668161435 0.4659090909090909 0.1547085201793722 0.2727272727272727
10 0.09865470852017937 0.7746212121212122 0.14573991031390135 0.13068181818181818
4 0.22309417040358745 0.7859848484848485 0.08744394618834081 0.13257575757575757
16 0.32286995515695066 0.8087121212121212 0.15134529147982062 0.15151515151515152
8 0.0773542600896861 0.8882575757575758 0.1367713004484305 0.14204545454545456
1 0.19170403587443946 0.9166666666666666 0.12443946188340807 0.14393939393939395
4 0.3060538116591928 0.9261363636363636 0.13452914798206278 0.14204545454545456
10 0.4428251121076233 0.821969696969697 0.08744394618834081 0.22727272727272727
2 0.5213004484304933 0.8541666666666666 0.15022421524663676 0.2916666666666667
13 0.6681614349775785 0.8598484848484849 0.22869955156950672 0.2803030303030303
4 0.8497757847533632 0.9261363636363636 0.17488789237668162 0.14772727272727273