10 0.06703470031545741 0.12345679012345678 0.07886435331230283 0.24279835390946503
1 0.12145110410094637 0.16666666666666666 0.056782334384858045 0.25
5 0.16246056782334384 0.20164609053497942 0.05914826498422713 0.25411522633744854
11 0.20899053627760253 0.24074074074074073 0.06466876971608833 0.25823045267489714
6 0.2547318611987382 0.2839506172839506 0.057570977917981075 0.2613168724279835
8 0.2949526813880126 0.30864197530864196 0.055205047318611984 0.23868312757201646
9 0.33280757097791797 0.32613168724279834 0.0528391167192429 0.2037037037037037
3 0.3698738170347003 0.3446502057613169 0.055205047318611984 0.16666666666666666
10 0.5370662460567823 0.14506172839506173 0.11750788643533124 0.13786008230452676
4 0.611198738170347 0.1574074074074074 0.07176656151419558 0.10699588477366255
11 0.6774447949526814 0.16666666666666666 0.08911671924290221 0.12345679012345678
2 0.7436908517350158 0.17901234567901234 0.07334384858044164 0.11522633744855967
9 0.7973186119873817 0.1934156378600823 0.06782334384858044 0.11522633744855967
0 0.8470031545741324 0.19547325102880658 0.06624605678233439 0.11008230452674897
1 0.9014195583596214 0.21707818930041153 0.07413249211356467 0.1183127572016461
3 0.2279179810725552 0.602880658436214 0.04100946372239748 0.1111111111111111
0 0.26498422712933756 0.6039094650205762 0.033123028391167195 0.09465020576131687
3 0.2862776025236593 0.5946502057613169 0.03391167192429022 0.11008230452674897
0 0.038643533123028394 0.779835390946502 0.07176656151419558 0.19444444444444445
0 0.08517350157728706 0.7818930041152263 0.06703470031545741 0.18930041152263374
1 0.1309148264984227 0.7808641975308642 0.07413249211356467 0.18415637860082304
11 0.18848580441640378 0.7777777777777778 0.08911671924290221 0.2006172839506173
0 0.2586750788643533 0.7829218106995884 0.06466876971608833 0.17901234567901234
1 0.2996845425867508 0.7736625514403292 0.06466876971608833 0.18415637860082304
6 0.3351735015772871 0.7808641975308642 0.056782334384858045 0.15843621399176955
5 0.37381703470031546 0.7746913580246914 0.05914826498422713 0.17901234567901234
0 0.5946372239747634 0.49691358024691357 0.1829652996845426 0.13786008230452676
4 0.7744479495268138 0.4845679012345679 0.1167192429022082 0.11316872427983539
7 0.8541009463722398 0.4845679012345679 0.1277602523659306 0.11316872427983539
8 0.9613564668769716 0.4783950617283951 0.07728706624605679 0.10082304526748971
6 0.5370662460567823 0.6975308641975309 0.21608832807570977 0.2757201646090535
3 0.721911099017701 0.6946901138334555 0.20937930676018243 0.247467404198906
1 0.8966595574953035 0.6801582459466904 0.19969531377889946 0.23490623055781684