10 0.043316831683168314 0.07042253521126761 0.08663366336633663 0.14084507042253522
2 0.10148514851485149 0.13732394366197184 0.10891089108910891 0.2746478873239437
1 0.15717821782178218 0.18309859154929578 0.10643564356435643 0.36619718309859156
11 0.22896039603960397 0.2676056338028169 0.13613861386138615 0.38028169014084506
2 0.30074257425742573 0.33098591549295775 0.09653465346534654 0.2535211267605634
10 0.4183168316831683 0.07746478873239436 0.13861386138613863 0.15492957746478872
2 0.5433168316831684 0.13732394366197184 0.12128712871287128 0.2746478873239437
0 0.6076732673267327 0.176056338028169 0.11633663366336634 0.352112676056338
11 0.7165841584158416 0.24647887323943662 0.14603960396039603 0.4225352112676056
4 0.8155940594059405 0.31338028169014087 0.12128712871287128 0.2887323943661972
9 0.8787128712871287 0.35563380281690143 0.11386138613861387 0.20422535211267606
9 0.9418316831683168 0.3908450704225352 0.10643564356435643 0.13380281690140844
0 0.974009900990099 0.426056338028169 0.05198019801980198 0.06338028169014084
4 0.05693069306930693 0.7077464788732394 0.11386138613861387 0.5
11 0.13242574257425743 0.7288732394366197 0.26485148514851486 0.5422535211267606
2 0.26113861386138615 0.7676056338028169 0.17574257425742573 0.4647887323943662
1 0.3094059405940594 0.8133802816901409 0.07920792079207921 0.3732394366197183
10 0.44801980198019803 0.5563380281690141 0.18193069306930693 0.19718309859154928
8 0.5643564356435643 0.602112676056338 0.12004950495049505 0.24295774647887325
2 0.629950495049505 0.6971830985915493 0.10148514851485149 0.22183098591549297
18 0.6856435643564357 0.7676056338028169 0.11138613861386139 0.23943661971830985
1 0.7462871287128713 0.8380281690140845 0.09653465346534654 0.2147887323943662
5 0.8007425742574258 0.8908450704225352 0.11386138613861387 0.21830985915492956
4 0.8824257425742574 0.9436619718309859 0.09777227722772278 0.11267605633802817
5 0.9257425742574258 0.9683098591549296 0.0853960396039604 0.05985915492957746