1 0.10452586206896551 0.075 0.07543103448275862 0.15
11 0.17564655172413793 0.125 0.10129310344827586 0.25
2 0.2521551724137931 0.175 0.08189655172413793 0.35
8 0.3125 0.2125 0.08620689655172414 0.425
6 0.35344827586206895 0.24166666666666667 0.03017241379310345 0.36666666666666664
1 0.8642241379310345 0.025 0.04741379310344827 0.05
0 0.9202586206896551 0.04583333333333333 0.04310344827586207 0.09166666666666666
2 0.9579741379310345 0.0625 0.04525862068965517 0.125
3 0.9870689655172413 0.07916666666666666 0.02586206896551724 0.15833333333333333
7 0.5021551724137931 0.08333333333333333 0.1939655172413793 0.16666666666666666
0 0.7144396551724138 0.16666666666666666 0.17025862068965517 0.3333333333333333
7 0.9137931034482759 0.22083333333333333 0.1724137931034483 0.4083333333333333
2 0.020474137931034482 0.7541666666666667 0.040948275862068964 0.3416666666666667
5 0.07219827586206896 0.8208333333333333 0.09267241379310345 0.35833333333333334
11 0.21336206896551724 0.8583333333333333 0.12931034482758622 0.2833333333333333
1 0.3308189655172414 0.9166666666666666 0.07543103448275862 0.16666666666666666
10 0.1096712486234369 0.5848281925991183 0.0554470381594028 0.21560849364411408
10 0.4698275862068966 0.5708333333333333 0.09482758620689655 0.23333333333333334
1 0.5258620689655172 0.6125 0.07219827586206896 0.20833333333333334
2 0.5754310344827587 0.65 0.06896551724137931 0.225
11 0.6314655172413793 0.6958333333333333 0.09590517241379311 0.25416666666666665
8 0.7122844827586207 0.7416666666666667 0.08836206896551724 0.2375
9 0.7758620689655172 0.7875 0.0980603448275862 0.225
4 0.8405172413793104 0.8291666666666667 0.09482758620689655 0.25
3 0.9127155172413793 0.8708333333333333 0.10129310344827586 0.23333333333333334