10 0.1469387755102041 0.115 0.08775510204081632 0.17833333333333334
7 0.21428571428571427 0.13333333333333333 0.061224489795918366 0.16333333333333333
11 0.2795918367346939 0.15 0.07551020408163266 0.17333333333333334
3 0.0826530612244898 0.3 0.08775510204081632 0.20833333333333334
8 0.15612244897959185 0.315 0.08775510204081632 0.21666666666666667
9 0.22959183673469388 0.3283333333333333 0.08775510204081632 0.21166666666666667
9 0.30714285714285716 0.34833333333333333 0.09693877551020408 0.21666666666666667
10 0.49081632653061225 0.15333333333333332 0.12040816326530612 0.30666666666666664
2 0.5877551020408164 0.18833333333333332 0.07551020408163266 0.27166666666666667
13 0.6683673469387755 0.21333333333333335 0.11428571428571428 0.31166666666666665
4 0.7561224489795918 0.23166666666666666 0.07959183673469387 0.2783333333333333
4 0.8204081632653061 0.2633333333333333 0.07755102040816327 0.27666666666666667
7 0.8846938775510204 0.27666666666666667 0.07959183673469387 0.2783333333333333
5 0.9469387755102041 0.2916666666666667 0.07346938775510205 0.28833333333333333
10 0.06858035547357372 0.6696789627622611 0.08063670684212189 0.15347967797346201
6 0.1253907539458856 0.7114542366958441 0.051899048935420716 0.12770064827358676
1 0.18319781353356665 0.756475497663955 0.051875301887524615 0.12436731494025345
18 0.2308482855843869 0.7957035549534502 0.06015730243312746 0.14173275199736074
1 0.28148874098131466 0.84466957334653 0.05403485345353574 0.1412086742045303
0 0.3424045191545839 0.8827621287515592 0.043712036581402165 0.1236685445498129
2 0.3795918367346939 0.9116666666666666 0.02040816326530612 0.11666666666666667
9 0.49081632653061225 0.7433333333333333 0.20204081632653062 0.35333333333333333
7 0.710204081632653 0.755 0.2897959183673469 0.37666666666666665
2 0.9173469387755102 0.7716666666666666 0.1653061224489796 0.41