10 0.18770491803278688 0.13876651982378854 0.11762295081967213 0.16629955947136563
7 0.2733606557377049 0.1618942731277533 0.08401639344262295 0.15418502202643172
11 0.3536885245901639 0.1828193832599119 0.10204918032786885 0.1618942731277533
3 0.12008196721311476 0.31277533039647576 0.11967213114754098 0.1960352422907489
8 0.21311475409836064 0.33370044052863435 0.12008196721311476 0.20374449339207049
9 0.30491803278688523 0.3524229074889868 0.12008196721311476 0.19933920704845814
9 0.40204918032786885 0.3777533039647577 0.130327868852459 0.20374449339207049
10 0.5565573770491803 0.29625550660792954 0.08688524590163935 0.2522026431718062
1 0.6139344262295082 0.3039647577092511 0.06024590163934426 0.22026431718061673
3 0.6549180327868852 0.31497797356828194 0.06393442622950819 0.2422907488986784
11 0.7081967213114754 0.3237885462555066 0.07295081967213114 0.24559471365638766
3 0.7635245901639345 0.3392070484581498 0.06680327868852459 0.23898678414096916
1 0.8147540983606557 0.34801762114537443 0.06844262295081967 0.2522026431718062
5 0.8622950819672132 0.3623348017621145 0.07377049180327869 0.2709251101321586
8 0.9209016393442623 0.3788546255506608 0.08073770491803278 0.2775330396475771
3 0.11557377049180328 0.7841409691629956 0.23114754098360657 0.43171806167400884
0 0.32008196721311477 0.801762114537445 0.23852459016393443 0.3964757709251101
0 0.4471311475409836 0.829295154185022 0.08442622950819673 0.34140969162995594
10 0.5778688524590164 0.7455947136563876 0.09754098360655737 0.21806167400881057
1 0.6487704918032787 0.7698237885462555 0.06270491803278688 0.197136563876652
6 0.6950819672131148 0.7830396475770925 0.06270491803278688 0.19383259911894274
11 0.7483606557377049 0.8039647577092511 0.08196721311475409 0.20154185022026433
5 0.8155737704918032 0.8237885462555066 0.06352459016393443 0.18722466960352424
7 0.8618852459016394 0.8381057268722467 0.0610655737704918 0.19383259911894274
1 0.9061475409836065 0.8535242290748899 0.05983606557377049 0.197136563876652
5 0.9512295081967214 0.8722466960352423 0.06311475409836066 0.20704845814977973