10 0.07085253456221198 0.2955801104972376 0.08813364055299538 0.3011049723756906
9 0.13191244239631336 0.28591160220994477 0.0587557603686636 0.30248618784530384
11 0.19009216589861752 0.292817679558011 0.08064516129032258 0.31215469613259667
6 0.2799539170506912 0.28314917127071826 0.061635944700460826 0.30386740331491713
2 0.3369815668202765 0.27071823204419887 0.061635944700460826 0.30939226519337015
4 0.396889400921659 0.26519337016574585 0.07200460829493087 0.31077348066298344
4 0.45564516129032256 0.23342541436464087 0.06912442396313365 0.30386740331491713
10 0.5766129032258065 0.16160220994475138 0.09216589861751152 0.20718232044198895
6 0.6388248847926268 0.2154696132596685 0.055299539170506916 0.1919889502762431
7 0.684331797235023 0.23066298342541436 0.059907834101382486 0.18922651933701656
18 0.7453917050691244 0.292817679558011 0.07258064516129033 0.19751381215469613
7 0.8473502304147466 0.3715469613259669 0.0771889400921659 0.1781767955801105
2 0.902073732718894 0.4212707182320442 0.051267281105990783 0.17955801104972377
2 0.9435483870967742 0.43922651933701656 0.0576036866359447 0.212707182320442
1 0.9792626728110599 0.462707182320442 0.041474654377880185 0.1574585635359116
1 0.10599078341013825 0.7279005524861878 0.12442396313364056 0.3011049723756906
8 0.2217741935483871 0.7237569060773481 0.12788018433179724 0.292817679558011
11 0.3611751152073733 0.7306629834254144 0.16705069124423963 0.30662983425414364
5 0.09389400921658986 0.9226519337016574 0.18778801843317972 0.15469613259668508
1 0.2862903225806452 0.9406077348066298 0.22465437788018433 0.11878453038674033
10 0.6728110599078341 0.6850828729281768 0.13652073732718895 0.21408839779005526
1 0.7724654377880185 0.680939226519337 0.10426267281105991 0.20718232044198895
11 0.8675115207373272 0.6892265193370166 0.12730414746543778 0.2223756906077348
8 0.5817972350230415 0.888121546961326 0.12211981566820276 0.19475138121546962
3 0.701036866359447 0.8922651933701657 0.12730414746543778 0.19475138121546962
0 0.8266129032258065 0.888121546961326 0.13940092165898618 0.1919889502762431
0 0.9400921658986175 0.8895027624309392 0.11923963133640553 0.1712707182320442