10 0.09355828220858896 0.456 0.09151329243353783 0.167
9 0.14519427402862986 0.423 0.06748466257668712 0.234
11 0.19938650306748465 0.383 0.08793456032719836 0.313
6 0.2796523517382413 0.267 0.0705521472392638 0.284
2 0.3292433537832311 0.187 0.0705521472392638 0.289
4 0.38087934560327197 0.136 0.07975460122699386 0.242
4 0.4320040899795501 0.085 0.07566462167689161 0.136
10 0.5986707566462167 0.397 0.1032719836400818 0.286
8 0.6651329243353783 0.367 0.0843558282208589 0.267
11 0.7244376278118609 0.329 0.0950920245398773 0.29
1 0.7970347648261759 0.301 0.07413087934560328 0.255
2 0.84560327198364 0.269 0.08026584867075665 0.256
8 0.8997955010224948 0.239 0.08282208588957055 0.272
1 0.9504089979550102 0.199 0.08231083844580778 0.267
10 0.0516359918200409 0.631 0.1032719836400818 0.182
0 0.11503067484662577 0.805 0.23006134969325154 0.39
0 0.2888548057259714 0.757 0.2505112474437628 0.434
6 0.44222903885480574 0.69 0.19529652351738241 0.3
10 0.647239263803681 0.888 0.07975460122699386 0.224
1 0.6993865030674846 0.865 0.053169734151329244 0.207
1 0.7305725971370143 0.83 0.05265848670756646 0.213
11 0.7684049079754601 0.792 0.06492842535787322 0.223
6 0.8149284253578732 0.762 0.0541922290388548 0.219
9 0.8466257668711656 0.724 0.04754601226993865 0.197
2 0.8752556237218814 0.695 0.04652351738241309 0.184
3 0.9023517382413088 0.671 0.04959100204498978 0.191