10 0.11746361746361747 0.4532520325203252 0.10446985446985448 0.3404471544715447
1 0.17827442827442827 0.40447154471544716 0.07432432432432433 0.3130081300813008
5 0.21777546777546777 0.3597560975609756 0.06964656964656965 0.2926829268292683
11 0.2692307692307692 0.32926829268292684 0.0867983367983368 0.3201219512195122
6 0.3269230769230769 0.26727642276422764 0.06964656964656965 0.2926829268292683
3 0.36538461538461536 0.2225609756097561 0.06548856548856549 0.2733739837398374
7 0.40488565488565487 0.18800813008130082 0.06756756756756757 0.2733739837398374
0 0.44542619542619544 0.16260162601626016 0.06340956340956341 0.2540650406504065
11 0.6782744282744283 0.10670731707317073 0.19854469854469856 0.21341463414634146
0 0.6772349272349273 0.41260162601626016 0.19646569646569648 0.45121951219512196
6 0.8494979402131303 0.31799534106902494 0.2650144714424931 0.5291309982034674
10 0.1741164241164241 0.7845528455284553 0.14033264033264034 0.14532520325203252
4 0.28274428274428276 0.7510162601626016 0.12474012474012475 0.14126016260162602
11 0.3840956340956341 0.7205284552845529 0.14033264033264034 0.14532520325203252
5 0.1340956340956341 0.9237804878048781 0.15852390852390852 0.1524390243902439
0 0.25363825363825365 0.9065040650406504 0.15592515592515593 0.18699186991869918
8 0.3705821205821206 0.8729674796747967 0.15280665280665282 0.18902439024390244
4 0.48544698544698545 0.834349593495935 0.1496881496881497 0.17886178861788618
10 0.645010395010395 0.9217479674796748 0.09927234927234928 0.15548780487804878
1 0.7001039501039501 0.9105691056910569 0.06392931392931393 0.17886178861788618
7 0.7364864864864865 0.8973577235772358 0.06756756756756757 0.20528455284552846
11 0.7796257796257796 0.8678861788617886 0.08264033264033264 0.22052845528455284
7 0.8336798336798337 0.8302845528455285 0.06912681912681913 0.20223577235772358
4 0.8716216216216216 0.8099593495934959 0.06392931392931393 0.20223577235772358
2 0.908004158004158 0.7886178861788617 0.06756756756756757 0.20934959349593496
6 0.9464656964656964 0.766260162601626 0.06912681912681913 0.21646341463414634