10 0.13147410358565736 0.13010204081632654 0.08864541832669323 0.1326530612244898
1 0.19820717131474103 0.12244897959183673 0.054780876494023904 0.1326530612244898
5 0.24203187250996017 0.11224489795918367 0.054780876494023904 0.11989795918367346
11 0.2968127490039841 0.1096938775510204 0.07071713147410359 0.13010204081632654
6 0.36254980079681276 0.09693877551020408 0.052788844621513946 0.12244897959183673
3 0.4063745019920319 0.08673469387755102 0.05079681274900399 0.11479591836734694
7 0.450199203187251 0.07908163265306123 0.052788844621513946 0.11479591836734694
0 0.4950199203187251 0.07397959183673469 0.04880478087649402 0.11734693877551021
10 0.6673306772908366 0.21428571428571427 0.11553784860557768 0.12244897959183673
9 0.7579681274900398 0.1989795918367347 0.0697211155378486 0.15306122448979592
11 0.8316733067729084 0.16581632653061223 0.08964143426294821 0.2193877551020408
1 0.9015805552329149 0.1326098829536805 0.06471855427430587 0.22093826572480177
2 0.9581673306772909 0.09693877551020408 0.06772908366533864 0.19387755102040816
2 0.9910358565737052 0.08418367346938775 0.017928286852589643 0.1683673469387755
10 0.1752988047808765 0.5535714285714286 0.12250996015936255 0.1683673469387755
18 0.42729083665338646 0.40561224489795916 0.09760956175298804 0.17857142857142858
5 0.27191235059760954 0.49744897959183676 0.07768924302788845 0.16071428571428573
7 0.34462151394422313 0.45918367346938777 0.0846613545816733 0.16581632653061223
1 0.150398406374502 0.7933673469387755 0.12350597609561753 0.21683673469387754
6 0.26593625498007967 0.7244897959183674 0.11653386454183266 0.21683673469387754
9 0.3754980079681275 0.6632653061224489 0.11653386454183266 0.21683673469387754
2 0.48904382470119523 0.5867346938775511 0.11653386454183266 0.20408163265306123
13 0.7260956175298805 0.37755102040816324 0.2051792828685259 0.20408163265306123
0 0.6643426294820717 0.7219387755102041 0.14940239043824702 0.45408163265306123
6 0.8422954743470322 0.6400379170372152 0.1593407660256419 0.45009695575300224