10 0.1449619771863118 0.12126865671641791 0.08650190114068441 0.13246268656716417
8 0.22433460076045628 0.09888059701492537 0.06986692015209126 0.1287313432835821
11 0.30370722433460073 0.08582089552238806 0.07699619771863118 0.13246268656716417
7 0.09077946768060836 0.3208955223880597 0.10408745247148289 0.22014925373134328
0 0.1782319391634981 0.292910447761194 0.09695817490494296 0.21641791044776118
6 0.2647338403041825 0.27052238805970147 0.09933460076045628 0.22014925373134328
0 0.345532319391635 0.24440298507462688 0.09220532319391635 0.21641791044776118
5 0.47956273764258556 0.3843283582089552 0.09980988593155894 0.16417910447761194
9 0.5865019011406845 0.3246268656716418 0.16159695817490494 0.2835820895522388
3 0.7286121673003803 0.2798507462686567 0.12452471482889733 0.373134328358209
3 0.8540874524714829 0.2332089552238806 0.12072243346007605 0.4664179104477612
6 0.9562737642585551 0.22574626865671643 0.08745247148288973 0.45149253731343286
10 0.04895437262357415 0.6473880597014925 0.06749049429657794 0.17537313432835822
7 0.10931558935361217 0.664179104477612 0.046102661596958174 0.14738805970149255
4 0.16682509505703422 0.6940298507462687 0.046102661596958174 0.13805970149253732
18 0.21435361216730037 0.710820895522388 0.051330798479087454 0.1828358208955224
6 0.26806083650190116 0.746268656716418 0.04467680608365019 0.15485074626865672
8 0.31368821292775667 0.7574626865671642 0.04182509505703422 0.14365671641791045
2 0.3502851711026616 0.7686567164179104 0.04325095057034221 0.15111940298507462
7 0.3906844106463878 0.7705223880597015 0.049429657794676805 0.15485074626865672
10 0.5019011406844106 0.7835820895522388 0.11596958174904944 0.27611940298507465
1 0.5807984790874525 0.7574626865671642 0.07984790874524715 0.251865671641791
3 0.6383079847908745 0.7481343283582089 0.08222433460076045 0.2574626865671642
11 0.7057984790874525 0.7238805970149254 0.09268060836501901 0.2574626865671642
6 0.7713878326996197 0.6996268656716418 0.07699619771863118 0.251865671641791
1 0.8279467680608364 0.6847014925373134 0.07224334600760456 0.2574626865671642
5 0.8835551330798479 0.664179104477612 0.07747148288973384 0.2630597014925373
0 0.9439163498098859 0.6455223880597015 0.07984790874524715 0.2630597014925373