10 0.061708860759493674 0.08950617283950617 0.12341772151898735 0.17901234567901234
8 0.16303974135924593 0.15583368963698802 0.11012854525148279 0.18748366488278218
11 0.264833808209811 0.23522083567119556 0.11991764021978123 0.19387198686060478
0 0.07120253164556962 0.3148148148148148 0.14240506329113925 0.30864197530864196
6 0.17405063291139242 0.3950617283950617 0.16455696202531644 0.30864197530864196
0 0.2800632911392405 0.43209876543209874 0.1550632911392405 0.2345679012345679
0 0.46603849912568257 0.2717191665291083 0.12713302639049914 0.212534160360223
18 0.6408227848101266 0.4506172839506173 0.16139240506329114 0.19753086419753085
10 0.05063291139240506 0.8549382716049383 0.10126582278481013 0.29012345679012347
1 0.10861132458541231 0.847977492043276 0.09063546325730742 0.2425364280044884
5 0.15994024221216274 0.8306441271188308 0.08747090629528212 0.24246460051393848
11 0.21141687188002442 0.8163971819474722 0.10071998230782818 0.25509758948848377
8 0.26778804903203524 0.8053443977650249 0.09093088733952992 0.24870926751066114
5 0.3127878527347351 0.7878673778594799 0.08688005813083723 0.23011892150159277
6 0.3595176469595588 0.7735126914522964 0.07679553908031649 0.21755776001759736
8 0.379746835443038 0.7623456790123457 0.0379746835443038 0.21604938271604937
10 0.5474683544303798 0.6203703703703703 0.1360759493670886 0.1388888888888889
1 0.5933544303797469 0.6604938271604939 0.09651898734177215 0.1388888888888889
1 0.8022151898734177 0.8734567901234568 0.11392405063291139 0.15123456790123457
4 0.6376582278481012 0.6944444444444444 0.10284810126582279 0.1419753086419753
11 0.685126582278481 0.7469135802469136 0.1281645569620253 0.16049382716049382
5 0.7579113924050633 0.8179012345679012 0.11708860759493671 0.14814814814814814
9 0.8465189873417721 0.9135802469135802 0.1060126582278481 0.14506172839506173
5 0.8924050632911392 0.9382716049382716 0.11867088607594936 0.12037037037037036