10 0.10483870967741936 0.08699633699633699 0.08122119815668202 0.14743589743589744
1 0.15207373271889402 0.13003663003663005 0.058179723502304145 0.12637362637362637
2 0.18433179723502305 0.15293040293040294 0.05414746543778802 0.12454212454212454
11 0.22004608294930875 0.1794871794871795 0.06912442396313365 0.14285714285714285
7 0.2730414746543779 0.22893772893772893 0.059907834101382486 0.12637362637362637
2 0.3058755760368664 0.25274725274725274 0.0587557603686636 0.1382783882783883
8 0.33986175115207373 0.27472527472527475 0.06278801843317973 0.13553113553113552
8 0.3784562211981567 0.3021978021978022 0.06797235023041474 0.1382783882783883
3 0.5622119815668203 0.08241758241758242 0.12442396313364056 0.16483516483516483
2 0.6710829493087558 0.12912087912087913 0.19470046082949308 0.25824175824175827
4 0.781941418832712 0.1917393403795087 0.13532965753122653 0.2332413593450802
11 0.8807603686635944 0.2619047619047619 0.13940092165898618 0.23443223443223443
11 0.9516129032258065 0.29212454212454214 0.0967741935483871 0.17399267399267399
10 0.08352534562211981 0.5631868131868132 0.10944700460829493 0.3663003663003663
4 0.14919354838709678 0.6282051282051282 0.08006912442396313 0.32875457875457875
11 0.19815668202764977 0.6858974358974359 0.09965437788018433 0.3772893772893773
2 0.2563364055299539 0.7518315018315018 0.08006912442396313 0.3434065934065934
1 0.29838709677419356 0.8012820512820513 0.0869815668202765 0.3507326007326007
6 0.3444700460829493 0.8351648351648352 0.08525345622119816 0.32967032967032966
6 0.39400921658986177 0.858058608058608 0.08755760368663594 0.2838827838827839
10 0.5679723502304147 0.4423076923076923 0.1728110599078341 0.12637362637362637
7 0.6941244239631337 0.43223443223443225 0.11405529953917051 0.10622710622710622
9 0.7695852534562212 0.434981684981685 0.11059907834101383 0.11172161172161173
18 0.8629032258064516 0.43864468864468864 0.1313364055299539 0.11904761904761904
5 0.5230414746543779 0.5741758241758241 0.10829493087557604 0.32051282051282054
8 0.6363972620098891 0.5896634765192103 0.20969243922828534 0.3206858784330316
9 0.7820474528537267 0.6042641372588424 0.20965222245362253 0.3151913729385261
2 0.9205069124423964 0.6117216117216118 0.15898617511520738 0.2967032967032967