10 0.0972972972972973 0.2144230769230769 0.075 0.1451923076923077
1 0.1527027027027027 0.21826923076923077 0.051351351351351354 0.12884615384615383
2 0.18986486486486487 0.21634615384615385 0.046621621621621624 0.12884615384615383
11 0.2304054054054054 0.2144230769230769 0.06148648648648649 0.14423076923076922
7 0.2945945945945946 0.22115384615384615 0.052702702702702706 0.12884615384615383
2 0.33175675675675675 0.2173076923076923 0.04864864864864865 0.14326923076923076
8 0.3695945945945946 0.21153846153846154 0.05405405405405406 0.13846153846153847
8 0.41216216216216217 0.20865384615384616 0.06013513513513514 0.14134615384615384
10 0.6798612991734992 0.11393815328355626 0.18549062106202105 0.22765113045865806
7 0.8108108108108109 0.06153846153846154 0.12162162162162163 0.12307692307692308
9 0.8885135135135135 0.03653846153846154 0.11486486486486487 0.07307692307692308
5 0.6574324324324324 0.30096153846153845 0.21486486486486486 0.175
8 0.825 0.25096153846153846 0.22297297297297297 0.275
9 0.9324324324324325 0.17115384615384616 0.13513513513513514 0.2923076923076923
10 0.10675675675675676 0.7740384615384616 0.0777027027027027 0.23557692307692307
9 0.16148648648648647 0.7567307692307692 0.05337837837837838 0.2173076923076923
11 0.20743243243243242 0.7336538461538461 0.060810810810810814 0.22596153846153846
9 0.26216216216216215 0.7096153846153846 0.06351351351351352 0.2298076923076923
5 0.3108108108108108 0.6913461538461538 0.06283783783783783 0.24519230769230768
2 0.3601351351351351 0.6653846153846154 0.060810810810810814 0.2221153846153846
5 0.40675675675675677 0.6538461538461539 0.06418918918918919 0.24903846153846154
10 0.7026231961180962 0.6137700249655945 0.15692342208142204 0.22023635271086447
6 0.8275898630531632 0.5787889346815029 0.11015925352585358 0.1925721337931916
11 0.9283895561657562 0.5472050678663357 0.1265013501435502 0.19735860019852416
9 0.6815458810255811 0.8352014010639549 0.16578681259841263 0.24378343206737704
8 0.8423066922389922 0.7811821678841693 0.15639029333969337 0.24515799333093294
4 0.9662162162162162 0.7230769230769231 0.06756756756756757 0.23461538461538461