10 0.029045643153526972 0.08564814814814815 0.058091286307053944 0.1712962962962963
1 0.06846473029045644 0.10416666666666667 0.07883817427385892 0.20833333333333334
7 0.12591090800130605 0.13564196866130906 0.09122492062441734 0.24163415813786646
11 0.1883830145540754 0.18822697946240266 0.10391472712844216 0.25170166818152895
1 0.2572614107883817 0.22685185185185186 0.0954356846473029 0.2222222222222222
0 0.31742738589211617 0.2523148148148148 0.08298755186721991 0.1712962962962963
9 0.3796680497925311 0.27314814814814814 0.0995850622406639 0.12962962962962962
10 0.5228215767634855 0.1527777777777778 0.18672199170124482 0.3055555555555556
1 0.6358921161825726 0.16898148148148148 0.14730290456431536 0.33796296296296297
5 0.7126556016597511 0.16898148148148148 0.15145228215767634 0.33796296296296297
11 0.8070539419087137 0.19212962962962962 0.17427385892116182 0.2916666666666667
8 0.9221991701244814 0.23842592592592593 0.15145228215767634 0.19907407407407407
10 0.052904564315352696 0.3958333333333333 0.08506224066390042 0.11574074074074074
18 0.17718320668151222 0.6416860371636444 0.07915976057342194 0.1761458010027156
6 0.09143686913213599 0.45124722187983823 0.0592791927835883 0.12863712852981446
8 0.13754290796381577 0.5512983218474717 0.0592791927835883 0.12863712852981452
3 0.21371147220418787 0.7318716897837162 0.06598660662151343 0.14755977244053464
1 0.25475162590613737 0.8362156482208113 0.06634911720742621 0.1614486613294235
3 0.3008298755186722 0.9305555555555556 0.07053941908713693 0.1388888888888889
0 0.3495850622406639 0.9884259259259259 0.06431535269709543 0.023148148148148147
10 0.6068464730290456 0.48842592592592593 0.1421161825726141 0.2337962962962963
4 0.7261410788381742 0.5486111111111112 0.13070539419087138 0.2337962962962963
16 0.8547717842323651 0.6018518518518519 0.16701244813278007 0.2662037037037037
3 0.5342323651452282 0.7060185185185185 0.15975103734439833 0.3194444444444444
2 0.6390041493775933 0.7685185185185185 0.1566390041493776 0.30787037037037035
2 0.7406639004149378 0.8055555555555556 0.14937759336099585 0.2986111111111111
6 0.8506224066390041 0.8541666666666666 0.15975103734439833 0.2916666666666667