10 0.059178743961352656 0.1274703557312253 0.10809178743961352 0.2549407114624506
1 0.12318840579710146 0.15810276679841898 0.06763285024154589 0.2717391304347826
7 0.16908212560386474 0.20059288537549408 0.07669082125603864 0.2885375494071146
11 0.21920289855072464 0.2608695652173913 0.08695652173913043 0.30039525691699603
1 0.27657004830917875 0.3231225296442688 0.08031400966183574 0.29446640316205536
0 0.32669082125603865 0.36561264822134387 0.07065217391304347 0.2608695652173913
9 0.3804347826086957 0.4308300395256917 0.08695652173913043 0.30039525691699603
3 0.4335748792270531 0.4673913043478261 0.07367149758454106 0.24308300395256918
10 0.5621980676328503 0.1067193675889328 0.08574879227053141 0.2134387351778656
4 0.6313074565151542 0.12845849802371542 0.1498925848644834 0.2509881422924901
11 0.7415352169271422 0.15711462450592886 0.1571389616760776 0.2509881422924901
1 0.5694444444444444 0.366600790513834 0.10024154589371981 0.32608695652173914
4 0.657128284883413 0.40810276679841895 0.19670660966111964 0.3359683794466403
0 0.7958937198067633 0.4397233201581028 0.19082125603864733 0.2984189723320158
3 0.27898550724637683 0.7420948616600791 0.026570048309178744 0.07213438735177866
0 0.3170289855072464 0.7766798418972332 0.021739130434782608 0.06818181818181818
1 0.3333333333333333 0.7934782608695652 0.020531400966183576 0.06324110671936758
0 0.09722222222222222 0.6689723320158103 0.051328502415458936 0.1600790513833992
2 0.13285024154589373 0.6976284584980237 0.05495169082125604 0.1808300395256917
3 0.1678743961352657 0.7401185770750988 0.057971014492753624 0.1956521739130435
11 0.2222222222222222 0.7905138339920948 0.07246376811594203 0.20553359683794467
0 0.28200483091787437 0.8537549407114624 0.06159420289855073 0.18675889328063242
8 0.3285024154589372 0.8982213438735178 0.06521739130434782 0.1956521739130435
7 0.37379227053140096 0.9209486166007905 0.0640096618357488 0.15810276679841898
5 0.41847826086956524 0.9456521739130435 0.06099033816425121 0.10869565217391304
0 0.6660628019323671 0.7094861660079052 0.1068840579710145 0.13043478260869565
1 0.7620772946859904 0.7470355731225297 0.07306763285024155 0.10869565217391304
13 0.8592995169082126 0.7796442687747036 0.10084541062801933 0.12845849802371542
5 0.607487922705314 0.8290513833992095 0.10869565217391304 0.16106719367588934
11 0.6980676328502415 0.8626482213438735 0.10869565217391304 0.16106719367588934
6 0.7832125603864735 0.8883399209486166 0.10567632850241546 0.15217391304347827
4 0.8713768115942029 0.9130434782608695 0.1068840579710145 0.1482213438735178