1 0.07407407407407407 0.08072916666666667 0.11784511784511785 0.16145833333333334
3 0.1835016835016835 0.041666666666666664 0.1111111111111111 0.08333333333333333
10 0.5563973063973064 0.1171875 0.10942760942760943 0.09375
1 0.627104377104377 0.1015625 0.06565656565656566 0.08333333333333333
7 0.6725589225589226 0.09635416666666667 0.06565656565656566 0.09114583333333333
11 0.7272727272727273 0.08854166666666667 0.0867003367003367 0.09114583333333333
7 0.7962962962962963 0.07552083333333333 0.06986531986531987 0.0859375
4 0.8451178451178452 0.0703125 0.06313131313131314 0.08854166666666667
2 0.8914141414141414 0.06510416666666667 0.06565656565656566 0.09114583333333333
6 0.9385521885521886 0.059895833333333336 0.06986531986531987 0.09375
10 0.10774410774410774 0.4895833333333333 0.07154882154882154 0.2630208333333333
8 0.15993265993265993 0.4791666666666667 0.0563973063973064 0.2604166666666667
11 0.1994949494949495 0.4739583333333333 0.06565656565656566 0.2526041666666667
6 0.24663299663299662 0.4765625 0.054713804713804715 0.2552083333333333
3 0.2836700336700337 0.4635416666666667 0.05218855218855219 0.23958333333333334
8 0.31902356902356904 0.4661458333333333 0.06565656565656566 0.2526041666666667
2 0.35858585858585856 0.4557291666666667 0.05808080808080808 0.23958333333333334
15 0.5488215488215489 0.7083333333333334 0.10521885521885523 0.5677083333333334
1 0.6481481481481481 0.6145833333333334 0.058922558922558925 0.5520833333333334
13 0.7079124579124579 0.5208333333333334 0.08417508417508418 0.5807291666666666
7 0.7811447811447811 0.4166666666666667 0.05723905723905724 0.5
3 0.8274410774410774 0.40625 0.05555555555555555 0.4791666666666667
2 0.872895622895623 0.3619791666666667 0.05387205387205387 0.3880208333333333
3 0.914983164983165 0.3359375 0.0563973063973064 0.3385416666666667