10 0.11202185792349727 0.11556603773584906 0.22404371584699453 0.23113207547169812
5 0.3046448087431694 0.08018867924528301 0.15027322404371585 0.16037735849056603
16 0.46994535519125685 0.049528301886792456 0.18579234972677597 0.09905660377358491
1 0.14617486338797814 0.29952830188679247 0.1885245901639344 0.25943396226415094
3 0.3270788411061685 0.26645713192374876 0.1806001887717971 0.3078766510234132
0 0.4822134887533037 0.2002921483213136 0.1693850784177825 0.27891588178771987
1 0.7390710382513661 0.15330188679245282 0.22131147540983606 0.30660377358490565
10 0.06967213114754098 0.8113207547169812 0.11475409836065574 0.33726415094339623
2 0.18442622950819673 0.7806603773584906 0.0778688524590164 0.28773584905660377
0 0.2390710382513661 0.7665094339622641 0.07240437158469945 0.3018867924528302
11 0.3319672131147541 0.7429245283018868 0.09562841530054644 0.32075471698113206
4 0.4139344262295082 0.714622641509434 0.07513661202185792 0.2971698113207547
9 0.4685792349726776 0.7099056603773585 0.07103825136612021 0.2971698113207547
9 0.5191256830601093 0.6816037735849056 0.06557377049180328 0.2759433962264151
0 0.5669398907103825 0.6698113207547169 0.06557377049180328 0.2806603773584906
10 0.6775956284153005 0.7594339622641509 0.06830601092896176 0.2806603773584906
1 0.73224043715847 0.7617924528301887 0.045081967213114756 0.25707547169811323
5 0.7663934426229508 0.7452830188679245 0.045081967213114756 0.2617924528301887
11 0.8087431693989071 0.7429245283018868 0.056010928961748634 0.27358490566037735
7 0.8497267759562842 0.7429245283018868 0.045081967213114756 0.25707547169811323
8 0.8838797814207651 0.7452830188679245 0.045081967213114756 0.23820754716981132
9 0.9193989071038251 0.7382075471698113 0.045081967213114756 0.25235849056603776
2 0.9521857923497268 0.7334905660377359 0.04371584699453552 0.25235849056603776