10 0.11556603773584906 0.3333333333333333 0.10849056603773585 0.20238095238095238
1 0.18396226415094338 0.2904761904761905 0.07900943396226415 0.18333333333333332
0 0.22523584905660377 0.2571428571428571 0.07429245283018868 0.16904761904761906
11 0.27358490566037735 0.22142857142857142 0.09551886792452831 0.18333333333333332
3 0.34787735849056606 0.1761904761904762 0.07900943396226415 0.1738095238095238
9 0.3915094339622642 0.14523809523809525 0.07900943396226415 0.16428571428571428
8 0.4375 0.11904761904761904 0.07311320754716981 0.16428571428571428
9 0.47759433962264153 0.09047619047619047 0.08136792452830188 0.16428571428571428
10 0.7040094339622641 0.19285714285714287 0.10141509433962265 0.1380952380952381
1 0.7641509433962265 0.14047619047619048 0.07075471698113207 0.12380952380952381
2 0.7995283018867925 0.10476190476190476 0.06721698113207547 0.10952380952380952
11 0.8408018867924528 0.05952380952380952 0.08254716981132075 0.11428571428571428
1 0.7122641509433962 0.3476190476190476 0.11438679245283019 0.15714285714285714
6 0.7818396226415094 0.27380952380952384 0.10495283018867925 0.14761904761904762
4 0.8443396226415094 0.20714285714285716 0.10495283018867925 0.15714285714285714
4 0.9091981132075472 0.1357142857142857 0.10259433962264151 0.15714285714285714
10 0.15212264150943397 0.6452380952380953 0.17806603773584906 0.3142857142857143
1 0.24764150943396226 0.5547619047619048 0.10966981132075472 0.23095238095238096
14 0.3643867924528302 0.530952380952381 0.1792452830188679 0.17857142857142858
3 0.10731132075471699 0.8952380952380953 0.17570754716981132 0.20714285714285716
4 0.24056603773584906 0.8404761904761905 0.18867924528301888 0.319047619047619
7 0.3856132075471698 0.7761904761904762 0.19811320754716982 0.41904761904761906
9 0.49764150943396224 0.669047619047619 0.14150943396226415 0.4142857142857143
1 0.6155660377358491 0.8642857142857143 0.09433962264150944 0.2714285714285714
2 0.6674528301886793 0.8214285714285714 0.1509433962264151 0.35714285714285715
11 0.7463514054897379 0.7320775658801335 0.17839456659492872 0.4209868956512709
1 0.8385452166711944 0.6284376711531985 0.14386430924173135 0.3729799927114928
3 0.9091981132075472 0.5952380952380952 0.14386792452830188 0.3142857142857143
1 0.9516509433962265 0.5666666666666667 0.09669811320754718 0.2571428571428571