10 0.08663366336633663 0.36363636363636365 0.07673267326732673 0.30194805194805197
1 0.14975247524752475 0.38636363636363635 0.050742574257425746 0.288961038961039
0 0.1905940594059406 0.39285714285714285 0.04579207920792079 0.2727272727272727
11 0.23638613861386137 0.39935064935064934 0.06683168316831684 0.275974025974026
3 0.30445544554455445 0.43506493506493504 0.050742574257425746 0.2727272727272727
9 0.34529702970297027 0.4448051948051948 0.05198019801980198 0.2597402597402597
8 0.3873762376237624 0.461038961038961 0.04826732673267327 0.2662337662337662
9 0.4158415841584158 0.4642857142857143 0.03589108910891089 0.2564935064935065
3 0.7178217821782178 0.2792207792207792 0.028465346534653466 0.16558441558441558
0 0.7574257425742574 0.2987012987012987 0.027227722772277228 0.1525974025974026
1 0.7821782178217822 0.3116883116883117 0.0297029702970297 0.1525974025974026
0 0.818069306930693 0.33766233766233766 0.02599009900990099 0.1525974025974026
2 0.8428217821782178 0.35714285714285715 0.027227722772277228 0.1525974025974026
3 0.8663366336633663 0.36038961038961037 0.02599009900990099 0.1590909090909091
11 0.900990099009901 0.37337662337662336 0.04084158415841584 0.16233766233766234
7 0.5482673267326733 0.38311688311688313 0.12252475247524752 0.37337662337662336
0 0.6856435643564357 0.4805194805194805 0.1051980198019802 0.33766233766233766
7 0.8205445544554455 0.5162337662337663 0.11757425742574257 0.2792207792207792
3 0.9492574257425742 0.5551948051948052 0.09282178217821782 0.19805194805194806
9 0.09158415841584158 0.8246753246753247 0.1485148514851485 0.33766233766233766
9 0.23514851485148514 0.8344155844155844 0.14356435643564355 0.33116883116883117
7 0.3712871287128713 0.8636363636363636 0.13366336633663367 0.2727272727272727
10 0.5581683168316832 0.8961038961038961 0.1311881188118812 0.20454545454545456
5 0.6534653465346535 0.9025974025974026 0.08044554455445545 0.19480519480519481
11 0.7277227722772277 0.9025974025974026 0.10396039603960396 0.19480519480519481
1 0.8267326732673267 0.9090909090909091 0.08044554455445545 0.18181818181818182
4 0.8873762376237624 0.9090909090909091 0.07178217821782178 0.18181818181818182
8 0.948019801980198 0.9090909090909091 0.07797029702970297 0.18181818181818182