0 0.17232142857142857 0.40406976744186046 0.06964285714285715 0.20348837209302326
2 0.24196428571428572 0.4331395348837209 0.06964285714285715 0.21511627906976744
3 0.3107142857142857 0.4622093023255814 0.075 0.20348837209302326
11 0.44285714285714284 0.5348837209302325 0.11428571428571428 0.2441860465116279
7 0.5669642857142857 0.563953488372093 0.08392857142857142 0.22093023255813954
9 0.65 0.5872093023255814 0.08571428571428572 0.20930232558139536
6 0.7375 0.6191860465116279 0.08928571428571429 0.21511627906976744
4 0.8267857142857142 0.6424418604651163 0.08571428571428572 0.23837209302325582
0 0.48839285714285713 0.34593023255813954 0.05178571428571429 0.11046511627906977
3 0.5464285714285714 0.36046511627906974 0.05 0.11627906976744186
0 0.6410714285714286 0.38953488372093026 0.05 0.11627906976744186
1 0.7 0.4069767441860465 0.05 0.11627906976744186