0 0.07072230680576053 0.29671584879897894 0.06784840902711486 0.1490801266512018
1 0.13986784140969163 0.3433734939759036 0.06828193832599119 0.14457831325301204
10 0.5165198237885462 0.14156626506024098 0.13766519823788545 0.14457831325301204
4 0.6541850220264317 0.15963855421686746 0.1222466960352423 0.15060240963855423
16 0.8006607929515418 0.1746987951807229 0.15969162995594713 0.16566265060240964
3 0.4658590308370044 0.30120481927710846 0.11233480176211454 0.20180722891566266
2 0.5726872246696035 0.32228915662650603 0.1420704845814978 0.18674698795180722
2 0.6883259911894273 0.3253012048192771 0.1343612334801762 0.18072289156626506
6 0.8138766519823789 0.33433734939759036 0.14317180616740088 0.16265060240963855
6 0.21916299559471367 0.5271084337349398 0.1343612334801762 0.22289156626506024
13 0.3590308370044053 0.5873493975903614 0.1013215859030837 0.3433734939759036
4 0.0881057268722467 0.7921686746987951 0.1762114537444934 0.41566265060240964
4 0.2643171806167401 0.8403614457831325 0.18502202643171806 0.3192771084337349
7 0.3777533039647577 0.8795180722891566 0.06387665198237885 0.24096385542168675
10 0.5558317502351813 0.5725777954166498 0.14898959507954215 0.3062895316446922
5 0.679665745486428 0.6405943632603488 0.10485981364894362 0.2932481620699954
11 0.791462121287216 0.7006570845914883 0.13357109287689892 0.30383348602848814
6 0.46365638766519823 0.8132530120481928 0.10792951541850221 0.37349397590361444
6 0.5781938325991189 0.8403614457831325 0.14317180616740088 0.3192771084337349
7 0.7224669603524229 0.8795180722891566 0.1762114537444934 0.24096385542168675
8 0.8799559471365639 0.9156626506024096 0.16079295154185022 0.1686746987951807