2 0.034934497816593885 0.06578947368421052 0.06986899563318777 0.13157894736842105
3 0.08406113537117904 0.11513157894736842 0.12008733624454149 0.23026315789473684
11 0.2205240174672489 0.22039473684210525 0.17467248908296942 0.21710526315789475
0 0.30151134859796896 0.15867279881511914 0.07790195357708087 0.17889466041948374
3 0.3646288209606987 0.23684210526315788 0.07860262008733625 0.18421052631578946
0 0.4650655021834061 0.3059210526315789 0.07860262008733625 0.046052631578947366
10 0.7150655021834061 0.09539473684210527 0.13427947598253276 0.17763157894736842
4 0.7969432314410481 0.13815789473684212 0.10262008733624454 0.16447368421052633
16 0.868995633187773 0.17434210526315788 0.11790393013100436 0.16447368421052633
5 0.6342794759825328 0.19078947368421054 0.1299126637554585 0.18421052631578946
0 0.7194323144104804 0.24013157894736842 0.11790393013100436 0.17434210526315788
6 0.8056768558951966 0.2631578947368421 0.11790393013100436 0.125
4 0.8908296943231441 0.28289473684210525 0.12445414847161572 0.08881578947368421
10 0.0665938864628821 0.5723684210526315 0.1331877729257642 0.48026315789473684
1 0.13755458515283842 0.6381578947368421 0.11026200873362445 0.40460526315789475
7 0.19104803493449782 0.6907894736842105 0.1168122270742358 0.4342105263157895
11 0.25655021834061137 0.7467105263157895 0.14192139737991266 0.46381578947368424
7 0.3384279475982533 0.7960526315789473 0.11790393013100436 0.3980263157894737
4 0.3962882096069869 0.8256578947368421 0.10807860262008734 0.3355263157894737
2 0.45087336244541487 0.8453947368421053 0.11244541484716157 0.29276315789473684
6 0.4978165938864629 0.8717105263157895 0.09170305676855896 0.24013157894736842
10 0.6222707423580786 0.48026315789473684 0.12663755458515283 0.3026315789473684
8 0.7035915013082988 0.5592826903430105 0.10233581552594369 0.2582247808017834
11 0.7854861360015682 0.6235985689764199 0.12525312700026955 0.29150226960513576
9 0.6222707423580786 0.7730263157894737 0.12663755458515283 0.45394736842105265
2 0.7161572052401747 0.8223684210526315 0.19213973799126638 0.35526315789473684
6 0.851528384279476 0.8848684210526315 0.18777292576419213 0.23026315789473684