10 0.05702917771883289 0.2876506024096386 0.04376657824933687 0.22590361445783133
1 0.08488063660477453 0.28313253012048195 0.028514588859416445 0.2183734939759036
6 0.10477453580901856 0.2740963855421687 0.028514588859416445 0.20180722891566266
11 0.126657824933687 0.26506024096385544 0.034482758620689655 0.2183734939759036
3 0.15915119363395225 0.2545180722891566 0.029840848806366047 0.20180722891566266
6 0.1810344827586207 0.24246987951807228 0.03116710875331565 0.20783132530120482
4 0.20424403183023873 0.23493975903614459 0.029840848806366047 0.21234939759036145
6 0.22612732095490717 0.2289156626506024 0.033156498673740056 0.20783132530120482
10 0.4980106100795756 0.15060240963855423 0.1810344827586207 0.2183734939759036
2 0.6538461538461539 0.1927710843373494 0.13395225464190982 0.20783132530120482
13 0.8037135278514589 0.2289156626506024 0.1830238726790451 0.2319277108433735
1 0.3826259946949602 0.34789156626506024 0.13660477453580902 0.2394578313253012
7 0.519893899204244 0.3930722891566265 0.16710875331564987 0.25
9 0.6836870026525199 0.42771084337349397 0.1909814323607427 0.2620481927710843
6 0.8421750663129973 0.4578313253012048 0.16312997347480107 0.23644578313253012
10 0.03647214854111406 0.6656626506024096 0.05172413793103448 0.1144578313253012
9 0.07103699906261009 0.7065675828887165 0.037893149372849655 0.1379084932603612
11 0.10196411444047601 0.7674059222794526 0.047408539090964735 0.15358222578346242
3 0.13298385785412908 0.8222201652846466 0.037754207319168995 0.12887234868204794
1 0.16201421134735777 0.8769029458128592 0.039265723337692855 0.1410081831044532
0 0.19246345282332317 0.9256492716068506 0.041918243231592066 0.1411834664070948
3 0.22214854111405835 0.9503012048192772 0.04111405835543767 0.09939759036144578
10 0.6273209549071618 0.8674698795180723 0.14058355437665782 0.26506024096385544
5 0.7506631299734748 0.9186746987951807 0.09814323607427056 0.16265060240963855
11 0.8567639257294429 0.9503012048192772 0.1220159151193634 0.09939759036144578
4 0.5086206896551724 0.9457831325301205 0.16047745358090185 0.10843373493975904