10 0.07603503184713375 0.43862275449101795 0.07523885350318471 0.3068862275449102
1 0.12619426751592358 0.40119760479041916 0.04259554140127388 0.31137724550898205
6 0.16281847133757962 0.36077844311377244 0.04578025477707006 0.2874251497005988
11 0.20262738853503184 0.3203592814371258 0.057722929936305734 0.30538922155688625
3 0.26313694267515925 0.26646706586826346 0.04856687898089172 0.28892215568862273
6 0.3013535031847134 0.2215568862275449 0.05135350318471338 0.28892215568862273
4 0.3443471337579618 0.18113772455089822 0.04856687898089172 0.30389221556886226
6 0.3857484076433121 0.14520958083832336 0.054538216560509556 0.28892215568862273
10 0.5995222929936306 0.23353293413173654 0.10907643312101911 0.23053892215568864
9 0.7173566878980892 0.20209580838323354 0.06807324840764331 0.2155688622754491
11 0.7993630573248408 0.1781437125748503 0.08638535031847133 0.21706586826347304
9 0.5366242038216561 0.5508982035928144 0.11624203821656051 0.2904191616766467
5 0.6496815286624203 0.5254491017964071 0.11504777070063694 0.30988023952095806
2 0.7627388535031847 0.48502994011976047 0.11504777070063694 0.2934131736526946
5 0.8730095541401274 0.46706586826347307 0.11265923566878981 0.30988023952095806
0 0.0553343949044586 0.8847305389221557 0.1106687898089172 0.23053892215568864
10 0.1751592356687898 0.875748502994012 0.10828025477707007 0.2125748502994012
10 0.5 0.9011976047904192 0.09036624203821655 0.10329341317365269
1 0.5772292993630573 0.8937125748502994 0.0589171974522293 0.09880239520958084
0 0.6265923566878981 0.8862275449101796 0.05334394904458599 0.09431137724550898
11 0.6843152866242038 0.8772455089820359 0.07961783439490445 0.09431137724550898
3 0.7707006369426752 0.8712574850299402 0.05851910828025478 0.09431137724550898
9 0.821656050955414 0.8637724550898204 0.06130573248407643 0.08832335329341318
8 0.8742038216560509 0.8592814371257484 0.056130573248407645 0.09131736526946108
9 0.9227707006369427 0.8532934131736527 0.06369426751592357 0.08832335329341318