6 0.03653846153846154 0.165625 0.07307692307692308 0.28125
7 0.1076923076923077 0.128125 0.09230769230769231 0.25625
9 0.19807692307692307 0.11875 0.09615384615384616 0.2375
8 0.2903846153846154 0.096875 0.08846153846153847 0.19375
10 0.4634615384615385 0.09375 0.11153846153846154 0.1875
9 0.6192307692307693 0.053125 0.14615384615384616 0.10625
0 0.7461538461538462 0.028125 0.13846153846153847 0.05625
1 0.7230769230769231 0.275 0.3384615384615385 0.25
5 0.05384615384615385 0.73125 0.1076923076923077 0.3125
11 0.21669362709208034 0.7087238734543233 0.2050768486138559 0.3591782167064418
1 0.13076923076923078 0.934375 0.24615384615384617 0.13125
0 0.3192307692307692 0.928125 0.17692307692307693 0.14375
10 0.5673076923076923 0.690625 0.13653846153846153 0.184375
4 0.7057692307692308 0.6625 0.11730769230769231 0.18125
11 0.8346153846153846 0.640625 0.12884615384615383 0.184375
7 0.5211538461538462 0.890625 0.12884615384615383 0.2125
7 0.6403846153846153 0.878125 0.1326923076923077 0.21875
7 0.7576923076923077 0.8625 0.12884615384615383 0.2375
9 0.8884615384615384 0.8375 0.14423076923076922 0.25