10 0.12377934863354655 0.3272763622189035 0.11785027831451601 0.23147587025890348
1 0.20549175405947884 0.321561616387471 0.07437853744224265 0.22124416708652936
0 0.27130748863515886 0.31355274341858874 0.08281508079920945 0.2164277626229649
11 0.3499621845444947 0.3029645555764257 0.09217235564720444 0.2361211620809691
6 0.41522988505747127 0.27941176470588236 0.06609195402298851 0.21568627450980393
10 0.6820257893865918 0.19304118198594733 0.1519647443387944 0.22201417397327336
6 0.8205092627639674 0.206378163206899 0.10941373495754927 0.23629227472246778
11 0.9210839754076455 0.20538000613149002 0.12739169946071677 0.25607123050122144
8 0.5847701149425287 0.47058823529411764 0.15804597701149425 0.3333333333333333
6 0.7327586206896551 0.4877450980392157 0.15517241379310345 0.29901960784313725
2 0.8692528735632183 0.4950980392156863 0.14080459770114942 0.28431372549019607
0 0.9640804597701149 0.5 0.07183908045977011 0.27450980392156865
10 0.04310344827586207 0.6985294117647058 0.08620689655172414 0.12254901960784313
3 0.14798850574712644 0.696078431372549 0.13505747126436782 0.11764705882352941
11 0.27873563218390807 0.6862745098039216 0.15517241379310345 0.09803921568627451
6 0.08333333333333333 0.8872549019607843 0.16666666666666666 0.22549019607843138
0 0.2442528735632184 0.8872549019607843 0.1724137931034483 0.22549019607843138
8 0.3807471264367816 0.8676470588235294 0.13505747126436782 0.2647058823529412
18 0.6897985251036355 0.8478790941595854 0.09228372439251048 0.16262026908984645
3 0.46120689655172414 0.7426470588235294 0.02586206896551724 0.1323529411764706
3 0.5656464790417642 0.7951695734094169 0.07913215483509656 0.11838854693669039
5 0.9166666666666666 0.9338235294117647 0.09770114942528736 0.1323529411764706
0 0.978448275862069 0.9583333333333334 0.04310344827586207 0.08333333333333333