0 0.04197761194029851 0.44669117647058826 0.05037313432835821 0.22058823529411764
2 0.09095149253731344 0.4375 0.05177238805970149 0.22058823529411764
3 0.13899253731343283 0.42463235294117646 0.048507462686567165 0.2261029411764706
11 0.1958955223880597 0.4099264705882353 0.06623134328358209 0.24080882352941177
4 0.261660447761194 0.38419117647058826 0.05363805970149254 0.20772058823529413
5 0.31529850746268656 0.37683823529411764 0.05503731343283582 0.22058823529411764
9 0.36986940298507465 0.3639705882352941 0.05830223880597015 0.22058823529411764
0 0.41884328358208955 0.3492647058823529 0.05363805970149254 0.23345588235294118
3 0.24860074626865672 0.19852941176470587 0.028917910447761194 0.10661764705882353
0 0.2887126865671642 0.19301470588235295 0.026119402985074626 0.10110294117647059
1 0.3162313432835821 0.18382352941176472 0.028917910447761194 0.10661764705882353
10 0.5764925373134329 0.47610294117647056 0.09934701492537314 0.38235294117647056
5 0.6548507462686567 0.45588235294117646 0.05690298507462686 0.375
11 0.7182835820895522 0.4430147058823529 0.07742537313432836 0.375
1 0.7989738805970149 0.41911764705882354 0.05923507462686567 0.35294117647058826
4 0.8502798507462687 0.41360294117647056 0.05037313432835821 0.3602941176470588
8 0.8992537313432836 0.39889705882352944 0.05503731343283582 0.375
1 0.9528917910447762 0.3897058823529412 0.05503731343283582 0.3602941176470588
5 0.04477611940298507 0.8584558823529411 0.08955223880597014 0.28308823529411764
9 0.15578358208955223 0.8584558823529411 0.1455223880597015 0.28308823529411764
3 0.2957089552238806 0.8584558823529411 0.10820895522388059 0.28308823529411764
3 0.4216417910447761 0.8584558823529411 0.1044776119402985 0.28308823529411764
10 0.5601679104477612 0.8915441176470589 0.09235074626865672 0.125
9 0.6408582089552238 0.8897058823529411 0.05923507462686567 0.1213235294117647
11 0.7024253731343284 0.8841911764705882 0.07416044776119403 0.12867647058823528
1 0.7714552238805971 0.8805147058823529 0.05923507462686567 0.1213235294117647
5 0.8274253731343284 0.8805147058823529 0.05783582089552239 0.12683823529411764
7 0.8857276119402985 0.8731617647058824 0.06343283582089553 0.11397058823529412
0 0.9449626865671642 0.8676470588235294 0.05923507462686567 0.11213235294117647