11 0.02857142857142857 0.38235294117647056 0.05714285714285714 0.27941176470588236
4 0.12580243317872605 0.33418447560062525 0.12675151411974273 0.2454808370381615
5 0.2450294354238354 0.3057652079652741 0.13065562660936955 0.2604863287849586
9 0.3482142857142857 0.26838235294117646 0.10357142857142858 0.25735294117647056
3 0.08729945787492933 0.13482488248931568 0.07068495616182763 0.13069257848326324
0 0.17625248824244538 0.1126287652899755 0.06337575705987136 0.1227404185190807
1 0.23663409003853286 0.092829523241483 0.07068495616182742 0.13069257848326324
10 0.4714285714285714 0.22426470588235295 0.14285714285714285 0.33088235294117646
4 0.5791683960758819 0.16374970002341543 0.12027402481328195 0.274293382956332
11 0.7 0.12867647058823528 0.15 0.25735294117647056
2 0.825 0.09926470588235294 0.12142857142857143 0.19852941176470587
9 0.925 0.08455882352941177 0.10714285714285714 0.16911764705882354
10 0.05178571428571429 0.7242647058823529 0.10357142857142858 0.19852941176470587
18 0.2892857142857143 0.7132352941176471 0.07857142857142857 0.17647058823529413
6 0.13392857142857142 0.7095588235294118 0.060714285714285714 0.16911764705882354
0 0.1982142857142857 0.7058823529411765 0.05357142857142857 0.16176470588235295
2 0.025 0.9154411764705882 0.05 0.16911764705882354
3 0.1 0.9080882352941176 0.1 0.18382352941176472
9 0.225 0.9044117647058824 0.12142857142857143 0.19117647058823528
7 0.34464285714285714 0.8970588235294118 0.11071428571428571 0.20588235294117646
10 0.42142857142857143 0.7426470588235294 0.03571428571428571 0.11029411764705882
18 0.5946428571428571 0.8051470588235294 0.06785714285714285 0.11764705882352941
6 0.45535714285714285 0.7610294117647058 0.04642857142857143 0.08455882352941177
0 0.5071428571428571 0.7794117647058824 0.0625 0.08455882352941177
2 0.6678571428571428 0.8308823529411765 0.07142857142857142 0.09926470588235294
3 0.7482142857142857 0.8566176470588235 0.07142857142857142 0.09558823529411764
9 0.8857142857142857 0.9007352941176471 0.08214285714285714 0.10294117647058823
7 0.9642857142857143 0.9154411764705882 0.07142857142857142 0.09558823529411764