0 0.14202898550724638 0.5867768595041323 0.08695652173913043 0.2644628099173554
2 0.23043478260869565 0.5785123966942148 0.08985507246376812 0.2644628099173554
3 0.3173913043478261 0.5661157024793388 0.08405797101449275 0.2727272727272727
11 0.42028985507246375 0.5495867768595041 0.11594202898550725 0.2892561983471074
4 0.5391304347826087 0.5206611570247934 0.0927536231884058 0.24793388429752067
5 0.636231884057971 0.512396694214876 0.09565217391304348 0.2644628099173554
9 0.7347826086956522 0.5041322314049587 0.10144927536231885 0.2644628099173554
0 0.8231884057971014 0.48760330578512395 0.0927536231884058 0.2809917355371901
3 0.5159420289855072 0.2892561983471074 0.05217391304347826 0.1322314049586777
0 0.5884057971014492 0.28512396694214875 0.0463768115942029 0.12396694214876033
1 0.6376811594202898 0.2727272727272727 0.05217391304347826 0.1322314049586777