10 0.08689457179846849 0.19180322874707312 0.06952246550777114 0.24043834951087226
8 0.14543140447266667 0.21137349543942688 0.05242844841375404 0.23943726312998814
11 0.18904828070401417 0.22737963950549625 0.06296297503985775 0.22931025394599772
6 0.23999455535633712 0.25457644703524546 0.05029169627700197 0.23931212733237764
3 0.2805182289257992 0.26233037127586684 0.04999322816168788 0.2178067509882916
8 0.31871860778643785 0.28340001993393144 0.06296297503985775 0.22931025394599766
2 0.3611111111111111 0.2903225806451613 0.05555555555555555 0.21505376344086022
0 0.6012549005251052 0.23194484851266475 0.10385973375346243 0.2531932104446836
3 0.7334723734028379 0.2585204722655922 0.06509972717660988 0.22943538974360822
3 0.7963946358937831 0.27027649442413476 0.07173383467335186 0.24593982939450434
9 0.900983565051395 0.2844726646360824 0.09332520712735878 0.263320219628674
18 0.5277777777777778 0.48118279569892475 0.15384615384615385 0.11290322580645161
3 0.6741452991452992 0.489247311827957 0.14316239316239315 0.0967741935483871
10 0.29914529914529914 0.8198924731182796 0.1794871794871795 0.3602150537634409
0 0.4508241551209277 0.9076681272667863 0.06870167819065742 0.1812985645646357
2 0.5161070208351106 0.9034202529648748 0.0708384303274096 0.18142370036224628
3 0.5803588189953318 0.8964216387211474 0.06663954308273384 0.18654977285304677
11 0.6564000624221039 0.8874230993212671 0.09029305064466439 0.1986789547988054
4 0.7432743005902939 0.8682975507373962 0.07282594840650469 0.17079614798781367
5 0.8149674227147331 0.8644250838283163 0.07511193460091387 0.1816739719574673
9 0.8877289209075486 0.8606151848180418 0.07938543887441801 0.1819242435526883
0 0.9530864036505601 0.8509909664301087 0.07312441652181889 0.19230152433189976
3 0.7272011842350993 0.7166962620491046 0.03965541092279481 0.08827394973333347
0 0.7806572961683169 0.7171364849463568 0.03530728962046189 0.08264733405209088
1 0.8171313165507603 0.7085111053336927 0.03965541092279481 0.08827394973333338