10 0.12828947368421054 0.07894736842105263 0.07648026315789473 0.09649122807017543
8 0.17763157894736842 0.09649122807017543 0.06414473684210527 0.09649122807017543
11 0.2138157894736842 0.10964912280701754 0.07072368421052631 0.09429824561403509
6 0.2574013157894737 0.12938596491228072 0.061677631578947366 0.09429824561403509
3 0.29194078947368424 0.13815789473684212 0.05921052631578947 0.08552631578947369
8 0.3248355263157895 0.15350877192982457 0.07072368421052631 0.09429824561403509
2 0.3618421052631579 0.16666666666666666 0.0649671052631579 0.08771929824561403
10 0.602796052631579 0.039473684210526314 0.14720394736842105 0.07675438596491228
3 0.7088815789473685 0.05263157894736842 0.0912828947368421 0.10526315789473684
5 0.7853618421052632 0.06798245614035088 0.0962171052631579 0.12938596491228072
18 0.8807565789473685 0.10526315789473684 0.11019736842105263 0.1425438596491228
6 0.5370065789473685 0.13815789473684212 0.15460526315789475 0.23684210526315788
5 0.65625 0.18201754385964913 0.14967105263157895 0.23026315789473684
4 0.7796052631578947 0.20833333333333334 0.14967105263157895 0.19078947368421054
2 0.9046052631578947 0.2324561403508772 0.14226973684210525 0.1425438596491228
16 0.09950657894736842 0.6293859649122807 0.19901315789473684 0.5307017543859649
4 0.2362606473543075 0.7344008647448564 0.13906594685838675 0.4756490039273841
7 0.33881578947368424 0.7807017543859649 0.14473684210526316 0.43859649122807015
6 0.40789473684210525 0.8245614035087719 0.08223684210526316 0.3508771929824561
0 0.6060855263157895 0.35526315789473684 0.15296052631578946 0.09649122807017543
1 0.7129934210526315 0.37280701754385964 0.10361842105263158 0.13157894736842105
2 0.8108552631578947 0.4057017543859649 0.1513157894736842 0.19736842105263158
1 0.5115131578947368 0.5394736842105263 0.125 0.3508771929824561
10 0.6241941553031536 0.6006446175623557 0.14100986608448657 0.3616904666003352
18 0.7500969549399179 0.6645075730416226 0.1475888134529076 0.361792533790001
1 0.8735326493135244 0.7284088037170143 0.14253959172273747 0.3573300184854709