2 0.09659090909090909 0.05 0.125 0.1
9 0.20454545454545456 0.04642857142857143 0.11363636363636363 0.09285714285714286
1 0.4109848484848485 0.03214285714285714 0.125 0.06428571428571428
10 0.6460149785694104 0.12213169477237683 0.10650688623161354 0.18153578600458653
1 0.7323422858858314 0.09859868708316216 0.06484021956494687 0.17741803191806185
2 0.7821969696969697 0.075 0.06439393939393939 0.15
11 0.8465909090909091 0.05714285714285714 0.07954545454545454 0.11428571428571428
1 0.6158520986530306 0.3542897383210276 0.11839979246511068 0.2040873812749374
6 0.720413106749031 0.30405700846335015 0.10685973281152067 0.19582150029030082
4 0.813698690126372 0.25627268333532177 0.10721257939142786 0.2101072145760151
4 0.9125778800405543 0.20547844155675457 0.0998132451056239 0.2165013891576859
10 0.043560606060606064 0.6607142857142857 0.07954545454545454 0.29285714285714287
1 0.1047063804287744 0.6809742740836968 0.06801583878411155 0.30598946048949033
3 0.1658417109046958 0.7083923060017586 0.07523874977996196 0.2924524287649624
11 0.23834067774425355 0.7369333617616 0.09074311151138427 0.30823550817304934
4 0.3264322179602104 0.7848289255009567 0.08695523272350543 0.3078611668924562
4 0.396949033760852 0.8096113820490729 0.08334377722558026 0.31462968275472014
5 0.4638543940635684 0.8411623544594531 0.07920305185779425 0.2999696271884127
7 0.5075757575757576 0.8607142857142858 0.03787878787878788 0.2785714285714286
5 0.6382575757575758 0.6214285714285714 0.14015151515151514 0.21428571428571427
0 0.7537878787878788 0.6214285714285714 0.12878787878787878 0.21428571428571427
5 0.8674242424242424 0.6285714285714286 0.13636363636363635 0.22857142857142856
9 0.9583333333333334 0.6428571428571429 0.08333333333333333 0.2571428571428571