10 0.08221024258760108 0.12620192307692307 0.1597035040431267 0.2512019230769231
4 0.1711590296495957 0.16466346153846154 0.11185983827493262 0.21394230769230768
11 0.2580862533692722 0.20793269230769232 0.13611859838274934 0.25
2 0.3436657681940701 0.25961538461538464 0.11522911051212938 0.2283653846153846
9 0.4110512129380054 0.30649038461538464 0.10983827493261455 0.2283653846153846
0 0.4784366576819407 0.33052884615384615 0.10646900269541779 0.21875
1 0.545822102425876 0.3918269230769231 0.1179245283018868 0.234375
10 0.8684199182518314 0.18064721540105266 0.2254243144397334 0.34482605779017467
5 0.9481132075471698 0.2956730769230769 0.10377358490566038 0.3557692307692308
4 0.7351752021563343 0.3425480769230769 0.11185983827493262 0.43509615384615385
4 0.8200808625336927 0.484375 0.25471698113207547 0.4110576923076923
7 0.9231805929919138 0.5649038461538461 0.15363881401617252 0.25
10 0.1408355795148248 0.7247596153846154 0.1711590296495957 0.06971153846153846
5 0.25134770889487873 0.7704326923076923 0.12533692722371967 0.16105769230769232
11 0.34583923821885276 0.8431434470015218 0.14846755860998692 0.24894691944268812
4 0.04986522911051213 0.7908653846153846 0.09973045822102426 0.20192307692307693
6 0.12196765498652291 0.8449519230769231 0.19002695417789758 0.31009615384615385
5 0.2371967654986523 0.90625 0.19137466307277629 0.1875
9 0.3584905660377358 0.9699519230769231 0.19137466307277629 0.06009615384615385
10 0.7398921832884097 0.7055288461538461 0.1078167115902965 0.03125
18 0.9239511254384969 0.8545864553863599 0.09205647374339175 0.1615384819182214
7 0.8153638814016172 0.7379807692307693 0.07277628032345014 0.09615384615384616
7 0.8657657273512379 0.7822573808385846 0.07456381684496417 0.1316849981828825
5 0.7365229110512129 0.8305288461538461 0.11455525606469003 0.23798076923076922
4 0.8369272237196765 0.9194711538461539 0.12398921832884097 0.16105769230769232