10 0.1358695652173913 0.08445945945945946 0.12228260869565218 0.13513513513513514
1 0.20380434782608695 0.11486486486486487 0.08831521739130435 0.125
9 0.24864130434782608 0.13513513513513514 0.09375 0.12162162162162163
11 0.30570652173913043 0.16216216216216217 0.10190217391304347 0.13175675675675674
7 0.375 0.19594594594594594 0.10461956521739131 0.13513513513513514
8 0.4388586956521739 0.22297297297297297 0.10190217391304347 0.12837837837837837
3 0.4986413043478261 0.25 0.09646739130434782 0.125
7 0.561141304347826 0.27702702702702703 0.11548913043478261 0.13175675675675674
10 0.7921195652173914 0.10135135135135136 0.10597826086956522 0.20270270270270271
18 0.9809782608695652 0.12162162162162163 0.03804347826086957 0.1891891891891892
6 0.8764592383208579 0.1046140532047925 0.07122546049522134 0.17665841719779654
8 0.9350097158984333 0.11221596767057318 0.07394285179956923 0.17669772685868135
3 0.7418478260869565 0.2939189189189189 0.08695652173913043 0.25
1 0.8410326086956522 0.30067567567567566 0.11141304347826086 0.23648648648648649
3 0.9415760869565217 0.31756756756756754 0.11684782608695653 0.20270270270270271
10 0.058423913043478264 0.597972972972973 0.11684782608695653 0.3581081081081081
1 0.17066711835085205 0.6690194455288483 0.13935383608380353 0.33300725446443785
2 0.2653663523565806 0.7210513045050507 0.1314547912389543 0.34640283899529695
11 0.3789607609586469 0.7666015743506902 0.1702576567044067 0.38749371478822514
5 0.5244565217391305 0.8344594594594594 0.14130434782608695 0.3310810810810811
1 0.626358695652174 0.8648648648648649 0.1331521739130435 0.2702702702702703
4 0.6766304347826086 0.8851351351351351 0.043478260869565216 0.22972972972972974
10 0.7771739130434783 0.5067567567567568 0.15760869565217392 0.17567567567567569
8 0.9035326086956522 0.5540540540540541 0.13858695652173914 0.2702702702702703
11 0.9714673913043478 0.6114864864864865 0.057065217391304345 0.38513513513513514