10 0.08387799564270153 0.24420849420849422 0.06971677559912855 0.18146718146718147
1 0.1323529411764706 0.2528957528957529 0.04738562091503268 0.1718146718146718
9 0.1644880174291939 0.2577220077220077 0.05119825708061002 0.17277992277992277
11 0.20642701525054466 0.26640926640926643 0.05664488017429194 0.1805019305019305
7 0.2565359477124183 0.27895752895752896 0.058823529411764705 0.18532818532818532
8 0.3022875816993464 0.2876447876447876 0.05664488017429194 0.17664092664092665
3 0.34586056644880175 0.2915057915057915 0.0528322440087146 0.17277992277992277
7 0.39052287581699346 0.3001930501930502 0.06808278867102396 0.17277992277992277
0 0.5392156862745098 0.3079150579150579 0.05501089324618736 0.12548262548262548
0 0.5980392156862745 0.2972972972972973 0.06100217864923747 0.14575289575289574
2 0.6639433551198257 0.32432432432432434 0.06481481481481481 0.13223938223938225
18 0.738562091503268 0.32625482625482627 0.0724400871459695 0.14671814671814673
4 0.8061002178649237 0.35231660231660233 0.06100217864923747 0.12548262548262548
1 0.8572984749455338 0.3658301158301158 0.0457516339869281 0.13127413127413126
2 0.9112200435729847 0.39285714285714285 0.049564270152505446 0.12451737451737452
5 0.960239651416122 0.41312741312741313 0.049564270152505446 0.13127413127413126
3 0.7799564270152506 0.24903474903474904 0.02505446623093682 0.0694980694980695
0 0.8235294117647058 0.25965250965250963 0.026688453159041396 0.0694980694980695
2 0.8545751633986928 0.27123552123552125 0.026688453159041396 0.0694980694980695
7 0.19477810489079486 0.816757147374109 0.16688801160595906 0.29263194905284984
1 0.3235294117647059 0.7895752895752896 0.12854030501089325 0.28185328185328185
4 0.4340958605664488 0.7683397683397684 0.1318082788671024 0.23938223938223938
10 0.5408496732026143 0.8397683397683398 0.08169934640522876 0.15444015444015444
1 0.6159075825080065 0.8372943007596431 0.07065741078248731 0.16039037456669786
3 0.6754089144178334 0.8287010555114039 0.07080957099813763 0.1681123822887056
11 0.7388370026549754 0.8141983648437656 0.08155065696985102 0.16072734493210744
5 0.8200487468317048 0.8087921827257112 0.07099977126770046 0.17776489194121523
3 0.8806774434141807 0.7982347385104293 0.06987240659505144 0.17580069297417233
5 0.9289310670968386 0.7803428024933605 0.05555902633582826 0.16764062377713218
1 0.9738562091503268 0.775096525096525 0.05228758169934641 0.17953667953667954