10 0.06433823529411764 0.27970297029702973 0.09972426470588236 0.13366336633663367
4 0.16222426470588236 0.2438118811881188 0.07306985294117647 0.125
11 0.24034926470588236 0.2141089108910891 0.08731617647058823 0.12747524752475248
2 0.3147977941176471 0.19925742574257427 0.07261029411764706 0.12128712871287128
4 0.37224264705882354 0.1745049504950495 0.07261029411764706 0.12128712871287128
1 0.43152573529411764 0.1608910891089109 0.0666360294117647 0.125
0 0.4875919117647059 0.13861386138613863 0.07261029411764706 0.12128712871287128
10 0.6695772058823529 0.16336633663366337 0.08409926470588236 0.10643564356435643
18 0.8543198529411765 0.09777227722772278 0.06939338235294118 0.0891089108910891
6 0.7412683823529411 0.13861386138613863 0.05238970588235294 0.08415841584158416
8 0.7922794117647058 0.12004950495049505 0.0546875 0.08415841584158416
3 0.6378676470588235 0.2933168316831683 0.07720588235294118 0.12128712871287128
1 0.7302389705882353 0.25866336633663367 0.08915441176470588 0.11757425742574257
3 0.8189338235294118 0.24504950495049505 0.0896139705882353 0.13242574257425743
0 0.9080882352941176 0.20544554455445543 0.0896139705882353 0.125
10 0.05422794117647059 0.7660891089108911 0.10845588235294118 0.3131188118811881
1 0.13419117647058823 0.7561881188118812 0.07306985294117647 0.29207920792079206
3 0.19255514705882354 0.7586633663366337 0.07582720588235294 0.2995049504950495
11 0.2601102941176471 0.745049504950495 0.08639705882352941 0.2933168316831683
6 0.32766544117647056 0.7388613861386139 0.07077205882352941 0.29207920792079206
1 0.38465073529411764 0.7314356435643564 0.06525735294117647 0.29207920792079206
5 0.4416360294117647 0.7202970297029703 0.07077205882352941 0.29826732673267325
0 0.5027573529411765 0.7128712871287128 0.07352941176470588 0.3056930693069307
10 0.6011029411764706 0.6410891089108911 0.0625 0.5445544554455446
1 0.7012867647058824 0.625 0.18198529411764705 0.5123762376237624
11 0.8814338235294118 0.6175742574257426 0.22058823529411764 0.4975247524752475
0 0.8028492647058824 0.948019801980198 0.23805147058823528 0.10396039603960396