10 0.10190217391304347 0.2576530612244898 0.1331521739130435 0.1377551020408163
4 0.2296195652173913 0.2372448979591837 0.09510869565217392 0.17857142857142858
11 0.297554347826087 0.21683673469387754 0.04076086956521739 0.2193877551020408
10 0.4048913043478261 0.061224489795918366 0.1358695652173913 0.12244897959183673
7 0.5378407757575592 0.11461201166488189 0.08432342053307992 0.20657521335709236
8 0.6429345794749972 0.19035402730361572 0.08473524373364698 0.21677929498974544
18 0.7404891304347826 0.2372448979591837 0.10597826086956522 0.17857142857142858
1 0.8301630434782609 0.2755102040816326 0.08423913043478261 0.10204081632653061
7 0.12771739130434784 0.4107142857142857 0.10326086956521739 0.1683673469387755
7 0.21467391304347827 0.4005102040816326 0.10326086956521739 0.14795918367346939
7 0.09646739130434782 0.7219387755102041 0.19293478260869565 0.33163265306122447
5 0.24728260869565216 0.673469387755102 0.14130434782608695 0.3469387755102041
2 0.5978260869565217 0.5331632653061225 0.03804347826086957 0.10204081632653061
0 0.654891304347826 0.5255102040816326 0.04076086956521739 0.1096938775510204
3 0.6942934782608695 0.5280612244897959 0.035326086956521736 0.12244897959183673
0 0.7432065217391305 0.5280612244897959 0.04076086956521739 0.11734693877551021
0 0.78125 0.5178571428571429 0.03940217391304348 0.1096938775510204
1 0.8206521739130435 0.5153061224489796 0.04076086956521739 0.13010204081632654
11 0.876358695652174 0.5127551020408163 0.051630434782608696 0.13010204081632654
2 0.5 0.75 0.11684782608695653 0.20153061224489796
6 0.6209239130434783 0.7474489795918368 0.11413043478260869 0.20918367346938777
2 0.7432065217391305 0.7321428571428571 0.11277173913043478 0.18877551020408162
8 0.8627717391304348 0.7295918367346939 0.11277173913043478 0.18112244897959184