10 0.024734982332155476 0.1871069182389937 0.04946996466431095 0.32547169811320753
1 0.06537102473498234 0.2389937106918239 0.07597173144876325 0.2971698113207547
5 0.11749116607773852 0.26257861635220126 0.07597173144876325 0.2830188679245283
11 0.1855123674911661 0.3113207547169811 0.0989399293286219 0.32075471698113206
8 0.25353356890459366 0.36163522012578614 0.07597173144876325 0.2830188679245283
5 0.31625441696113077 0.38522012578616355 0.08480565371024736 0.29874213836477986
6 0.3825088339222615 0.4229559748427673 0.08480565371024736 0.2908805031446541
8 0.45936395759717313 0.449685534591195 0.09363957597173145 0.22641509433962265
10 0.657243816254417 0.21540880503144655 0.10159010600706714 0.1619496855345912
8 0.7358657243816255 0.20440251572327045 0.06007067137809187 0.13836477987421383
11 0.8030035335689046 0.19811320754716982 0.08303886925795052 0.14937106918238993
8 0.5786219081272085 0.42138364779874216 0.09982332155477032 0.300314465408805
9 0.6740282685512368 0.4119496855345912 0.11749116607773852 0.2908805031446541
2 0.7782685512367491 0.4009433962264151 0.11925795053003534 0.29559748427672955
6 0.8842756183745583 0.38522012578616355 0.11749116607773852 0.2830188679245283
10 0.030918727915194347 0.8066037735849056 0.061837455830388695 0.33647798742138363
2 0.1212584947927221 0.8061117022111496 0.1336717865162202 0.3109376593300159
11 0.25541075581796446 0.8061651889233786 0.1584067688483758 0.3132449200531687
0 0.5855437914742941 0.7445681427058829 0.10748735532960148 0.1608316564684983
1 0.7020744669825617 0.741552691659717 0.0684639006924264 0.14148269060614954
13 0.817783428939339 0.7323303346061347 0.09868427240544643 0.16315228886970842
5 0.5530035335689046 0.9198113207547169 0.04946996466431095 0.16037735849056603
11 0.6369257950530035 0.9182389937106918 0.10070671378091872 0.16352201257861634
6 0.7402826855123675 0.9135220125786163 0.0989399293286219 0.17295597484276728
4 0.8445229681978799 0.9072327044025157 0.10247349823321555 0.18553459119496854