10 0.045081967213114756 0.12318840579710146 0.09016393442622951 0.15217391304347827
1 0.09562841530054644 0.14130434782608695 0.06284153005464481 0.13405797101449277
5 0.1325136612021858 0.15217391304347827 0.06147540983606557 0.12681159420289856
11 0.18169398907103826 0.17028985507246377 0.08196721311475409 0.14492753623188406
8 0.23087431693989072 0.18840579710144928 0.06147540983606557 0.12681159420289856
5 0.273224043715847 0.1956521739130435 0.06830601092896176 0.13405797101449277
6 0.32103825136612024 0.213768115942029 0.06830601092896176 0.13405797101449277
8 0.3770491803278688 0.23550724637681159 0.0778688524590164 0.13043478260869565
5 0.7131147540983607 0.2753623188405797 0.12021857923497267 0.08695652173913043
7 0.8073770491803278 0.2717391304347826 0.11748633879781421 0.09420289855072464
1 0.894808743169399 0.26811594202898553 0.11202185792349727 0.10144927536231885
10 0.12978142076502733 0.5507246376811594 0.09016393442622951 0.213768115942029
7 0.21311475409836064 0.5398550724637681 0.060109289617486336 0.1956521739130435
11 0.28005464480874315 0.5471014492753623 0.0778688524590164 0.23550724637681159
3 0.07650273224043716 0.8260869565217391 0.11475409836065574 0.2753623188405797
7 0.20491803278688525 0.8043478260869565 0.13114754098360656 0.3007246376811594
3 0.32650273224043713 0.7898550724637681 0.12704918032786885 0.3079710144927536
6 0.453551912568306 0.7246376811594203 0.04918032786885246 0.2608695652173913
3 0.5258612549214208 0.7963016326647048 0.09934629606383139 0.27061338376540256
18 0.6243169398907104 0.8442028985507246 0.11748633879781421 0.3115942028985507
4 0.7349726775956285 0.8804347826086957 0.12568306010928962 0.2391304347826087
7 0.8538251366120219 0.9094202898550725 0.11748633879781421 0.18115942028985507
0 0.9576502732240437 0.9528985507246377 0.08469945355191257 0.09420289855072464