10 0.0755 0.3545673076923077 0.0815 0.27283653846153844
7 0.1395 0.31850961538461536 0.0675 0.27283653846153844
11 0.197 0.28846153846153844 0.074 0.26802884615384615
5 0.2665 0.25961538461538464 0.07 0.2620192307692308
8 0.32 0.22956730769230768 0.0585 0.2620192307692308
0 0.369 0.20192307692307693 0.061 0.25721153846153844
7 0.424 0.17427884615384615 0.0685 0.25721153846153844
10 0.5725 0.3425480769230769 0.098 0.2512019230769231
4 0.6495 0.31971153846153844 0.0685 0.23076923076923078
11 0.706 0.3112980769230769 0.0835 0.2548076923076923
1 0.766 0.3004807692307692 0.072 0.23918269230769232
2 0.8205 0.27884615384615385 0.07 0.234375
3 0.8725 0.265625 0.0685 0.23918269230769232
3 0.929 0.2536057692307692 0.08 0.24639423076923078
1 0.0865 0.5901442307692307 0.113 0.12259615384615384
8 0.186 0.5661057692307693 0.116 0.07451923076923077
5 0.0835 0.8076923076923077 0.167 0.38461538461538464
1 0.247 0.7860576923076923 0.2 0.42788461538461536
3 0.4115 0.7548076923076923 0.177 0.4519230769230769
10 0.6605 0.6826923076923077 0.1075 0.13822115384615385
4 0.7525 0.6658653846153846 0.093 0.14302884615384615
11 0.8345 0.6526442307692307 0.0955 0.15264423076923078
6 0.569 0.8641826923076923 0.1255 0.17427884615384615
2 0.681 0.8473557692307693 0.124 0.18028846153846154
2 0.796 0.828125 0.1255 0.17067307692307693
4 0.9195 0.8088942307692307 0.132 0.17427884615384615