7 0.06701030927835051 0.18112244897959184 0.13402061855670103 0.28061224489795916
11 0.17722380177916627 0.23118567613263546 0.15530660759164386 0.2834778886230927
5 0.31443298969072164 0.29081632653061223 0.14432989690721648 0.25510204081632654
8 0.42010309278350516 0.3137755102040816 0.11855670103092783 0.20918367346938777
10 0.5502577319587629 0.0663265306122449 0.07345360824742268 0.11734693877551021
18 0.6842783505154639 0.18112244897959184 0.059278350515463915 0.11224489795918367
6 0.5902061855670103 0.09693877551020408 0.041237113402061855 0.07908163265306123
0 0.625 0.1326530612244898 0.04896907216494845 0.08163265306122448
2 0.7306701030927835 0.22448979591836735 0.059278350515463915 0.09693877551020408
3 0.7847938144329897 0.2729591836734694 0.05798969072164949 0.09183673469387756
9 0.8762886597938144 0.35459183673469385 0.06701030927835051 0.10459183673469388
7 0.9342783505154639 0.38010204081632654 0.07087628865979381 0.07653061224489796
1 0.1134020618556701 0.4489795918367347 0.06701030927835051 0.061224489795918366
13 0.18943298969072164 0.5025510204081632 0.11082474226804123 0.1683673469387755
2 0.03608247422680412 0.5204081632653061 0.07216494845360824 0.20408163265306123
4 0.13855218847736833 0.6606447055212362 0.18595875083760874 0.33201020104158896
0 0.31443298969072164 0.8520408163265306 0.21649484536082475 0.29591836734693877
10 0.6301546391752577 0.5892857142857143 0.16752577319587628 0.34183673469387754
1 0.7483159160884794 0.6412288914747385 0.13155934769182095 0.372700678245413
6 0.8405679930173094 0.6903623159603058 0.13954704287493505 0.37851561317216426
11 0.9368556701030928 0.7474489795918368 0.12628865979381443 0.3826530612244898