10 0.08790322580645162 0.1318181818181818 0.11088709677419355 0.1484848484848485
1 0.1532258064516129 0.11060606060606061 0.07782258064516129 0.1303030303030303
6 0.19879032258064516 0.09545454545454546 0.07782258064516129 0.12878787878787878
11 0.2584677419354839 0.07727272727272727 0.08790322580645162 0.11515151515151516
8 0.0814516129032258 0.25303030303030305 0.12258064516129032 0.1303030303030303
2 0.16169354838709676 0.23939393939393938 0.11612903225806452 0.15606060606060607
9 0.23830645161290323 0.21363636363636362 0.11612903225806452 0.16666666666666666
2 0.29354838709677417 0.18636363636363637 0.08024193548387097 0.16363636363636364
10 0.4310483870967742 0.1696969696969697 0.15564516129032258 0.14545454545454545
6 0.5193548387096775 0.17424242424242425 0.10403225806451613 0.12272727272727273
7 0.5798387096774194 0.16515151515151516 0.11129032258064517 0.12272727272727273
18 0.667741935483871 0.17575757575757575 0.12862903225806452 0.1303030303030303
7 0.8108870967741936 0.1787878787878788 0.13024193548387097 0.12424242424242424
2 0.8875 0.18484848484848485 0.09596774193548387 0.11212121212121212
2 0.9411290322580645 0.18181818181818182 0.10080645161290322 0.13333333333333333
1 0.9725806451612903 0.18787878787878787 0.03387096774193549 0.1
9 0.07620967741935483 0.8818181818181818 0.15241935483870966 0.23636363636363636
5 0.18911290322580646 0.8045454545454546 0.16532258064516128 0.39090909090909093
5 0.2814516129032258 0.7257575757575757 0.11612903225806452 0.5484848484848485
3 0.7439516129032258 0.5393939393939394 0.08185483870967741 0.22272727272727272
0 0.8266129032258065 0.4863636363636364 0.07741935483870968 0.1893939393939394
1 0.8770161290322581 0.47424242424242424 0.07903225806451612 0.15
0 0.43629032258064515 0.9151515151515152 0.11935483870967742 0.1696969696969697
2 0.5149193548387097 0.8893939393939394 0.1282258064516129 0.22121212121212122
4 0.5943548387096774 0.8666666666666667 0.12096774193548387 0.26666666666666666
11 0.6798387096774193 0.8287878787878787 0.1495967741935484 0.3424242424242424
3 0.7810483870967742 0.7818181818181819 0.12943548387096773 0.37575757575757573
6 0.8637096774193549 0.7303030303030303 0.12661290322580646 0.38333333333333336
5 0.9379032258064516 0.6515151515151515 0.11975806451612903 0.37424242424242427