10 0.15784982935153583 0.13596491228070176 0.15358361774744028 0.17324561403508773
1 0.27559726962457337 0.15350877192982457 0.09300341296928327 0.16666666666666666
6 0.35580204778157 0.16666666666666666 0.09556313993174062 0.16447368421052633
11 0.4641638225255973 0.17543859649122806 0.11433447098976109 0.16666666666666666
8 0.10068259385665529 0.3267543859649123 0.1697952218430034 0.21052631578947367
2 0.24658703071672355 0.3442982456140351 0.15273037542662116 0.20394736842105263
9 0.3848122866894198 0.35964912280701755 0.15273037542662116 0.20175438596491227
2 0.5221843003412969 0.3706140350877193 0.16296928327645052 0.19736842105263158
3 0.6877133105802048 0.30043859649122806 0.13651877133105803 0.33771929824561403
11 0.8319112627986348 0.3157894736842105 0.1689419795221843 0.30701754385964913
10 0.20051194539249148 0.6644736842105263 0.10494880546075085 0.12280701754385964
5 0.2909556313993174 0.6469298245614035 0.07167235494880546 0.1162280701754386
9 0.3455631399317406 0.6381578947368421 0.06569965870307168 0.10087719298245613
18 0.42150170648464164 0.625 0.08020477815699659 0.11403508771929824
9 0.16382252559726962 0.8245614035087719 0.1348122866894198 0.17105263157894737
2 0.2713310580204778 0.8070175438596491 0.12713310580204779 0.15570175438596492
3 0.3796928327645051 0.7894736842105263 0.12372013651877133 0.16666666666666666
6 0.49573378839590443 0.7675438596491229 0.13651877133105803 0.17543859649122806
10 0.659556313993174 0.7192982456140351 0.07252559726962457 0.31140350877192985
1 0.7150170648464164 0.7543859649122807 0.04778156996587031 0.31798245614035087
5 0.757679180887372 0.7741228070175439 0.051194539249146756 0.31798245614035087
11 0.8046075085324232 0.793859649122807 0.05716723549488054 0.3201754385964912
6 0.8515358361774744 0.8223684210526315 0.04948805460750853 0.3355263157894737
8 0.8924914675767918 0.8377192982456141 0.04778156996587031 0.32456140350877194
9 0.931740614334471 0.8508771929824561 0.04436860068259386 0.29605263157894735
3 0.9718430034129693 0.8618421052631579 0.04778156996587031 0.27631578947368424