10 0.040740740740740744 0.3886363636363636 0.08148148148148149 0.32272727272727275
4 0.10185185185185185 0.3397727272727273 0.06049382716049383 0.3522727272727273
11 0.15246913580246912 0.26477272727272727 0.06790123456790123 0.3704545454545455
9 0.20617283950617285 0.18522727272727274 0.05432098765432099 0.3352272727272727
4 0.24567901234567902 0.15681818181818183 0.05432098765432099 0.2715909090909091
0 0.2820987654320988 0.12840909090909092 0.05 0.20795454545454545
10 0.5061728395061729 0.17386363636363636 0.18024691358024691 0.225
3 0.6407407407407407 0.16363636363636364 0.12407407407407407 0.18636363636363637
11 0.7475308641975309 0.14659090909090908 0.15864197530864196 0.20795454545454545
4 0.49876543209876545 0.3659090909090909 0.2975308641975309 0.3034090909090909
11 0.8320987654320988 0.32386363636363635 0.3277777777777778 0.31931818181818183
10 0.03827160493827161 0.946590909090909 0.06296296296296296 0.10681818181818181
1 0.08518518518518518 0.9227272727272727 0.040740740740740744 0.15454545454545454
2 0.11419753086419752 0.8965909090909091 0.040740740740740744 0.20681818181818182
11 0.14814814814814814 0.8556818181818182 0.05185185185185185 0.2840909090909091
5 0.19382716049382717 0.7920454545454545 0.04135802469135803 0.2636363636363636
1 0.22407407407407406 0.7340909090909091 0.03950617283950617 0.2534090909090909
4 0.25246913580246916 0.6909090909090909 0.04135802469135803 0.2340909090909091
1 0.28271604938271605 0.6670454545454545 0.04197530864197531 0.1806818181818182
6 0.4604938271604938 0.7852272727272728 0.2814814814814815 0.42954545454545456
3 0.6777777777777778 0.7556818181818182 0.2740740740740741 0.4113636363636364
2 0.8827160493827161 0.6875 0.2345679012345679 0.275