10 0.07594086021505377 0.15483870967741936 0.12231182795698925 0.3096774193548387
4 0.16532258064516128 0.19193548387096773 0.08400537634408602 0.3258064516129032
11 0.23588709677419356 0.24193548387096775 0.09341397849462366 0.3387096774193548
9 0.3125 0.3032258064516129 0.07526881720430108 0.31290322580645163
4 0.36693548387096775 0.3338709677419355 0.07526881720430108 0.3209677419354839
0 0.40524193548387094 0.3548387096774194 0.046370967741935484 0.27741935483870966
0 0.4737903225806452 0.15483870967741936 0.09005376344086022 0.3096774193548387
4 0.5664096983994982 0.1909738046446961 0.12517813819655654 0.3322603245107783
9 0.6716713525039952 0.20256215248150702 0.12827051975645562 0.300114866963705
1 0.7910176509192572 0.2589552019055557 0.10714109401421638 0.3124175222685264
6 0.8833553768862399 0.2886608417897565 0.11845770808902974 0.33207264622901894
1 0.9650537634408602 0.31451612903225806 0.06989247311827956 0.33225806451612905
0 0.15524193548387097 0.6080645161290322 0.17876344086021506 0.1967741935483871
7 0.2768817204301075 0.6403225806451613 0.13172043010752688 0.26129032258064516
9 0.3709677419354839 0.7 0.11559139784946236 0.38064516129032255
10 0.6646505376344086 0.6935483870967742 0.12163978494623656 0.14838709677419354
1 0.7459677419354839 0.7016129032258065 0.08602150537634409 0.14193548387096774
0 0.8010752688172043 0.7112903225806452 0.08400537634408602 0.14838709677419354
11 0.8723118279569892 0.717741935483871 0.11760752688172044 0.15483870967741936
3 0.5967741935483871 0.8274193548387097 0.1478494623655914 0.1935483870967742
9 0.7076612903225806 0.8516129032258064 0.1478494623655914 0.1935483870967742
7 0.8178763440860215 0.8693548387096774 0.1424731182795699 0.18387096774193548
4 0.9280913978494624 0.8806451612903226 0.1431451612903226 0.1935483870967742