10 0.08687943262411348 0.3239130434782609 0.08451536643026004 0.19130434782608696
8 0.15307328605200946 0.29891304347826086 0.06855791962174941 0.175
11 0.20390070921985815 0.2782608695652174 0.08156028368794327 0.19456521739130433
7 0.26773049645390073 0.25 0.0768321513002364 0.1826086956521739
0 0.3173758865248227 0.22717391304347825 0.06914893617021277 0.1858695652173913
6 0.36997635933806144 0.20652173913043478 0.07387706855791962 0.19021739130434784
0 0.41962174940898345 0.17391304347826086 0.07505910165484633 0.1826086956521739
10 0.6069739952718676 0.3978260869565217 0.08806146572104019 0.24456521739130435
1 0.6666666666666666 0.35978260869565215 0.06560283687943262 0.22608695652173913
0 0.7044917257683215 0.32717391304347826 0.0591016548463357 0.2141304347826087
11 0.7470449172576832 0.29239130434782606 0.0797872340425532 0.22717391304347825
3 0.8126477541371159 0.2554347826086957 0.06323877068557919 0.2141304347826087
9 0.851063829787234 0.22282608695652173 0.06501182033096926 0.20869565217391303
8 0.8912529550827423 0.19891304347826086 0.060874704491725766 0.20869565217391303
9 0.9273049645390071 0.17173913043478262 0.06678486997635934 0.20869565217391303
6 0.09456264775413711 0.7847826086956522 0.18912529550827423 0.43043478260869567
3 0.2559101654846336 0.75 0.2777777777777778 0.4217391304347826
2 0.43203309692671393 0.6869565217391305 0.1950354609929078 0.2956521739130435
10 0.6885342789598109 0.7304347826086957 0.10756501182033097 0.2108695652173913
8 0.7689125295508275 0.6891304347826087 0.07505910165484633 0.1815217391304348
11 0.8315602836879432 0.658695652173913 0.09456264775413711 0.18804347826086956
8 0.6146572104018913 0.9141304347826087 0.12411347517730496 0.17065217391304346
4 0.7127659574468085 0.8847826086956522 0.12056737588652482 0.23043478260869565
2 0.8120567375886525 0.8391304347826087 0.11938534278959811 0.23695652173913043
8 0.9078014184397163 0.7891304347826087 0.11938534278959811 0.2326086956521739