10 0.10025380710659898 0.34479166666666666 0.0932741116751269 0.21041666666666667
8 0.17195431472081218 0.30625 0.07614213197969544 0.19375
11 0.2265228426395939 0.275 0.08883248730964467 0.21458333333333332
7 0.2963197969543147 0.23645833333333333 0.08312182741116751 0.19791666666666666
0 0.35088832487309646 0.20208333333333334 0.07677664974619289 0.20208333333333334
6 0.4086294416243655 0.17291666666666666 0.08185279187817258 0.20625
0 0.4612944162436548 0.13020833333333334 0.08312182741116751 0.20208333333333334
3 0.7969543147208121 0.15416666666666667 0.024111675126903553 0.10520833333333333
0 0.8318527918781726 0.09895833333333333 0.01967005076142132 0.09895833333333333
1 0.8464467005076142 0.075 0.018401015228426396 0.09375
0 0.6434010152284264 0.484375 0.04568527918781726 0.16770833333333332
2 0.675761421319797 0.459375 0.04949238578680203 0.21770833333333334
3 0.708756345177665 0.434375 0.05203045685279188 0.2677083333333333
11 0.7576142131979695 0.365625 0.06598984771573604 0.30104166666666665
0 0.8128172588832487 0.28958333333333336 0.05583756345177665 0.27395833333333336
8 0.8546954314720813 0.22291666666666668 0.05901015228426396 0.2864583333333333
7 0.8959390862944162 0.15833333333333333 0.05901015228426396 0.28854166666666664
5 0.9378172588832487 0.13020833333333334 0.05710659898477157 0.23854166666666668
10 0.19289340101522842 0.6947916666666667 0.20812182741116753 0.2520833333333333
4 0.3229695431472081 0.6520833333333333 0.15609137055837563 0.16666666666666666
11 0.43210659898477155 0.6125 0.16370558375634517 0.0875
7 0.15101522842639595 0.9114583333333334 0.2436548223350254 0.17708333333333334
1 0.29251269035532995 0.875 0.18908629441624367 0.25
4 0.4213197969543147 0.8291666666666667 0.20558375634517767 0.3416666666666667
0 0.5057106598984772 0.746875 0.08756345177664974 0.34375
10 0.6205583756345178 0.8760416666666667 0.10279187817258884 0.24791666666666667
3 0.690989847715736 0.8614583333333333 0.07741116751269035 0.2677083333333333
16 0.758248730964467 0.80625 0.1065989847715736 0.29583333333333334
4 0.8261421319796954 0.7625 0.07360406091370558 0.25833333333333336
7 0.8756345177664975 0.7270833333333333 0.07677664974619289 0.2635416666666667
6 0.925761421319797 0.7104166666666667 0.07614213197969544 0.27291666666666664
3 0.9676395939086294 0.6989583333333333 0.06408629441624365 0.246875