10 0.1923828125 0.16944444444444445 0.1103515625 0.15833333333333333
4 0.2880859375 0.25555555555555554 0.0712890625 0.12222222222222222
11 0.3603515625 0.30833333333333335 0.1123046875 0.16666666666666666
4 0.154296875 0.2638888888888889 0.11328125 0.18055555555555555
3 0.24609375 0.3527777777777778 0.1162109375 0.20555555555555555
1 0.33984375 0.4444444444444444 0.12109375 0.19722222222222222
6 0.4443359375 0.5277777777777778 0.12890625 0.20555555555555555
10 0.68677802287864 0.2088211488004289 0.07613334862105359 0.1996615990748473
4 0.7539333222244604 0.20775486205190075 0.05442146046687396 0.1853477903408838
11 0.8016711281473705 0.20933258756542578 0.07290963808359241 0.2324126237494803
3 0.6504832958278672 0.43326246343962965 0.09185284200867017 0.301699679380299
7 0.7236686050393223 0.44140297301248554 0.09094278939195166 0.25725523493585456
2 0.799385453730963 0.43053576963492224 0.08933093412322113 0.273630747273171
7 0.8737275919027895 0.40007854464823933 0.1032303222774007 0.2867799386897338
5 0.341796875 0.7138888888888889 0.12109375 0.12777777777777777
11 0.4599609375 0.7611111111111111 0.134765625 0.2222222222222222
3 0.0927734375 0.7972222222222223 0.142578125 0.29444444444444445
3 0.2236328125 0.8444444444444444 0.138671875 0.3111111111111111
7 0.3583984375 0.8888888888888888 0.146484375 0.2222222222222222
1 0.4912109375 0.9333333333333333 0.142578125 0.13333333333333333
3 0.5986328125 0.8611111111111112 0.060546875 0.2777777777777778
1 0.6611328125 0.8944444444444445 0.134765625 0.2111111111111111
5 0.7548828125 0.9111111111111111 0.142578125 0.17777777777777778
8 0.8740234375 0.925 0.166015625 0.15