10 0.18251533742331288 0.057926829268292686 0.13803680981595093 0.11585365853658537
4 0.3098159509202454 0.04573170731707317 0.09202453987730061 0.09146341463414634
11 0.40337423312883436 0.057926829268292686 0.1441717791411043 0.11585365853658537
4 0.17431628153653736 0.16741197007035286 0.14424574039154747 0.27808753290622207
3 0.2986208068689164 0.182133257658254 0.14774160404226327 0.31488583028117156
1 0.425992816863872 0.19706747676744626 0.15687266153197013 0.30942706386943525
6 0.5623173931034766 0.19129902702587775 0.16621790851574644 0.3222609803845284
9 0.7285276073619632 0.18292682926829268 0.1196319018404908 0.36585365853658536
0 0.8236196319018405 0.12804878048780488 0.20552147239263804 0.25609756097560976
0 0.14884824976162256 0.6908150095081697 0.2128013504385823 0.37423544100877343
4 0.34085034478854814 0.597522378276341 0.13832496056046376 0.29595435279046894
11 0.4382244925127472 0.5372630162259503 0.1415352382190867 0.3083624062629795
8 0.6012269938650306 0.49390243902439024 0.13496932515337423 0.25609756097560976
17 0.13650306748466257 0.9207317073170732 0.21779141104294478 0.15853658536585366
1 0.3266871165644172 0.875 0.2116564417177914 0.25
18 0.5076687116564417 0.8323170731707317 0.21779141104294478 0.3353658536585366
4 0.6257668711656442 0.7713414634146342 0.08588957055214724 0.4451219512195122
10 0.7445458621584868 0.6616338063766798 0.12505547093783242 0.2097367730467678
18 0.9570552147239264 0.47560975609756095 0.08588957055214724 0.1951219512195122
6 0.8478764879627813 0.5865564049298472 0.09131313964948878 0.20739452631256514
5 0.9086193109811181 0.538985767062987 0.0882456549869121 0.207181594791274
8 0.745398773006135 0.8932926829268293 0.15337423312883436 0.21341463414634146
1 0.8496932515337423 0.8445121951219512 0.15950920245398773 0.31097560975609756
9 0.9401840490797546 0.7865853658536586 0.1196319018404908 0.35365853658536583