10 0.10590277777777778 0.35064935064935066 0.09027777777777778 0.29545454545454547
1 0.17881944444444445 0.36363636363636365 0.04861111111111111 0.288961038961039
0 0.22743055555555555 0.3538961038961039 0.04513888888888889 0.2857142857142857
11 0.2881944444444444 0.34415584415584416 0.06770833333333333 0.288961038961039
4 0.3680555555555556 0.3344155844155844 0.0763888888888889 0.2922077922077922
2 0.4409722222222222 0.31493506493506496 0.07291666666666667 0.275974025974026
4 0.515625 0.2922077922077922 0.07465277777777778 0.2824675324675325
5 0.5885416666666666 0.2662337662337662 0.06944444444444445 0.2824675324675325
10 0.6631944444444444 0.551948051948052 0.04861111111111111 0.23376623376623376
1 0.7245604689772759 0.47310075043378935 0.05030813131246559 0.18605234077706803
1 0.7702448286451715 0.41072747295897943 0.04324247113935294 0.17246044793878554
11 0.8176956033563454 0.3449562222745988 0.06090662157213453 0.2064401800344918
9 0.8808319859318534 0.27133048543135546 0.04671469336157516 0.1727628878644203
9 0.9211564926055805 0.22564463407876384 0.03635863455924257 0.17834907458102262
1 0.9546274666313642 0.17082340283718192 0.0327651966083522 0.1650596216683749
7 0.984375 0.12987012987012986 0.03125 0.15584415584415584
6 0.050347222222222224 0.8668831168831169 0.10069444444444445 0.24025974025974026
4 0.20232436778666893 0.8591350911488703 0.20003794191835983 0.2445118030339069
7 0.4122725965024452 0.853824488634982 0.20351016414058204 0.24481424295954166
7 0.578125 0.8441558441558441 0.12152777777777778 0.23376623376623376