10 0.075591985428051 0.18877551020408162 0.06876138433515483 0.2304421768707483
1 0.12295081967213115 0.2372448979591837 0.042805100182149364 0.2108843537414966
0 0.15437158469945356 0.26105442176870747 0.04007285974499089 0.2100340136054422
11 0.1953551912568306 0.288265306122449 0.05327868852459016 0.21768707482993196
4 0.24772313296903462 0.32568027210884354 0.05965391621129326 0.22363945578231292
2 0.29508196721311475 0.35374149659863946 0.056466302367941715 0.20833333333333334
4 0.34471766848816027 0.38095238095238093 0.057832422586520944 0.2185374149659864
5 0.3929872495446266 0.40476190476190477 0.05510018214936248 0.21258503401360543
10 0.5159380692167578 0.1683673469387755 0.10382513661202186 0.33163265306122447
1 0.5947176684881603 0.2151360544217687 0.075591985428051 0.34778911564625853
9 0.6534608378870674 0.266156462585034 0.07695810564663023 0.3324829931972789
11 0.726775956284153 0.32482993197278914 0.09153005464480875 0.3673469387755102
9 0.8091985428051002 0.3707482993197279 0.07240437158469945 0.29591836734693877
0 0.8638433515482696 0.39880952380952384 0.0692167577413479 0.23979591836734693
0 0.912568306010929 0.4217687074829932 0.06557377049180328 0.19302721088435373
2 0.9644808743169399 0.43962585034013607 0.07103825136612021 0.15731292517006804
3 0.24499089253187614 0.7312925170068028 0.020491803278688523 0.0782312925170068
0 0.2718579234972678 0.7542517006802721 0.019581056466302368 0.08163265306122448
1 0.2877959927140255 0.7721088435374149 0.023679417122040074 0.09183673469387756
0 0.07240437158469945 0.7083333333333334 0.046903460837887066 0.17431972789115646
2 0.11065573770491803 0.7397959183673469 0.048724954462659384 0.17431972789115646
3 0.15027322404371585 0.7712585034013606 0.04781420765027322 0.17431972789115646
11 0.20901639344262296 0.8222789115646258 0.06329690346083788 0.19302721088435373
5 0.2645719489981785 0.8664965986394558 0.046903460837887066 0.17091836734693877
0 0.30145719489981787 0.907312925170068 0.04326047358834244 0.16326530612244897
2 0.33970856102003644 0.9260204081632653 0.04599271402550091 0.14795918367346939
8 0.37841530054644806 0.9430272108843537 0.048724954462659384 0.11394557823129252
10 0.598816029143898 0.5960884353741497 0.1885245901639344 0.15476190476190477
1 0.7563752276867031 0.6147959183673469 0.12295081967213115 0.1921768707482993
1 0.854735883424408 0.6241496598639455 0.11748633879781421 0.2108843537414966
11 0.9462659380692168 0.6488095238095238 0.10746812386156648 0.2602040816326531
7 0.5487249544626593 0.8273809523809523 0.19763205828779598 0.34523809523809523
4 0.7568306010928961 0.8647959183673469 0.2568306010928962 0.27040816326530615
3 0.9326047358834244 0.9030612244897959 0.13479052823315119 0.19387755102040816