10 0.026954177897574125 0.11888111888111888 0.05390835579514825 0.19230769230769232
7 0.06873315363881402 0.14772727272727273 0.04380053908355795 0.19230769230769232
11 0.10579514824797843 0.16083916083916083 0.0444743935309973 0.1861888111888112
6 0.13881401617250674 0.17744755244755245 0.03908355795148248 0.19755244755244755
1 0.1664420485175202 0.19143356643356643 0.03436657681940701 0.17657342657342656
3 0.1940700808625337 0.20804195804195805 0.03571428571428571 0.17657342657342656
9 0.22439353099730458 0.21678321678321677 0.03908355795148248 0.17744755244755245
10 0.5397574123989218 0.22552447552447552 0.23315363881401618 0.1888111888111888
3 0.7395628394727042 0.22806965624806766 0.13885235156128925 0.1532486558884278
11 0.90425307542266 0.21866544364103696 0.15725326540209247 0.16588312414728584
10 0.01954177897574124 0.5148601398601399 0.03908355795148248 0.16958041958041958
1 0.07118234730095914 0.5574974716149085 0.0904606453752815 0.15389833711672182
6 0.13766897112201226 0.5808916687807738 0.08860968036189981 0.14687481427593818
11 0.2068733153638814 0.6171328671328671 0.08490566037735849 0.16433566433566432
1 0.028975741239892182 0.715034965034965 0.057951482479784364 0.23426573426573427
5 0.10902275273501925 0.7632330442236505 0.17773969457891567 0.2448901271441571
4 0.20350404312668463 0.8120629370629371 0.09164420485175202 0.2395104895104895
10 0.4171159029649596 0.5061188811188811 0.15566037735849056 0.20192307692307693
7 0.545822102425876 0.4956293706293706 0.10983827493261455 0.16783216783216784
9 0.633423180592992 0.4781468531468531 0.10377358490566038 0.17220279720279721
18 0.7574123989218329 0.44667832167832167 0.13140161725067384 0.18706293706293706
6 0.3443396226415094 0.7342657342657343 0.19002695417789758 0.2718531468531469
0 0.5040431266846361 0.7246503496503497 0.17318059299191374 0.256993006993007
9 0.6617250673854448 0.6905594405594405 0.18867924528301888 0.2666083916083916
0 0.8207547169811321 0.666958041958042 0.17991913746630728 0.2666083916083916