10 0.040137614678899085 0.2623456790123457 0.05131880733944954 0.14814814814814814
7 0.07454128440366972 0.23045267489711935 0.04128440366972477 0.18930041152263374
11 0.1029243119266055 0.18415637860082304 0.04157110091743119 0.2109053497942387
6 0.12815366972477063 0.13580246913580246 0.03813073394495413 0.21296296296296297
1 0.15022935779816513 0.09362139917695474 0.033256880733944956 0.18724279835390947
3 0.17144495412844038 0.07510288065843622 0.034403669724770644 0.15020576131687244
9 0.19438073394495411 0.051440329218107 0.03641055045871559 0.10185185185185185
3 0.3563646788990826 0.24382716049382716 0.1290137614678899 0.19135802469135801
11 0.44982798165137616 0.17078189300411523 0.1473623853211009 0.3374485596707819
5 0.5541857798165137 0.1697530864197531 0.14506880733944955 0.3395061728395062
2 0.6470756880733946 0.12654320987654322 0.1381880733944954 0.25308641975308643
2 0.737098623853211 0.06893004115226338 0.1404816513761468 0.13786008230452676
0 0.04959862385321101 0.6327160493827161 0.05246559633027523 0.24794238683127573
10 0.09604357798165138 0.5349794238683128 0.05246559633027523 0.2448559670781893
9 0.13847477064220184 0.45267489711934156 0.047591743119266054 0.22633744855967078
7 0.047018348623853214 0.8713991769547325 0.06077981651376147 0.25
5 0.09231651376146789 0.8045267489711934 0.06163990825688073 0.3096707818930041
17 0.13847477064220184 0.7129629629629629 0.060493119266055044 0.3096707818930041
1 0.1823394495412844 0.6224279835390947 0.05819954128440367 0.30349794238683125
10 0.34690366972477066 0.8034979423868313 0.17918577981651376 0.3508230452674897
3 0.44954128440366975 0.7664609053497943 0.11381880733944955 0.32510288065843623
11 0.5301032110091743 0.7006172839506173 0.16341743119266056 0.3611111111111111
6 0.6353211009174312 0.6553497942386831 0.13904816513761467 0.36419753086419754
7 0.7104357798165137 0.595679012345679 0.12729357798165136 0.33127572016460904
5 0.7901376146788991 0.558641975308642 0.14363532110091742 0.360082304526749
0 0.8801605504587156 0.5082304526748971 0.14793577981651376 0.33641975308641975