10 0.08876811594202899 0.15048543689320387 0.17753623188405798 0.30097087378640774
11 0.2521686817221615 0.14099754037070103 0.1580315609922517 0.2597104383454885
17 0.338768115942029 0.12378640776699029 0.09782608695652174 0.24757281553398058
0 0.03985507246376811 0.42718446601941745 0.07971014492753623 0.30097087378640774
7 0.15752183802434983 0.40214666349430134 0.19809743152611203 0.2846036256666532
7 0.3115942028985507 0.3786407766990291 0.15217391304347827 0.2912621359223301
10 0.4438405797101449 0.2766990291262136 0.11231884057971014 0.2669902912621359
1 0.5289855072463768 0.279126213592233 0.09239130434782608 0.25
9 0.5869565217391305 0.27427184466019416 0.08695652173913043 0.23786407766990292
11 0.6612318840579711 0.27184466019417475 0.11775362318840579 0.2621359223300971
8 0.7518115942028986 0.2766990291262136 0.09601449275362318 0.25
0 0.8152173913043478 0.2621359223300971 0.09057971014492754 0.25
7 0.8786231884057971 0.2645631067961165 0.09057971014492754 0.24514563106796117
1 0.947463768115942 0.2669902912621359 0.10326086956521739 0.25728155339805825
7 0.04891304347826087 0.662621359223301 0.09782608695652174 0.16990291262135923
11 0.20833333333333334 0.6213592233009708 0.213768115942029 0.08737864077669903
8 0.14855072463768115 0.8495145631067961 0.2753623188405797 0.30097087378640774
5 0.30434782608695654 0.8131067961165048 0.16666666666666666 0.3737864077669903
4 0.463768115942029 0.75 0.15217391304347827 0.3446601941747573
16 0.5869565217391305 0.7451456310679612 0.17391304347826086 0.33495145631067963
5 0.7065217391304348 0.7233009708737864 0.15942028985507245 0.2912621359223301
0 0.8170289855072463 0.7087378640776699 0.14855072463768115 0.2621359223300971
5 0.9239130434782609 0.6990291262135923 0.15217391304347827 0.24271844660194175