10 0.15816326530612246 0.1570796460176991 0.11160714285714286 0.19579646017699115
11 0.24808673469387754 0.19247787610619468 0.06823979591836735 0.18252212389380532
17 0.3137755102040816 0.21017699115044247 0.09247448979591837 0.18030973451327434
0 0.09183673469387756 0.33517699115044247 0.10331632653061225 0.19911504424778761
7 0.18048469387755103 0.36172566371681414 0.08737244897959184 0.19469026548672566
7 0.2614795918367347 0.39048672566371684 0.08099489795918367 0.2013274336283186
4 0.34375 0.4280973451327434 0.08673469387755102 0.2002212389380531
3 0.7028061224489796 0.22013274336283187 0.0274234693877551 0.1084070796460177
0 0.7340561224489796 0.22234513274336284 0.021683673469387755 0.09845132743362832
1 0.7544642857142857 0.22898230088495575 0.02614795918367347 0.10398230088495575
0 0.7850765306122449 0.24557522123893805 0.021683673469387755 0.10287610619469026
2 0.8048469387755102 0.24778761061946902 0.021683673469387755 0.10287610619469026
3 0.8227040816326531 0.2577433628318584 0.02295918367346939 0.11172566371681415
11 0.8520408163265306 0.2610619469026549 0.03125 0.11836283185840708
7 0.5625 0.30973451327433627 0.09502551020408163 0.24004424778761063
0 0.6753826530612245 0.3506637168141593 0.08673469387755102 0.21238938053097345
7 0.7869897959183674 0.38495575221238937 0.09375 0.22234513274336284
3 0.8973214285714286 0.42146017699115046 0.09119897959183673 0.21460176991150443
6 0.06951530612244898 0.6050884955752213 0.09821428571428571 0.15265486725663716
11 0.17091836734693877 0.5951327433628318 0.11734693877551021 0.13274336283185842
8 0.05994897959183673 0.8086283185840708 0.11989795918367346 0.2588495575221239
4 0.21292607709293335 0.7841341348622172 0.13760997318677218 0.2575713172791843
10 0.5937283182209755 0.7826556059247638 0.18781685318064972 0.3201643891181105
1 0.7429948130948985 0.7783818662030572 0.10412754113386212 0.29965587138146543
5 0.8312282025426686 0.7792879128732576 0.10262884556364298 0.2951538342808198
11 0.9323979591836735 0.7831858407079646 0.13520408163265307 0.3008849557522124