10 0.08583690987124463 0.3125 0.07296137339055794 0.21634615384615385
8 0.148068669527897 0.3076923076923077 0.04721030042918455 0.1971153846153846
11 0.19527896995708155 0.31009615384615385 0.05793991416309013 0.2091346153846154
1 0.2478540772532189 0.31971153846153844 0.046137339055793994 0.21875
3 0.28969957081545067 0.3125 0.04291845493562232 0.20673076923076922
3 0.33047210300429186 0.31490384615384615 0.046137339055793994 0.20192307692307693
10 0.5954935622317596 0.17307692307692307 0.1255364806866953 0.17307692307692307
4 0.7124463519313304 0.17307692307692307 0.10622317596566523 0.1778846153846154
11 0.8208154506437768 0.17307692307692307 0.1223175965665236 0.18269230769230768
5 0.5150214592274678 0.37740384615384615 0.12875536480686695 0.24759615384615385
0 0.6448497854077253 0.3798076923076923 0.1255364806866953 0.24759615384615385
8 0.7714592274678111 0.38221153846153844 0.1255364806866953 0.24278846153846154
4 0.8969957081545065 0.375 0.1223175965665236 0.2283653846153846
10 0.15120166182660832 0.6832023974252419 0.13424577374788854 0.2429149346586224
7 0.2832618025751073 0.6322115384615384 0.0815450643776824 0.1875
8 0.351931330472103 0.6177884615384616 0.07296137339055794 0.15865384615384615
5 0.13090128755364808 0.9086538461538461 0.15021459227467812 0.18269230769230768
1 0.27360515021459225 0.8701923076923077 0.1351931330472103 0.25961538461538464
9 0.3551502145922747 0.8461538461538461 0.06652360515021459 0.3076923076923077
10 0.500512638187311 0.8167485208534521 0.2012188401909004 0.3355262481417797
3 0.6753054617626836 0.8134834752837379 0.12381580087584786 0.2996277501017857
11 0.8179718693158947 0.819299183735821 0.15607955229303083 0.316989303772296
7 0.9474248927038627 0.8125 0.10515021459227468 0.2980769230769231