10 0.12906976744186047 0.17857142857142858 0.1325581395348837 0.35714285714285715
8 0.2229752799881954 0.2786395523851475 0.09418975136777946 0.3168707857869868
11 0.2924326476153195 0.3609978573851943 0.11079366550258643 0.34718825283300275
1 0.3686046511627907 0.42142857142857143 0.09534883720930233 0.2571428571428571
3 0.4127906976744186 0.45714285714285713 0.053488372093023255 0.18571428571428572
3 0.47674418604651164 0.15714285714285714 0.07441860465116279 0.3142857142857143
11 0.5604651162790698 0.2392857142857143 0.1813953488372093 0.4785714285714286
6 0.6883720930232559 0.29642857142857143 0.15813953488372093 0.5071428571428571
8 0.7941860465116279 0.35714285714285715 0.1511627906976744 0.38571428571428573
0 0.8883720930232558 0.4142857142857143 0.13488372093023257 0.2714285714285714
7 0.9546511627906977 0.4642857142857143 0.09069767441860466 0.17142857142857143
10 0.08139534883720931 0.6357142857142857 0.11162790697674418 0.17142857142857143
18 0.30116279069767443 0.8392857142857143 0.1 0.32142857142857145
6 0.17209302325581396 0.6821428571428572 0.07441860465116279 0.2642857142857143
3 0.23423773705165388 0.7571316293343222 0.0847250036027015 0.3015873352300798
4 0.3941860465116279 0.9107142857142857 0.07674418604651163 0.17857142857142858
10 0.5325581395348837 0.5678571428571428 0.18604651162790697 0.03571428571428571
3 0.6674418604651163 0.6285714285714286 0.12093023255813953 0.15714285714285714
5 0.7686046511627908 0.6857142857142857 0.12790697674418605 0.2714285714285714
18 0.8944739901892239 0.829716791671096 0.14318938285378746 0.33639461549646327
6 0.48604651162790696 0.7535714285714286 0.09302325581395349 0.40714285714285714
5 0.5813953488372093 0.775 0.20930232558139536 0.45
4 0.7441860465116279 0.85 0.20930232558139536 0.3
2 0.9034883720930232 0.9535714285714286 0.1930232558139535 0.09285714285714286