6 0.11004273504273504 0.07678571428571429 0.11752136752136752 0.15357142857142858
11 0.23076923076923078 0.09464285714285714 0.13247863247863248 0.18928571428571428
1 0.33760683760683763 0.11071428571428571 0.09401709401709402 0.22142857142857142
4 0.4444444444444444 0.12321428571428572 0.12393162393162394 0.24642857142857144
0 0.5267094017094017 0.15535714285714286 0.04487179487179487 0.2392857142857143
10 0.6773504273504274 0.14821428571428572 0.13247863247863248 0.14464285714285716
4 0.7895299145299145 0.14285714285714285 0.07799145299145299 0.12857142857142856
16 0.8856837606837606 0.13392857142857142 0.1282051282051282 0.14464285714285716
8 0.6741452991452992 0.28035714285714286 0.12072649572649573 0.13035714285714287
1 0.780982905982906 0.275 0.10790598290598291 0.13392857142857142
4 0.8856837606837606 0.26785714285714285 0.11645299145299146 0.13035714285714287
10 0.21153846153846154 0.4392857142857143 0.21367521367521367 0.12142857142857143
2 0.41452991452991456 0.44107142857142856 0.15384615384615385 0.125
1 0.10727137695369214 0.7001466363300674 0.15326506715361868 0.35502588602416735
7 0.28692639360364297 0.7179634138447825 0.19180119990972216 0.3625427465120146
9 0.46794871794871795 0.7053571428571429 0.1623931623931624 0.375
10 0.6036324786324786 0.6 0.07264957264957266 0.18928571428571428
6 0.6762820512820513 0.6446428571428572 0.04807692307692308 0.14285714285714285
3 0.7286324786324786 0.6857142857142857 0.0438034188034188 0.15
18 0.780982905982906 0.7232142857142857 0.05235042735042735 0.1732142857142857
4 0.8365384615384616 0.7625 0.056623931623931624 0.15892857142857142
7 0.8985042735042735 0.8 0.05235042735042735 0.16785714285714284
0 0.9572649572649573 0.8482142857142857 0.0438034188034188 0.15535714285714286