1 0.0196078431372549 0.2692307692307692 0.0392156862745098 0.21794871794871795
4 0.09028824327911983 0.3052879003945877 0.12068605242365729 0.23181631322521376
0 0.18773719151991486 0.34911931240406074 0.0945675925042888 0.21482086976809128
5 0.2901960784313726 0.3733974358974359 0.13333333333333333 0.20833333333333334
10 0.4764705882352941 0.28685897435897434 0.09705882352941177 0.14903846153846154
4 0.5725490196078431 0.2644230769230769 0.06862745098039216 0.13782051282051283
11 0.6490196078431373 0.24358974358974358 0.08235294117647059 0.13942307692307693
2 0.7215686274509804 0.23717948717948717 0.06862745098039216 0.1346153846153846
4 0.7784313725490196 0.22115384615384615 0.06862745098039216 0.1346153846153846
1 0.8352941176470589 0.21474358974358973 0.06274509803921569 0.13782051282051283
0 0.8901960784313725 0.20032051282051283 0.06862745098039216 0.1346153846153846
10 0.11764705882352941 0.6490384615384616 0.23529411764705882 0.28525641025641024
8 0.3058823529411765 0.6490384615384616 0.1450980392156863 0.2467948717948718
9 0.10882352941176471 0.9022435897435898 0.21764705882352942 0.1955128205128205
7 0.28823529411764703 0.907051282051282 0.1803921568627451 0.1858974358974359
10 0.592156862745098 0.6362179487179487 0.12156862745098039 0.13782051282051283
4 0.7049019607843138 0.6506410256410257 0.10392156862745099 0.14423076923076922
11 0.803921568627451 0.6618589743589743 0.10686274509803921 0.15384615384615385
6 0.4568627450980392 0.8028846153846154 0.14313725490196078 0.17467948717948717
2 0.592156862745098 0.8205128205128205 0.1392156862745098 0.1842948717948718
2 0.7313725490196078 0.8381410256410257 0.14313725490196078 0.17147435897435898
4 0.8823529411764706 0.8573717948717948 0.15098039215686274 0.17467948717948717