1 0.023026315789473683 0.3443396226415094 0.046052631578947366 0.36792452830188677
5 0.05834375375219322 0.32624810861823933 0.08342733555979659 0.3731943981182391
11 0.11290724692235563 0.30628623845660424 0.09681497220118968 0.3929406342825998
8 0.17076021377672856 0.2865439462039838 0.08683168019628265 0.38284793829140484
5 0.22038949642057518 0.26625270917882676 0.08319759365524566 0.35432647358993724
6 0.2598684210526316 0.24056603773584906 0.05921052631578947 0.330188679245283
8 0.28289473684210525 0.22641509433962265 0.013157894736842105 0.33962264150943394
10 0.35526315789473684 0.27358490566037735 0.13157894736842105 0.330188679245283
6 0.4473684210526316 0.3113207547169811 0.13980263157894737 0.32547169811320753
11 0.5444078947368421 0.33490566037735847 0.13980263157894737 0.3018867924528302
4 0.6578947368421053 0.36792452830188677 0.125 0.2783018867924528
9 0.7417763157894737 0.3915094339622642 0.12171052631578948 0.29245283018867924
2 0.8240131578947368 0.41509433962264153 0.12006578947368421 0.28773584905660377
1 0.9078947368421053 0.4339622641509434 0.11677631578947369 0.2688679245283019
11 0.6990131578947368 0.7924528301886793 0.15460526315789475 0.16981132075471697
4 0.8125 0.8490566037735849 0.13157894736842105 0.2830188679245283
2 0.9013157894736842 0.8537735849056604 0.13157894736842105 0.29245283018867924
5 0.9572368421052632 0.8773584905660378 0.08552631578947369 0.24528301886792453