10 0.13902439024390245 0.3402777777777778 0.16829268292682928 0.15046296296296297
1 0.19878048780487806 0.30092592592592593 0.12439024390243902 0.1550925925925926
5 0.24146341463414633 0.25 0.12073170731707317 0.1527777777777778
11 0.28780487804878047 0.19907407407407407 0.13902439024390245 0.16666666666666666
8 0.33658536585365856 0.14814814814814814 0.12439024390243902 0.1574074074074074
5 0.375609756097561 0.09953703703703703 0.11951219512195121 0.14583333333333334
6 0.41341463414634144 0.0625 0.10609756097560975 0.125
8 0.45 0.041666666666666664 0.10365853658536585 0.08333333333333333
1 0.6012195121951219 0.25925925925925924 0.06585365853658537 0.3148148148148148
3 0.6792682926829269 0.1527777777777778 0.1878048780487805 0.3055555555555556
0 0.801219512195122 0.0763888888888889 0.17804878048780487 0.1527777777777778
0 0.06707317073170732 0.6967592592592593 0.13414634146341464 0.4027777777777778
1 0.1573170731707317 0.5810185185185185 0.17317073170731706 0.3287037037037037
2 0.28780487804878047 0.5393518518518519 0.23414634146341465 0.24537037037037038
10 0.14390243902439023 0.8912037037037037 0.22926829268292684 0.2175925925925926
18 0.31341463414634146 0.8171296296296297 0.23658536585365852 0.36574074074074076
1 0.46707317073170734 0.7106481481481481 0.20243902439024392 0.4212962962962963
10 0.6097560975609756 0.8587962962962963 0.08292682926829269 0.2824074074074074
6 0.6775597646724114 0.811676898038199 0.13927147891130776 0.30486481844010477
11 0.7903964634884626 0.7508376565284204 0.15940887317253283 0.32467669879165095
5 0.8859255418955789 0.6841856621780968 0.136832454521064 0.3047031482109764
3 0.95 0.6226851851851852 0.1 0.3101851851851852