10 0.05897435897435897 0.3938618925831202 0.0829059829059829 0.3037084398976982
4 0.11794871794871795 0.3561381074168798 0.05683760683760684 0.28324808184143224
11 0.16282051282051282 0.32928388746803067 0.07222222222222222 0.3139386189258312
2 0.2153846153846154 0.29923273657289 0.05512820512820513 0.30179028132992325
1 0.2534188034188034 0.2781329923273657 0.06196581196581197 0.2985933503836317
6 0.2948717948717949 0.24744245524296676 0.0594017094017094 0.30562659846547313
6 0.3388888888888889 0.20907928388746802 0.06196581196581197 0.3024296675191816
10 0.4688034188034188 0.32289002557544755 0.1111111111111111 0.3356777493606138
5 0.558974358974359 0.3241687979539642 0.07905982905982906 0.3241687979539642
11 0.6294871794871795 0.3209718670076726 0.08376068376068375 0.3452685421994885
4 0.7081196581196582 0.32544757033248084 0.08547008547008547 0.32928388746803067
6 0.7824786324786325 0.319693094629156 0.08547008547008547 0.32928388746803067
5 0.8461538461538461 0.319693094629156 0.07692307692307693 0.33951406649616367
3 0.9188034188034188 0.31138107416879796 0.0811965811965812 0.340153452685422
10 0.06324786324786325 0.717391304347826 0.06495726495726496 0.11636828644501279
9 0.11495726495726495 0.7512787723785166 0.04658119658119658 0.09846547314578005
11 0.16324786324786325 0.782608695652174 0.057692307692307696 0.10741687979539642
3 0.21068376068376068 0.8101023017902813 0.046153846153846156 0.09207161125319693
1 0.25598290598290596 0.8395140664961637 0.04829059829059829 0.100383631713555
0 0.3017094017094017 0.8638107416879796 0.051709401709401706 0.09846547314578005
3 0.3491452991452991 0.8881074168797954 0.05 0.10294117647058823
10 0.4846153846153846 0.671994884910486 0.15555555555555556 0.12404092071611253
1 0.632051282051282 0.639386189258312 0.09316239316239316 0.058823529411764705
4 0.4666666666666667 0.8746803069053708 0.13333333333333333 0.2506393861892583
7 0.5982606971330405 0.8219326678230058 0.1670601216717721 0.24079156940080956
0 0.7402672162131624 0.7396275135413847 0.14498713350720707 0.24660508386611185
6 0.8824786324786325 0.7097186700767263 0.16495726495726495 0.19948849104859334