4 0.047149122807017545 0.3638211382113821 0.09429824561403509 0.2073170731707317
11 0.12280701754385964 0.32926829268292684 0.21929824561403508 0.2764227642276423
2 0.25877192982456143 0.3130081300813008 0.17543859649122806 0.3089430894308943
1 0.35526315789473684 0.29471544715447157 0.18859649122807018 0.34552845528455284
6 0.4631157856852037 0.2650048356965835 0.18600831623111888 0.3843210677343849
6 0.5339912280701754 0.21341463414634146 0.1118421052631579 0.3617886178861789
10 0.6337719298245614 0.3475609756097561 0.08771929824561403 0.23780487804878048
1 0.6885964912280702 0.3434959349593496 0.07017543859649122 0.24796747967479674
3 0.7346491228070176 0.33739837398373984 0.07236842105263158 0.2540650406504065
11 0.7861842105263158 0.31910569105691056 0.07785087719298246 0.2540650406504065
6 0.8366228070175439 0.3008130081300813 0.06798245614035088 0.24796747967479674
1 0.8793859649122807 0.2865853658536585 0.06359649122807018 0.24796747967479674
5 0.9232456140350878 0.2703252032520325 0.06798245614035088 0.258130081300813
0 0.9660087719298246 0.25 0.06469298245614036 0.258130081300813
10 0.09649122807017543 0.6117886178861789 0.19298245614035087 0.2886178861788618
2 0.2719298245614035 0.5589430894308943 0.17543859649122806 0.18292682926829268
13 0.4331140350877193 0.5386178861788617 0.25219298245614036 0.14227642276422764
2 0.06140350877192982 0.8414634146341463 0.12280701754385964 0.3170731707317073
7 0.19736842105263158 0.8130081300813008 0.27631578947368424 0.37398373983739835
3 0.4133771929824561 0.7703252032520326 0.26096491228070173 0.45934959349593496
3 0.5405701754385965 0.7134146341463414 0.09868421052631579 0.491869918699187
0 0.680921052631579 0.8922764227642277 0.18201754385964913 0.21544715447154472
4 0.8484977931084312 0.8418711092664105 0.14204792662494115 0.2703032603585325
7 0.9331140350877193 0.7886178861788617 0.1337719298245614 0.2845528455284553