10 0.0925632911392405 0.13383838383838384 0.11550632911392406 0.2676767676767677
1 0.17574085894613206 0.15649632372525207 0.08569909991776825 0.3037398366637488
4 0.23652983199521785 0.20511843388518458 0.08239611152611324 0.2984542279934907
11 0.3014821483912796 0.26102242209618326 0.10379632035705563 0.330285431824916
7 0.3743458571924048 0.31633865125779925 0.08769667268766969 0.31900890362514056
4 0.4299727005095637 0.3501619016958462 0.08728137839878082 0.3038573884736254
8 0.4836711867716359 0.3714764413175072 0.08747934258349736 0.25346988977845153
0 0.5388135200850911 0.3876229240787865 0.07846049874139696 0.21247809032502837
10 0.7056962025316456 0.09343434343434344 0.14873417721518986 0.18686868686868688
5 0.8212025316455697 0.12373737373737374 0.10126582278481013 0.2474747474747475
16 0.9193037974683544 0.15656565656565657 0.12025316455696203 0.31313131313131315
1 0.7025101271550864 0.27477176107755275 0.12650194480975133 0.352133177365208
3 0.8045886075949367 0.3409090909090909 0.12183544303797468 0.3484848484848485
0 0.8987341772151899 0.3712121212121212 0.11392405063291139 0.2878787878787879
10 0.09177215189873418 0.8055555555555556 0.15268987341772153 0.2196969696969697
1 0.17563291139240506 0.7929292929292929 0.11867088607594936 0.17424242424242425
5 0.24525316455696203 0.7752525252525253 0.11392405063291139 0.17424242424242425
11 0.31566455696202533 0.7626262626262627 0.13212025316455697 0.18434343434343434
8 0.3900316455696203 0.7474747474747475 0.11867088607594936 0.17929292929292928
5 0.45174050632911394 0.7297979797979798 0.11313291139240507 0.16666666666666666
6 0.5126582278481012 0.7146464646464646 0.09968354430379747 0.15656565656565657
8 0.5498417721518988 0.702020202020202 0.058544303797468354 0.15656565656565657
1 0.6218354430379747 0.7146464646464646 0.08544303797468354 0.398989898989899
14 0.7666139240506329 0.7575757575757576 0.22943037974683544 0.48484848484848486
5 0.9129746835443038 0.7904040404040404 0.14240506329113925 0.41919191919191917
8 0.9731012658227848 0.8333333333333334 0.05379746835443038 0.3333333333333333