10 0.03333333333333333 0.15669014084507044 0.06666666666666667 0.29577464788732394
1 0.08431372549019608 0.20422535211267606 0.06274509803921569 0.2676056338028169
4 0.1284313725490196 0.24647887323943662 0.059803921568627454 0.2640845070422535
11 0.17647058823529413 0.29225352112676056 0.07647058823529412 0.29225352112676056
7 0.22941176470588234 0.3362676056338028 0.06372549019607843 0.28169014084507044
4 0.27156862745098037 0.352112676056338 0.061764705882352944 0.2517605633802817
8 0.31176470588235294 0.3732394366197183 0.06274509803921569 0.20950704225352113
0 0.35294117647058826 0.3908450704225352 0.056862745098039215 0.176056338028169
10 0.44313725490196076 0.18661971830985916 0.08529411764705883 0.2711267605633803
1 0.5166666666666667 0.23943661971830985 0.09411764705882353 0.2517605633802817
2 0.5784313725490197 0.27816901408450706 0.0892156862745098 0.2605633802816901
11 0.65 0.31514084507042256 0.11568627450980393 0.29225352112676056
5 0.7421568627450981 0.3591549295774648 0.09607843137254903 0.23943661971830985
1 0.807843137254902 0.38204225352112675 0.0892156862745098 0.19190140845070422
4 0.8705882352941177 0.397887323943662 0.08725490196078431 0.1602112676056338
1 0.9362745098039216 0.41901408450704225 0.09117647058823529 0.11971830985915492
10 0.10882352941176471 0.6320422535211268 0.10686274509803921 0.1813380281690141
1 0.18333333333333332 0.6461267605633803 0.07058823529411765 0.1619718309859155
2 0.22941176470588234 0.6461267605633803 0.06666666666666667 0.1426056338028169
11 0.28823529411764703 0.6373239436619719 0.08725490196078431 0.16901408450704225
1 0.050980392156862744 0.8116197183098591 0.10196078431372549 0.198943661971831
6 0.13725490196078433 0.8098591549295775 0.10686274509803921 0.1936619718309859
4 0.22058823529411764 0.8080985915492958 0.11078431372549019 0.198943661971831
4 0.30980392156862746 0.8028169014084507 0.10392156862745099 0.20598591549295775
1 0.5098039215686274 0.5862676056338029 0.12941176470588237 0.2147887323943662
6 0.5872549019607843 0.6126760563380281 0.13137254901960785 0.2676056338028169
11 0.6855669930621356 0.6938203069667281 0.1612971746522583 0.29378991984444247
1 0.44313725490196076 0.7764084507042254 0.08627450980392157 0.426056338028169
5 0.5264705882352941 0.8362676056338029 0.2411764705882353 0.3274647887323944
4 0.6784313725490196 0.9014084507042254 0.23529411764705882 0.19718309859154928