10 0.033642691415313224 0.09362139917695474 0.06728538283062645 0.18724279835390947
1 0.07634162127860927 0.12057039746596945 0.07369287373159875 0.23591526268975657
0 0.12351146182175356 0.16387043565731627 0.07847982209349003 0.20553023952666755
11 0.1808856506408318 0.21350960607720273 0.09620761105444087 0.2521394174683722
3 0.2472027433608962 0.27267016335227023 0.09410157028346668 0.22323699823267726
8 0.30974477958236657 0.3292181069958848 0.09976798143851508 0.24691358024691357
8 0.3451276102088167 0.35905349794238683 0.029002320185614848 0.22016460905349794
10 0.7373138914963604 0.1759960787954614 0.17590473449949864 0.2833475468948061
4 0.8592307086978803 0.1802887918164748 0.12527749895173781 0.25659290247597255
11 0.9477958236658933 0.1831275720164609 0.10440835266821345 0.25925925925925924
7 0.6206496519721578 0.38065843621399176 0.19489559164733178 0.17695473251028807
1 0.7569605568445475 0.39094650205761317 0.154292343387471 0.15637860082304528
4 0.8834106728538283 0.38786008230452673 0.1728538283062645 0.16255144032921812
10 0.12470997679814386 0.6193415637860082 0.06902552204176333 0.1779835390946502
6 0.18503480278422274 0.6131687242798354 0.048723897911832945 0.16666666666666666
11 0.22389791183294663 0.6183127572016461 0.05046403712296984 0.1779835390946502
1 0.049303944315545245 0.7880658436213992 0.06322505800464037 0.21707818930041153
6 0.11136890951276102 0.7870370370370371 0.06670533642691415 0.22016460905349794
4 0.19489559164733178 0.7839506172839507 0.06728538283062645 0.2294238683127572
3 0.26160092807424595 0.7695473251028807 0.06786542923433875 0.22016460905349794
10 0.5922273781902552 0.5689300411522634 0.16531322505800464 0.18209876543209877
7 0.7105568445475638 0.5915637860082305 0.11716937354988399 0.15946502057613168
11 0.820185614849188 0.6121399176954733 0.14327146171693736 0.1728395061728395
3 0.4651972157772622 0.7448559670781894 0.16647331786542924 0.20781893004115226
8 0.5928074245939675 0.76440329218107 0.17053364269141533 0.21604938271604937
9 0.7209976798143851 0.7829218106995884 0.16705336426914152 0.21193415637860083
9 0.855568445475638 0.808641975308642 0.18155452436194897 0.21604938271604937