0 0.05324909747292419 0.13449367088607594 0.10649819494584838 0.2689873417721519
11 0.15252707581227437 0.17405063291139242 0.13176895306859207 0.34810126582278483
3 0.2695223437790595 0.21833744887601872 0.1335685810623955 0.33641417135091833
8 0.38338171758870115 0.273582892017734 0.14672917723998624 0.36909148223646965
8 0.4693140794223827 0.3037974683544304 0.07942238267148015 0.3670886075949367
10 0.6308664259927798 0.13924050632911392 0.11371841155234658 0.125
2 0.7355595667870036 0.13132911392405064 0.08574007220216606 0.11234177215189874
16 0.8113718411552346 0.12341772151898735 0.10198555956678701 0.13132911392405064
5 0.6236462093862816 0.28322784810126583 0.09296028880866426 0.14873417721518986
0 0.6949458483754513 0.27056962025316456 0.09657039711191336 0.15822784810126583
9 0.7707581227436823 0.25949367088607594 0.09657039711191336 0.16455696202531644
5 0.8447653429602888 0.25158227848101267 0.09025270758122744 0.1518987341772152
10 0.0776173285198556 0.8544303797468354 0.08664259927797834 0.27056962025316456
4 0.15162454873646208 0.8259493670886076 0.06046931407942238 0.2468354430379747
11 0.21660649819494585 0.805379746835443 0.0740072202166065 0.25158227848101267
1 0.2806859205776173 0.7832278481012658 0.055054151624548735 0.24208860759493672
2 0.3285198555956679 0.7705696202531646 0.05685920577617329 0.25158227848101267
9 0.38176895306859204 0.7436708860759493 0.058664259927797835 0.2626582278481013
6 0.43862815884476536 0.7278481012658228 0.06498194945848375 0.26424050632911394
10 0.6976534296028881 0.685126582278481 0.08032490974729242 0.1439873417721519
1 0.7545126353790613 0.6756329113924051 0.04963898916967509 0.12183544303797468
0 0.7897111913357401 0.6661392405063291 0.046028880866425995 0.125
11 0.8321299638989169 0.6598101265822784 0.06227436823104693 0.1360759493670886
4 0.6678700361010831 0.8370253164556962 0.11371841155234658 0.16930379746835442
5 0.7707581227436823 0.819620253164557 0.11191335740072202 0.17246835443037975
9 0.8727436823104693 0.7974683544303798 0.11371841155234658 0.17563291139240506