5 0.1434659090909091 0.1774193548387097 0.17329545454545456 0.3548387096774194
11 0.3126046431070939 0.1969391871477873 0.21976803996516156 0.3664220744824327
8 0.11505681818181818 0.3870967741935484 0.23011363636363635 0.22580645161290322
9 0.3380681818181818 0.4112903225806452 0.25 0.1774193548387097
10 0.6434659090909091 0.1693548387096774 0.11505681818181818 0.14919354838709678
3 0.7784090909090909 0.17338709677419356 0.1278409090909091 0.1693548387096774
11 0.8849431818181818 0.14516129032258066 0.13210227272727273 0.14919354838709678
8 0.5525568181818182 0.3709677419354839 0.12215909090909091 0.1814516129032258
0 0.65625 0.3548387096774194 0.10369318181818182 0.1532258064516129
0 0.7642045454545454 0.32661290322580644 0.11505681818181818 0.1532258064516129
1 0.8948863636363636 0.3225806451612903 0.1278409090909091 0.1693548387096774
6 0.024147727272727272 0.7056451612903226 0.048295454545454544 0.28225806451612906
3 0.09565939208956499 0.820795073414851 0.09910988651758372 0.29187087406259293
18 0.19460227272727273 0.875 0.11647727272727272 0.25
4 0.30113636363636365 0.9354838709677419 0.125 0.12903225806451613
10 0.5213068181818182 0.7661290322580645 0.10511363636363637 0.4032258064516129
1 0.5913235855849016 0.7705574047552497 0.08355328933812474 0.372234527458837
0 0.6524775739077469 0.7655164100702857 0.0774248139465079 0.3479471431070475
11 0.7222287323716191 0.7563024033737662 0.09760894905607063 0.3644046012415369
3 0.81313782328071 0.7548010279386809 0.09222490234745157 0.38043979753490853
5 0.8828889817445823 0.7455870212421617 0.08938399325654248 0.3803928795525622
4 0.949650345380946 0.7444844486570209 0.08624531269243428 0.36421692931215116
1 0.9872159090909091 0.7419354838709677 0.02556818181818182 0.3709677419354839