10 0.08671171171171171 0.16139240506329114 0.17342342342342343 0.3227848101265823
5 0.240990990990991 0.11708860759493671 0.13963963963963963 0.23417721518987342
11 0.3704954954954955 0.07911392405063292 0.17342342342342343 0.15822784810126583
6 0.06981981981981981 0.45569620253164556 0.13963963963963963 0.4177215189873418
8 0.23085585585585586 0.35293344889015366 0.20945945945945946 0.40610505713333384
9 0.4189189189189189 0.24050632911392406 0.1981981981981982 0.3924050632911392
10 0.6418918918918919 0.2777338701876226 0.12612612612612611 0.29938869916399463
9 0.7545045045045045 0.19125435804978827 0.08558558558558559 0.2967370874526022
11 0.8400900900900901 0.1518987341772152 0.1036036036036036 0.3037974683544304
2 0.5844594594594594 0.5632911392405063 0.13288288288288289 0.20253164556962025
5 0.7027027027027027 0.5253164556962026 0.13963963963963963 0.27848101265822783
3 0.8198198198198198 0.49050632911392406 0.13963963963963963 0.34810126582278483
5 0.9346846846846847 0.45569620253164556 0.13063063063063063 0.4177215189873418
3 0.25788288288288286 0.740506329113924 0.04504504504504504 0.06645569620253164
0 0.30067567567567566 0.7215189873417721 0.036036036036036036 0.05379746835443038
3 0.32207207207207206 0.7088607594936709 0.036036036036036036 0.06329113924050633
0 0.08671171171171171 0.9335443037974683 0.0777027027027027 0.11075949367088607
0 0.13851351351351351 0.9113924050632911 0.07094594594594594 0.11075949367088607
1 0.1891891891891892 0.8860759493670886 0.08333333333333333 0.10443037974683544
11 0.2511261261261261 0.8575949367088608 0.09797297297297297 0.11392405063291139
0 0.32882882882882886 0.8259493670886076 0.0686936936936937 0.10126582278481013
1 0.3716216216216216 0.7974683544303798 0.0686936936936937 0.10443037974683544
6 0.41216216216216217 0.7848101265822784 0.059684684684684686 0.08860759493670886
5 0.45382882882882886 0.759493670886076 0.06306306306306306 0.10126582278481013
3 0.6463963963963963 0.879746835443038 0.13063063063063063 0.24050632911392406
11 0.7826576576576577 0.8417721518987342 0.17342342342342343 0.31645569620253167
7 0.9166666666666666 0.8322784810126582 0.12612612612612611 0.33544303797468356
5 0.9808558558558559 0.8259493670886076 0.038288288288288286 0.3227848101265823