10 0.11085626911314984 0.44871794871794873 0.11085626911314984 0.16025641025641027
1 0.17966360856269112 0.42948717948717946 0.06880733944954129 0.1987179487179487
5 0.2301223241590214 0.40705128205128205 0.0764525993883792 0.2403846153846154
11 0.290519877675841 0.34935897435897434 0.08944954128440367 0.2564102564102564
6 0.3555045871559633 0.27884615384615385 0.0764525993883792 0.2403846153846154
4 0.41131498470948014 0.21474358974358973 0.07492354740061162 0.22916666666666666
3 0.46559633027522934 0.16666666666666666 0.07110091743119266 0.21955128205128205
2 0.5160550458715596 0.13782051282051283 0.07110091743119266 0.15064102564102563
10 0.6613149847094801 0.40224358974358976 0.0871559633027523 0.2532051282051282
4 0.7232415902140673 0.3766025641025641 0.06345565749235474 0.25
11 0.7691131498470948 0.3573717948717949 0.077217125382263 0.27884615384615385
1 0.8172782874617737 0.3317307692307692 0.0672782874617737 0.25801282051282054
2 0.8593272171253823 0.2948717948717949 0.06574923547400612 0.2532051282051282
3 0.900611620795107 0.2692307692307692 0.06498470948012232 0.25801282051282054
3 0.9464831804281345 0.24519230769230768 0.07262996941896024 0.2708333333333333
2 0.1345565749235474 0.907051282051282 0.1743119266055046 0.1858974358974359
3 0.24617737003058104 0.8814102564102564 0.1651376146788991 0.23717948717948717
2 0.3562691131498471 0.8605769230769231 0.1743119266055046 0.27884615384615385
7 0.46788990825688076 0.8381410256410257 0.17737003058103976 0.32371794871794873
10 0.7255351681957186 0.7115384615384616 0.07951070336391437 0.15064102564102563
8 0.7912844036697247 0.6778846153846154 0.0672782874617737 0.13942307692307693
11 0.8577981651376146 0.6490384615384616 0.07110091743119266 0.14102564102564102
7 0.6957186544342507 0.8926282051282052 0.10091743119266056 0.21474358974358973
0 0.7691131498470948 0.8621794871794872 0.09480122324159021 0.22275641025641027
6 0.841743119266055 0.8253205128205128 0.09709480122324159 0.22756410256410256
0 0.9090214067278287 0.7868589743589743 0.09097859327217125 0.22275641025641027