10 0.054086538461538464 0.25303030303030305 0.052884615384615384 0.15303030303030302
1 0.09014423076923077 0.24242424242424243 0.03125 0.1409090909090909
5 0.11658653846153846 0.2287878787878788 0.03365384615384615 0.1409090909090909
11 0.14903846153846154 0.21515151515151515 0.040865384615384616 0.14545454545454545
6 0.18389423076923078 0.19242424242424241 0.03365384615384615 0.1409090909090909
4 0.21394230769230768 0.17424242424242425 0.03365384615384615 0.13484848484848486
3 0.2439903846153846 0.1590909090909091 0.03125 0.13787878787878788
2 0.2704326923076923 0.13787878787878788 0.03125 0.13484848484848486
1 0.37740384615384615 0.18181818181818182 0.1778846153846154 0.3151515151515151
8 0.53125 0.17424242424242425 0.25961538461538464 0.3303030303030303
3 0.75 0.1696969696969697 0.27884615384615385 0.3393939393939394
0 0.9182692307692307 0.1696969696969697 0.16346153846153846 0.3393939393939394
10 0.046875 0.5666666666666667 0.04927884615384615 0.19393939393939394
7 0.09495192307692307 0.6363636363636364 0.03125 0.1712121212121212
8 0.13221153846153846 0.6848484848484848 0.03125 0.1803030303030303
18 0.16706730769230768 0.7272727272727273 0.038461538461538464 0.17727272727272728
1 0.19831730769230768 0.7696969696969697 0.03125 0.1590909090909091
1 0.23076923076923078 0.8363636363636363 0.028846153846153848 0.1787878787878788
3 0.2548076923076923 0.85 0.027644230769230768 0.1712121212121212
6 0.2764423076923077 0.8863636363636364 0.02403846153846154 0.15454545454545454
10 0.4411057692307692 0.7757575757575758 0.11177884615384616 0.2833333333333333
1 0.5084134615384616 0.7621212121212121 0.07932692307692307 0.2590909090909091
0 0.5637019230769231 0.740909090909091 0.0733173076923077 0.2409090909090909
11 0.6262019230769231 0.7181818181818181 0.09254807692307693 0.2545454545454545
3 0.7079326923076923 0.693939393939394 0.08774038461538461 0.26515151515151514
5 0.7704326923076923 0.6681818181818182 0.08533653846153846 0.2636363636363636
4 0.8317307692307693 0.6515151515151515 0.08173076923076923 0.25303030303030305
1 0.890625 0.6363636363636364 0.07932692307692307 0.2590909090909091