10 0.13746438746438747 0.3229166666666667 0.12393162393162394 0.23541666666666666
5 0.2336182336182336 0.26666666666666666 0.09829059829059829 0.21875
11 0.31339031339031337 0.19791666666666666 0.1111111111111111 0.23333333333333334
2 0.11609686609686609 0.5229166666666667 0.12606837606837606 0.1875
9 0.2094017094017094 0.4875 0.1267806267806268 0.25833333333333336
2 0.3005698005698006 0.4375 0.11609686609686609 0.2916666666666667
3 0.3995726495726496 0.37916666666666665 0.13746438746438747 0.31666666666666665
10 0.5633903133903134 0.48125 0.11538461538461539 0.2708333333333333
1 0.6324786324786325 0.46875 0.08404558404558404 0.29583333333333334
3 0.6816239316239316 0.4479166666666667 0.0868945868945869 0.325
11 0.7393162393162394 0.40208333333333335 0.09544159544159544 0.32708333333333334
6 0.7948717948717948 0.35625 0.08190883190883191 0.3125
1 0.8433048433048433 0.325 0.07763532763532764 0.3125
5 0.8910256410256411 0.2833333333333333 0.08190883190883191 0.325
0 0.9415954415954416 0.24166666666666667 0.08475783475783476 0.325
10 0.046296296296296294 0.9125 0.09188034188034189 0.17291666666666666
2 0.11467236467236468 0.9083333333333333 0.07834757834757834 0.18333333333333332
1 0.16025641025641027 0.8979166666666667 0.07834757834757834 0.20416666666666666
11 0.22507122507122507 0.8895833333333333 0.099002849002849 0.20625
2 0.29415954415954415 0.8708333333333333 0.08404558404558404 0.20625
8 0.3475783475783476 0.8520833333333333 0.08974358974358974 0.23125
6 0.40954415954415957 0.8416666666666667 0.0876068376068376 0.21041666666666667
8 0.4601139601139601 0.825 0.07834757834757834 0.20833333333333334
4 0.7143874643874644 0.9270833333333334 0.14957264957264957 0.14583333333333334
5 0.8069800569800569 0.8854166666666666 0.14957264957264957 0.22916666666666666
2 0.896011396011396 0.8520833333333333 0.1452991452991453 0.29583333333333334
9 0.9544159544159544 0.8541666666666666 0.09116809116809117 0.2916666666666667