10 0.2582236842105263 0.14453125 0.20723684210526316 0.2890625
5 0.4070895123792231 0.23639435492735317 0.16721971980993788 0.3782090456798428
11 0.5375373629973891 0.33809513228983035 0.18799377476321746 0.4041031603337355
2 0.13751560641764643 0.35434549977285745 0.21516894194475747 0.5007192107632767
9 0.2878289473684211 0.4296875 0.2138157894736842 0.40625
2 0.43256578947368424 0.49609375 0.20065789473684212 0.2734375
3 0.5526315789473685 0.55859375 0.17105263157894737 0.1484375
6 0.6578947368421053 0.27734375 0.039473684210526314 0.3828125
11 0.7072368421052632 0.37109375 0.13815789473684212 0.4140625
5 0.8092105263157895 0.45703125 0.17105263157894737 0.3515625
5 0.899671052631579 0.515625 0.1611842105263158 0.234375
4 0.9605263157894737 0.57421875 0.07894736842105263 0.1171875
10 0.049342105263157895 0.76171875 0.09868421052631579 0.2578125
2 0.12828947368421054 0.81640625 0.17763157894736842 0.3671875
13 0.27631578947368424 0.83984375 0.2631578947368421 0.3203125
3 0.44243421052631576 0.953125 0.19407894736842105 0.09375
3 0.7039473684210527 0.74609375 0.13157894736842105 0.2265625
11 0.8141447368421053 0.80859375 0.18092105263157895 0.3515625
4 0.9375 0.8671875 0.125 0.265625
3 0.9473684210526315 0.6953125 0.08552631578947369 0.125