10 0.18227091633466136 0.1267361111111111 0.14940239043824702 0.2534722222222222
8 0.30378486055776893 0.1840277777777778 0.11752988047808766 0.2465277777777778
11 0.40239043824701193 0.22569444444444445 0.11752988047808766 0.23958333333333334
4 0.07569721115537849 0.3524305555555556 0.13545816733067728 0.3194444444444444
8 0.1942231075697211 0.40625 0.14143426294820718 0.3211805555555556
5 0.30677290836653387 0.4444444444444444 0.12848605577689243 0.2864583333333333
9 0.41932270916334663 0.4618055555555556 0.13545816733067728 0.234375
10 0.6925769878506705 0.12026008268587339 0.1438730562404593 0.23034615123592742
2 0.7938048272314504 0.1643021659720856 0.10354459437859015 0.21750443113233386
11 0.8721039329654506 0.18896594798712066 0.12045649818200974 0.2393077858404379
8 0.5966135458167331 0.3350694444444444 0.09362549800796813 0.3368055555555556
3 0.6772307216129337 0.3843308505825318 0.15903667599415508 0.3420635257062702
7 0.7985414878560366 0.4236881849280583 0.16318334787639827 0.3457782532721851
2 0.9103585657370518 0.4461805555555556 0.16733067729083664 0.3229166666666667
10 0.22111553784860558 0.6805555555555556 0.13545816733067728 0.14583333333333334
8 0.3132778913876615 0.697045771739504 0.0855351678404376 0.12985010687385387
11 0.3912314137343 0.7078812912015733 0.10793534284971712 0.1416005529308303
8 0.09543521216253478 0.8314869590689177 0.16176060886721869 0.2729828392773649
9 0.22138047469955077 0.8567128991818627 0.15745132884775212 0.26579588948922783
2 0.34462151394422313 0.8715277777777778 0.1593625498007968 0.2569444444444444
6 0.4711155378486056 0.8836805555555556 0.15737051792828685 0.2326388888888889
5 0.5846613545816733 0.7916666666666666 0.0697211155378486 0.3680555555555556
1 0.7081673306772909 0.8020833333333334 0.2729083665338645 0.3888888888888889
0 0.897410358565737 0.8038194444444444 0.2051792828685259 0.3923611111111111