10 0.08272058823529412 0.11979166666666667 0.09558823529411764 0.2265625
8 0.15808823529411764 0.20052083333333334 0.07904411764705882 0.234375
11 0.21875 0.265625 0.07720588235294118 0.22916666666666666
4 0.027573529411764705 0.2864583333333333 0.05514705882352941 0.2916666666666667
8 0.08272058823529412 0.359375 0.09191176470588236 0.2916666666666667
5 0.15625 0.4010416666666667 0.08272058823529412 0.20833333333333334
9 0.2261029411764706 0.4375 0.08455882352941177 0.13541666666666666
10 0.37683823529411764 0.07552083333333333 0.11397058823529412 0.15104166666666666
1 0.4172794117647059 0.14322916666666666 0.16544117647058823 0.2864583333333333
1 0.7077205882352942 0.4401041666666667 0.1801470588235294 0.13020833333333334
6 0.5013815939455342 0.2442936435238884 0.16410624693703668 0.28695995401730023
11 0.6066176470588235 0.3463541666666667 0.22794117647058823 0.3177083333333333
2 0.05514705882352941 0.6614583333333334 0.11029411764705882 0.28125
1 0.11413308011296325 0.7120993668015991 0.1537201341688449 0.29655774913266936
11 0.22058823529411764 0.7916666666666666 0.19852941176470587 0.2916666666666667
2 0.2922794117647059 0.8619791666666666 0.05514705882352941 0.2760416666666667
10 0.43933823529411764 0.5677083333333334 0.2113970588235294 0.12239583333333333
3 0.5882352941176471 0.6171875 0.13419117647058823 0.17708333333333334
5 0.6966911764705882 0.6614583333333334 0.14154411764705882 0.234375
18 0.8308823529411765 0.7604166666666666 0.15992647058823528 0.2760416666666667
6 0.3805147058823529 0.6927083333333334 0.1213235294117647 0.3645833333333333
5 0.49816176470588236 0.7916666666666666 0.21507352941176472 0.4036458333333333
4 0.6727941176470589 0.8541666666666666 0.21507352941176472 0.2890625
2 0.8511029411764706 0.9192708333333334 0.20588235294117646 0.15885416666666666