10 0.1617231638418079 0.15397350993377484 0.11652542372881355 0.11423841059602649
1 0.2507062146892655 0.13079470198675497 0.07344632768361582 0.1076158940397351
2 0.3015536723163842 0.11258278145695365 0.0692090395480226 0.09437086092715231
11 0.3651129943502825 0.08774834437086093 0.09322033898305085 0.10927152317880795
1 0.1419491525423729 0.2980132450331126 0.1292372881355932 0.12748344370860928
6 0.24717514124293785 0.2599337748344371 0.1172316384180791 0.12251655629139073
4 0.3389830508474576 0.22682119205298013 0.11793785310734463 0.13245033112582782
4 0.4378531073446328 0.18874172185430463 0.11087570621468927 0.1357615894039735
10 0.5840395480225988 0.24503311258278146 0.0925141242937853 0.23013245033112584
1 0.652542372881356 0.2433774834437086 0.0635593220338983 0.23013245033112584
5 0.7048022598870056 0.23841059602649006 0.06779661016949153 0.23178807947019867
11 0.7627118644067796 0.23509933774834438 0.07556497175141243 0.23509933774834438
6 0.8206214689265536 0.23344370860927152 0.06497175141242938 0.2433774834437086
8 0.8721751412429378 0.23509933774834438 0.062146892655367235 0.24172185430463577
9 0.9180790960451978 0.23013245033112584 0.059322033898305086 0.23344370860927152
3 0.9675141242937854 0.22847682119205298 0.0635593220338983 0.23509933774834438
10 0.07838983050847458 0.5562913907284768 0.15677966101694915 0.33774834437086093
2 0.23164514018878393 0.6218648969975512 0.1252810768224312 0.3007568951285813
13 0.37090164907871903 0.6745297149626023 0.1945074034623977 0.3823505248176944
4 0.4865819209039548 0.7284768211920529 0.046610169491525424 0.32450331125827814
10 0.7810734463276836 0.5115894039735099 0.18361581920903955 0.24834437086092714
1 0.9371468926553672 0.5016556291390728 0.1228813559322034 0.22847682119205298
4 0.7062146892655368 0.8112582781456954 0.22033898305084745 0.37748344370860926
5 0.9011299435028248 0.8013245033112583 0.1977401129943503 0.3973509933774834