10 0.16521739130434782 0.21264367816091953 0.11195652173913044 0.14367816091954022
1 0.25 0.1810344827586207 0.07065217391304347 0.13505747126436782
2 0.3 0.15804597701149425 0.07065217391304347 0.1206896551724138
11 0.3630434782608696 0.1206896551724138 0.0891304347826087 0.14367816091954022
1 0.13695652173913042 0.3879310344827586 0.12282608695652174 0.16666666666666666
6 0.2391304347826087 0.33620689655172414 0.11195652173913044 0.15517241379310345
4 0.3293478260869565 0.28735632183908044 0.11630434782608695 0.16666666666666666
4 0.425 0.23850574712643677 0.10869565217391304 0.16954022988505746
10 0.591304347826087 0.11206896551724138 0.1 0.22413793103448276
7 0.6797944675807285 0.1381497200353653 0.06886244988634553 0.21693851163275574
4 0.7626801067364197 0.19701391341234445 0.06865994663179015 0.20544425875919253
18 0.8307533610968741 0.23054647706351955 0.07629545366227988 0.2696668455546519
6 0.9080523402029531 0.29719453010328617 0.06689104009742279 0.2280980325093651
8 0.9706521739130435 0.32471264367816094 0.058695652173913045 0.21264367816091953
10 0.05434782608695652 0.6494252873563219 0.0967391304347826 0.11781609195402298
18 0.23152173913043478 0.75 0.07608695652173914 0.10344827586206896
6 0.11521739130434783 0.6839080459770115 0.059782608695652176 0.07471264367816093
8 0.17717391304347826 0.7183908045977011 0.059782608695652176 0.07471264367816093
3 0.28152173913043477 0.7816091954022989 0.0641304347826087 0.08620689655172414
1 0.3402173913043478 0.8218390804597702 0.0641304347826087 0.09482758620689655
3 0.4043478260869565 0.8591954022988506 0.06956521739130435 0.09770114942528736
0 0.4706521739130435 0.896551724137931 0.0641304347826087 0.08620689655172414
10 0.6456521739130435 0.7931034482758621 0.1826086956521739 0.41379310344827586
3 0.7733947975699019 0.7855072514541812 0.11320434653076399 0.3957122126783285
11 0.8882846195570934 0.7599772330184004 0.15284103944976118 0.43047302080740735
6 0.9739130434782609 0.7155172413793104 0.05217391304347826 0.40804597701149425