2 0.08333333333333333 0.14887640449438203 0.16666666666666666 0.29775280898876405
4 0.20606060606060606 0.17134831460674158 0.2 0.34269662921348315
8 0.3606060606060606 0.17134831460674158 0.19393939393939394 0.34269662921348315
4 0.5454545454545454 0.14606741573033707 0.17575757575757575 0.29213483146067415
5 0.6833333333333333 0.1544943820224719 0.21515151515151515 0.3089887640449438
2 0.8333333333333334 0.11797752808988764 0.22424242424242424 0.23595505617977527
10 0.10606060606060606 0.4747191011235955 0.1393939393939394 0.21910112359550563
1 0.191756730772458 0.5035753571490773 0.09993200257858598 0.24747557964504543
4 0.2697700344474075 0.5533837040576339 0.11522457990195296 0.2605116164926738
11 0.3554296267840405 0.6079099875985562 0.127486854195017 0.2731876369820123
7 0.030303030303030304 0.6460674157303371 0.06060606060606061 0.38202247191011235
5 0.10662865524478134 0.733116955134984 0.17103959399407426 0.3681155064475062
9 0.23030303030303031 0.8202247191011236 0.17575757575757575 0.3595505617977528
9 0.3575757575757576 0.8623595505617978 0.17575757575757575 0.2752808988764045
10 0.5227272727272727 0.5056179775280899 0.11060606060606061 0.2808988764044944
2 0.6136363636363636 0.550561797752809 0.0803030303030303 0.36797752808988765
0 0.6606060606060606 0.5926966292134831 0.07424242424242425 0.3455056179775281
11 0.7333333333333333 0.6741573033707865 0.09242424242424242 0.38202247191011235
4 0.8015151515151515 0.7387640449438202 0.07575757575757576 0.351123595505618
9 0.843939393939394 0.7612359550561798 0.07424242424242425 0.32303370786516855
9 0.8848484848484849 0.7752808988764045 0.07121212121212121 0.2752808988764045
0 0.9257575757575758 0.7949438202247191 0.07575757575757576 0.21910112359550563