17 0.061526479750778816 0.1494413407821229 0.06074766355140187 0.21927374301675978
5 0.1043613707165109 0.1564245810055866 0.035046728971962614 0.18156424581005587
6 0.13707165109034267 0.16899441340782123 0.04127725856697819 0.19134078212290503
18 0.17133956386292834 0.17737430167597765 0.048286604361370715 0.20670391061452514
9 0.02881619937694704 0.36312849162011174 0.05763239875389408 0.3016759776536313
2 0.07866043613707165 0.388268156424581 0.0630841121495327 0.3016759776536313
4 0.13006230529595014 0.3952513966480447 0.06931464174454828 0.308659217877095
8 0.19080996884735202 0.4036312849162011 0.06931464174454828 0.30307262569832405
10 0.42445482866043616 0.11592178770949721 0.14797507788161993 0.23044692737430167
8 0.5809968847352025 0.15083798882681565 0.1043613707165109 0.1941340782122905
2 0.661993769470405 0.1634078212290503 0.09813084112149532 0.1941340782122905
18 0.7811526479750779 0.19972067039106145 0.1261682242990654 0.2164804469273743
8 0.3341121495327103 0.3575418994413408 0.1690031152647975 0.30307262569832405
5 0.48520249221183803 0.3924581005586592 0.18847352024922118 0.29748603351955305
4 0.6433021806853583 0.43156424581005587 0.1822429906542056 0.2918994413407821
1 0.809190031152648 0.45251396648044695 0.1939252336448598 0.26675977653631283
1 0.15186915887850466 0.6689944134078212 0.1853582554517134 0.12011173184357542
10 0.31931464174454827 0.7220670391061452 0.14018691588785046 0.22625698324022347
1 0.4182242990654206 0.7472067039106145 0.09890965732087227 0.24022346368715083
5 0.4961059190031153 0.7667597765363129 0.10514018691588785 0.24441340782122906
11 0.5809968847352025 0.7891061452513967 0.11682242990654206 0.24441340782122906
6 0.6674454828660437 0.8156424581005587 0.10358255451713395 0.25139664804469275
8 0.7422118380062306 0.8393854748603352 0.09890965732087227 0.25139664804469275
9 0.8123052959501558 0.8561452513966481 0.09190031152647975 0.2346368715083799
3 0.8839563862928349 0.8631284916201117 0.09813084112149532 0.2122905027932961