10 0.04417879417879418 0.044573643410852716 0.06652806652806653 0.0872093023255814
7 0.08523908523908524 0.0562015503875969 0.04625779625779626 0.1065891472868217
7 0.12214137214137215 0.08817829457364341 0.05041580041580042 0.1511627906976744
18 0.17463617463617465 0.15503875968992248 0.06756756756756757 0.17248062015503876
9 0.2609147609147609 0.2655038759689923 0.05145530145530146 0.13953488372093023
1 0.31185031185031187 0.33430232558139533 0.04365904365904366 0.1385658914728682
7 0.34511434511434513 0.38372093023255816 0.04417879417879418 0.1511627906976744
1 0.3737006237006237 0.4050387596899225 0.03170478170478171 0.10852713178294573
7 0.590956340956341 0.1937984496124031 0.31704781704781704 0.3875968992248062
4 0.8586278586278586 0.24709302325581395 0.28274428274428276 0.42441860465116277
10 0.05093555093555094 0.6094961240310077 0.10187110187110188 0.3003875968992248
4 0.13097713097713098 0.6385658914728682 0.07744282744282745 0.3439922480620155
11 0.1995841995841996 0.6928294573643411 0.0867983367983368 0.3808139534883721
9 0.27234927234927236 0.7616279069767442 0.06964656964656965 0.35658914728682173
4 0.32588357588357586 0.8042635658914729 0.06964656964656965 0.3653100775193798
0 0.3659043659043659 0.8352713178294574 0.0472972972972973 0.32945736434108525
13 0.5436590436590436 0.5300387596899225 0.17151767151767153 0.13953488372093023
4 0.7125779625779626 0.5910852713178295 0.16164241164241164 0.22189922480620156
18 0.9012474012474012 0.6821705426356589 0.19386694386694386 0.21705426356589147
1 0.4984407484407484 0.689922480620155 0.1554054054054054 0.2751937984496124
2 0.5966735966735967 0.7781007751937985 0.14241164241164242 0.2858527131782946
4 0.7333679833679834 0.8236434108527132 0.16735966735966737 0.26647286821705424
3 0.8726611226611226 0.876937984496124 0.15280665280665282 0.24612403100775193