7 0.013888888888888888 0.15756302521008403 0.027777777777777776 0.13025210084033614
7 0.06039943815166454 0.18212378982733812 0.07042203509180678 0.1447734629695361
18 0.15318644229300388 0.20902815441171035 0.09633735324983159 0.1598257053002077
9 0.30537984032615 0.2555140423078069 0.07458881626831267 0.1284561803432334
1 0.3958625229107366 0.2868648075958346 0.05965823208529727 0.13118954082718343
7 0.4556003132552932 0.3127488519159622 0.06032102499079668 0.14379458284399016
1 0.4962121212121212 0.3235294117647059 0.022727272727272728 0.14285714285714285
10 0.6686539002847735 0.15746334566414286 0.10643836335084154 0.16080458542575354
1 0.7710370930417506 0.14965302472912467 0.06833864450355391 0.15293210428268744
5 0.8287865046698091 0.13772194299883217 0.07405194245955837 0.16602658636226714
11 0.9201374575158995 0.13731538321345654 0.08876159567407386 0.15909154520604818
6 0.6306159958874668 0.3511886565125869 0.12007426894784859 0.22901035630760203
5 0.7480402383117092 0.3398091750531154 0.12720816458660658 0.22134115505722374
3 0.8548741027620645 0.3442368160878242 0.11732808545409631 0.22456395560394668
6 0.9558080808080808 0.32563025210084034 0.08838383838383838 0.19747899159663865
10 0.03156565656565657 0.5672268907563025 0.06313131313131314 0.13445378151260504
6 0.09217171717171717 0.5861344537815126 0.07323232323232323 0.1722689075630252
7 0.15782828282828282 0.5903361344537815 0.07828282828282829 0.18067226890756302
18 0.24939787644609013 0.6359279829021321 0.09854666293482957 0.20184251202289666
7 0.3986871195653568 0.6995876735343841 0.10501776566808808 0.18156826875571166
2 0.476010101010101 0.7394957983193278 0.06313131313131314 0.18487394957983194
0 0.696967406772914 0.683654270223705 0.18541489176415984 0.27714516381495324
10 0.9090909090909091 0.657563025210084 0.18181818181818182 0.27310924369747897
7 0.61489898989899 0.9348739495798319 0.20959595959595959 0.13025210084033614
5 0.8232323232323232 0.9201680672268907 0.21212121212121213 0.15966386554621848