10 0.06524926686217009 0.06222222222222222 0.10117302052785923 0.12444444444444444
6 0.11730205278592376 0.1111111111111111 0.10190615835777127 0.14
11 0.17668621700879766 0.14444444444444443 0.12096774193548387 0.15333333333333332
5 0.24193548387096775 0.19777777777777777 0.12096774193548387 0.15666666666666668
2 0.30425219941348974 0.2411111111111111 0.10557184750733138 0.14444444444444443
6 0.3614369501466276 0.2922222222222222 0.11803519061583578 0.16111111111111112
7 0.4252199413489736 0.32555555555555554 0.11656891495601172 0.14444444444444443
10 0.5843108504398827 0.06444444444444444 0.1217008797653959 0.1288888888888889
1 0.7062356685794827 0.09118913158023163 0.087786365535107 0.17244519234026304
2 0.7548762412681095 0.11242101287411659 0.08632008987528304 0.1723805322775108
11 0.8472417619902813 0.1428565334279211 0.1081262983451492 0.16890598877435017
5 0.5285923753665689 0.18666666666666668 0.05718475073313783 0.26222222222222225
4 0.6189059018261063 0.23196171223166667 0.19362041099019386 0.25252695228847666
4 0.7888563049853372 0.29 0.20527859237536658 0.23777777777777778
1 0.9230205278592375 0.3288888888888889 0.14222873900293256 0.16
10 0.24771197388957686 0.6995726300114251 0.23612271343160518 0.3231616628716765
4 0.4004952541858414 0.7518338624682077 0.17459596317261186 0.28717726696550067
11 0.46994134897360706 0.7722222222222223 0.060117302052785926 0.2866666666666667
7 0.12096774193548387 0.8911111111111111 0.24193548387096775 0.21777777777777776
1 0.27419354838709675 0.9211111111111111 0.21114369501466276 0.15777777777777777
4 0.40762463343108507 0.9355555555555556 0.18475073313782991 0.1288888888888889
10 0.5366568914956011 0.5422222222222223 0.07331378299120235 0.26555555555555554
1 0.5872434017595308 0.5755555555555556 0.08504398826979472 0.3188888888888889
6 0.6392961876832844 0.6244444444444445 0.08944281524926687 0.3277777777777778
11 0.7096774193548387 0.6833333333333333 0.11143695014662756 0.3377777777777778
1 0.7771260997067448 0.7511111111111111 0.08651026392961877 0.3188888888888889
1 0.8299120234604106 0.8111111111111111 0.08651026392961877 0.3188888888888889
8 0.8797653958944281 0.8322222222222222 0.08431085043988269 0.28
4 0.9391495601173021 0.8511111111111112 0.09970674486803519 0.23444444444444446