10 0.08611111111111111 0.10833333333333334 0.12916666666666668 0.215
6 0.15486111111111112 0.19166666666666668 0.09722222222222222 0.235
11 0.21736111111111112 0.25 0.11736111111111111 0.24833333333333332
5 0.28194444444444444 0.3416666666666667 0.11736111111111111 0.26166666666666666
2 0.34652777777777777 0.4116666666666667 0.10138888888888889 0.235
6 0.40694444444444444 0.5033333333333333 0.11388888888888889 0.2683333333333333
7 0.46944444444444444 0.5633333333333334 0.10972222222222222 0.24166666666666667
10 0.5881944444444445 0.4116666666666667 0.09791666666666667 0.335
1 0.6541666666666667 0.38333333333333336 0.08402777777777778 0.265
5 0.7159722222222222 0.35 0.08402777777777778 0.27166666666666667
11 0.7756944444444445 0.32666666666666666 0.09930555555555555 0.2866666666666667
8 0.8409722222222222 0.29833333333333334 0.08472222222222223 0.28
5 0.8951388888888889 0.27166666666666667 0.08055555555555556 0.25833333333333336
6 0.9493055555555555 0.24833333333333332 0.07291666666666667 0.245
8 0.9791666666666666 0.22333333333333333 0.03958333333333333 0.24333333333333335
0 0.14166666666666666 0.8533333333333334 0.17777777777777778 0.2866666666666667
7 0.2638888888888889 0.855 0.13055555555555556 0.29
9 0.37777777777777777 0.8866666666666667 0.15555555555555556 0.22666666666666666
4 0.6090277777777777 0.8066666666666666 0.10138888888888889 0.19333333333333333
16 0.7222222222222222 0.8383333333333334 0.14444444444444443 0.25666666666666665
7 0.8284722222222223 0.88 0.10972222222222222 0.24
3 0.9125 0.9 0.10555555555555556 0.2
1 0.9736111111111111 0.93 0.05277777777777778 0.14