10 0.09775641025641026 0.1488095238095238 0.13141025641025642 0.29464285714285715
5 0.1778846153846154 0.17559523809523808 0.09455128205128205 0.3482142857142857
9 0.23717948717948717 0.24404761904761904 0.08653846153846154 0.33035714285714285
18 0.29967948717948717 0.3244047619047619 0.10416666666666667 0.39285714285714285
4 0.36538461538461536 0.37202380952380953 0.09294871794871795 0.33630952380952384
8 0.42628205128205127 0.47023809523809523 0.08493589743589744 0.33630952380952384
1 0.47275641025641024 0.5 0.08653846153846154 0.29464285714285715
6 0.5160256410256411 0.5208333333333334 0.05448717948717949 0.23809523809523808
0 0.7836538461538461 0.047619047619047616 0.21474358974358973 0.09523809523809523
1 0.9423076923076923 0.05952380952380952 0.11538461538461539 0.11904761904761904
4 0.6929121056571705 0.2815097640737474 0.2570887663792969 0.4380008151332698
5 0.8815141409890794 0.31378484868827716 0.2349332813264952 0.4424981640234948
6 0.967948717948718 0.35714285714285715 0.0641025641025641 0.4642857142857143
8 0.07692307692307693 0.7946428571428571 0.15384615384615385 0.19642857142857142
6 0.20993589743589744 0.8273809523809523 0.20833333333333334 0.2619047619047619
9 0.358974358974359 0.8482142857142857 0.21153846153846154 0.30357142857142855
1 0.483974358974359 0.8452380952380952 0.14743589743589744 0.2976190476190476
5 0.6538461538461539 0.7648809523809523 0.19230769230769232 0.13690476190476192
6 0.8092948717948718 0.7857142857142857 0.23397435897435898 0.17857142857142858
1 0.9439102564102564 0.7886904761904762 0.11217948717948718 0.18452380952380953