10 0.01720647773279352 0.36538461538461536 0.03441295546558704 0.3717948717948718
5 0.056176416318075746 0.35566183665472856 0.08138491009874148 0.32327265370741115
9 0.1189943140020591 0.3547690011261492 0.07479314563092314 0.2974078578073646
18 0.18478378768626963 0.35719317893220853 0.09013068855800836 0.35562229610405427
4 0.24812057534414422 0.3306593177626036 0.080995742618323 0.30404188447664193
8 0.3145330272969242 0.3523515598426022 0.07289857662642016 0.30374352413128075
1 0.35728744939271256 0.34294871794871795 0.06275303643724696 0.30128205128205127
10 0.4979757085020243 0.4423076923076923 0.21862348178137653 0.38461538461538464
4 0.6659919028340081 0.40705128205128205 0.15789473684210525 0.4551282051282051
11 0.8043210743615147 0.3563398839543035 0.17447513330732964 0.5252725662243325
9 0.9412955465587044 0.2692307692307692 0.11740890688259109 0.48717948717948717
11 0.21356275303643724 0.9294871794871795 0.15587044534412955 0.14102564102564102
9 0.3248987854251012 0.9102564102564102 0.12753036437246965 0.1794871794871795
1 0.5313765182186235 0.9294871794871795 0.12348178137651822 0.14102564102564102
1 0.6234817813765182 0.9038461538461539 0.1214574898785425 0.19230769230769232
11 0.729757085020243 0.8653846153846154 0.15587044534412955 0.2692307692307692
9 0.8421052631578947 0.8461538461538461 0.12955465587044535 0.3076923076923077
3 0.9362348178137652 0.8173076923076923 0.12348178137651822 0.36538461538461536
7 0.979757085020243 0.8173076923076923 0.04048582995951417 0.36538461538461536