0 0.020161290322580645 0.06896551724137931 0.026881720430107527 0.13793103448275862
0 0.06720430107526881 0.11637931034482758 0.0793010752688172 0.22413793103448276
2 0.14112903225806453 0.23706896551724138 0.08333333333333333 0.21551724137931033
18 0.22983870967741934 0.33620689655172414 0.09274193548387097 0.23706896551724138
4 0.3064516129032258 0.46120689655172414 0.0793010752688172 0.20689655172413793
1 0.364247311827957 0.5474137931034483 0.06048387096774194 0.19827586206896552
2 0.42473118279569894 0.6120689655172413 0.06451612903225806 0.10344827586206896
3 0.28360215053763443 0.2974137931034483 0.03225806451612903 0.09913793103448276
0 0.3333333333333333 0.3706896551724138 0.03494623655913978 0.10775862068965517
2 0.3682795698924731 0.4267241379310345 0.03494623655913978 0.10775862068965517
4 0.6048387096774194 0.22844827586206898 0.1935483870967742 0.45689655172413796
11 0.7782258064516129 0.28879310344827586 0.239247311827957 0.5775862068965517
9 0.9381720430107527 0.33620689655172414 0.12365591397849462 0.6724137931034483
10 0.15994623655913978 0.7586206896551724 0.15188172043010753 0.1206896551724138
7 0.2661290322580645 0.7844827586206896 0.10887096774193548 0.10344827586206896
11 0.364247311827957 0.8060344827586207 0.13172043010752688 0.11206896551724138
3 0.06854838709677419 0.8620689655172413 0.12365591397849462 0.1336206896551724
8 0.16801075268817203 0.8879310344827587 0.15725806451612903 0.14224137931034483
9 0.28225806451612906 0.9051724137931034 0.15591397849462366 0.13793103448275862
9 0.40053763440860213 0.9267241379310345 0.1693548387096774 0.1336206896551724
7 0.6129032258064516 0.7801724137931034 0.12903225806451613 0.16379310344827586
11 0.7190860215053764 0.8275862068965517 0.1586021505376344 0.25862068965517243
3 0.8387096774193549 0.8405172413793104 0.12903225806451613 0.28448275862068967
4 0.9220430107526881 0.8362068965517241 0.11827956989247312 0.27586206896551724
3 0.9717741935483871 0.8318965517241379 0.056451612903225805 0.2672413793103448