0 0.03148148148148148 0.26166666666666666 0.04814814814814815 0.10166666666666667
0 0.0824074074074074 0.2633333333333333 0.053703703703703705 0.12666666666666668
2 0.14074074074074075 0.295 0.05648148148148148 0.115
18 0.20555555555555555 0.30666666666666664 0.06296296296296296 0.12
4 0.2657407407407407 0.3383333333333333 0.053703703703703705 0.10833333333333334
1 0.30925925925925923 0.35833333333333334 0.040740740740740744 0.10833333333333334
2 0.3574074074074074 0.39 0.04351851851851852 0.10166666666666667
5 0.4 0.415 0.04351851851851852 0.10833333333333334
3 0.24259259259259258 0.24333333333333335 0.020370370370370372 0.06
0 0.2814814814814815 0.2633333333333333 0.022222222222222223 0.06
2 0.3074074074074074 0.275 0.022222222222222223 0.06
10 0.6336948689139715 0.1378907876087248 0.11671371227874332 0.19569933087204722
2 0.7344914586565947 0.14667133732227522 0.0796120071500549 0.19159026064077486
11 0.8095237927024205 0.14657553787393496 0.09289831057127479 0.20852843522172018
8 0.543821247084061 0.37777325941013185 0.1279130142875441 0.29589326509653197
3 0.6585390597613987 0.3851780437937427 0.1206349430634394 0.30240478438361074
7 0.7752703945197168 0.38428828168891715 0.12625516671064635 0.305854478251635
2 0.8871134272817996 0.3966348858051826 0.12677251144385743 0.33252114491830165
10 0.04722222222222222 0.8116666666666666 0.08148148148148149 0.23833333333333334
5 0.11481481481481481 0.8166666666666667 0.058333333333333334 0.23
11 0.16666666666666666 0.8183333333333334 0.06111111111111111 0.245
4 0.22314814814814815 0.8266666666666667 0.06296296296296296 0.23333333333333334
6 0.27870370370370373 0.825 0.06296296296296296 0.23333333333333334
5 0.32592592592592595 0.8283333333333334 0.05648148148148148 0.24
3 0.3787037037037037 0.825 0.06018518518518518 0.24
0 0.5172515904048529 0.811089534648821 0.15101706698684733 0.24639749408019224
6 0.675617257784012 0.8127391432208434 0.1049147749655053 0.25542782295776856
11 0.7619547072159031 0.8028760648418849 0.08223987610172327 0.2316290474856718
8 0.9045796338543213 0.8041959852322833 0.12151677354052047 0.25244357122850775