0 0.1079136690647482 0.38 0.10071942446043165 0.16
0 0.22122302158273383 0.395 0.11151079136690648 0.19
2 0.3471223021582734 0.465 0.11870503597122302 0.17
18 0.4910071942446043 0.5 0.13309352517985612 0.18
4 0.6205035971223022 0.57 0.11151079136690648 0.16
1 0.7176258992805755 0.615 0.08273381294964029 0.17
2 0.8219424460431655 0.68 0.08992805755395683 0.16
5 0.9154676258992805 0.735 0.08992805755395683 0.17
3 0.5719424460431655 0.405 0.04316546762589928 0.09
0 0.6564748201438849 0.445 0.046762589928057555 0.09
2 0.7140287769784173 0.475 0.046762589928057555 0.09