10 0.12777777777777777 0.08783783783783784 0.10555555555555556 0.17567567567567569
6 0.2111111111111111 0.10135135135135136 0.07222222222222222 0.20270270270270271
1 0.26357411126163743 0.11192114521393695 0.06854735815849256 0.2171203384165674
18 0.32059134428841946 0.11610537164045444 0.09076958038071478 0.21743481570364612
2 0.0840257842098571 0.2850023832712136 0.11152421930723525 0.27852079414065073
9 0.17057362681499352 0.30649125302891367 0.10860086436478235 0.27172472772300915
3 0.25555555555555554 0.3277027027027027 0.11666666666666667 0.2635135135135135
7 0.3541666666666667 0.34121621621621623 0.13055555555555556 0.23648648648648649
18 0.9347222222222222 0.0777027027027027 0.10277777777777777 0.1554054054054054
10 0.125 0.6621621621621622 0.17777777777777778 0.40540540540540543
6 0.2599779416047206 0.7269235938918988 0.13943576260073753 0.4140097162237493
11 0.3736111111111111 0.8074324324324325 0.13055555555555556 0.38513513513513514
10 0.6305555555555555 0.5574324324324325 0.14444444444444443 0.19594594594594594
5 0.7466890788479581 0.5887835221567912 0.09647071310094542 0.22427019178217247
11 0.8435414523340172 0.6374370027546152 0.11927524398186809 0.25161169609627815
3 0.5450700125631059 0.7041375053249991 0.12526753103144903 0.2719605856883182
0 0.6687480064320793 0.7734346979714993 0.12541310819612414 0.2787173424450748
6 0.781096523442929 0.832439516839325 0.12541310819612414 0.27871734244507473
6 0.8958333333333334 0.8783783783783784 0.10833333333333334 0.24324324324324326