10 0.10059760956175298 0.32079646017699115 0.07768924302788845 0.2323008849557522
6 0.1603585657370518 0.2665929203539823 0.052290836653386456 0.2168141592920354
1 0.19671314741035856 0.23119469026548672 0.05029880478087649 0.2234513274336283
18 0.2360557768924303 0.17920353982300885 0.06723107569721115 0.22566371681415928
2 0.09561752988047809 0.5553097345132744 0.08217131474103585 0.2643805309734513
9 0.15786852589641434 0.5066371681415929 0.0801792828685259 0.2809734513274336
3 0.22211155378486055 0.4745575221238938 0.08715139442231076 0.3230088495575221
7 0.2903386454183267 0.3938053097345133 0.09711155378486055 0.30973451327433627
0 0.5428286852589641 0.28207964601769914 0.11703187250996015 0.19247787610619468
1 0.6384462151394422 0.23008849557522124 0.0801792828685259 0.18694690265486727
7 0.7061752988047809 0.18805309734513273 0.10009960159362549 0.19911504424778761
8 0.7993027888446215 0.13495575221238937 0.12101593625498008 0.18915929203539822
4 0.5517928286852589 0.5110619469026548 0.14143426294820718 0.26991150442477874
5 0.6538844621513944 0.45132743362831856 0.13197211155378485 0.26991150442477874
6 0.7569721115537849 0.39823008849557523 0.13197211155378485 0.27323008849557523
1 0.8655378486055777 0.3230088495575221 0.13197211155378485 0.2577433628318584
0 0.11105577689243028 0.9059734513274337 0.22211155378486055 0.18805309734513273
6 0.28087649402390436 0.8827433628318584 0.15737051792828685 0.2345132743362832
10 0.46115537848605576 0.9491150442477876 0.12350597609561753 0.10176991150442478
1 0.5493027888446215 0.9269911504424779 0.09113545816733068 0.10287610619469026
2 0.6065737051792829 0.9048672566371682 0.08814741035856574 0.10619469026548672
11 0.6882470119521913 0.8772123893805309 0.10458167330677291 0.11504424778761062
6 0.7818725099601593 0.8362831858407079 0.10059760956175298 0.10287610619469026
8 0.850597609561753 0.8119469026548672 0.09113545816733068 0.10619469026548672
9 0.9173306772908366 0.7842920353982301 0.0946215139442231 0.10619469026548672
1 0.9701195219123506 0.7643805309734514 0.05826693227091633 0.09623893805309734