18 0.06701030927835051 0.17592592592592593 0.13402061855670103 0.35185185185185186
5 0.06572164948453608 0.38580246913580246 0.13144329896907217 0.16666666666666666
10 0.5322164948453608 0.12654320987654322 0.21262886597938144 0.2191358024691358
4 0.6713917525773195 0.2037037037037037 0.13530927835051546 0.17901234567901234
11 0.7822164948453608 0.25308641975308643 0.17010309278350516 0.19444444444444445
3 0.3247422680412371 0.20679012345679013 0.21391752577319587 0.24074074074074073
7 0.49742268041237114 0.30246913580246915 0.22164948453608246 0.25
2 0.663659793814433 0.36419753086419754 0.20618556701030927 0.20679012345679013
7 0.8376288659793815 0.4012345679012346 0.2190721649484536 0.13580246913580246
18 0.07614471617759873 0.640277384554319 0.09645912555349061 0.22510424439702953
7 0.024484536082474227 0.6080246913580247 0.04896907216494845 0.2037037037037037
9 0.024484536082474227 0.8240740740740741 0.04896907216494845 0.2777777777777778
2 0.08396201619739568 0.8636314644866638 0.11513046902098151 0.263901948983146
10 0.25 0.6141975308641975 0.14432989690721648 0.29012345679012347
1 0.3673533824940238 0.6852584317310031 0.14352910803930696 0.4207381759932948
1 0.4574742268041237 0.7839506172839507 0.16237113402061856 0.43209876543209874
11 0.5567010309278351 0.8364197530864198 0.15463917525773196 0.3271604938271605
9 0.6623711340206185 0.8981481481481481 0.15979381443298968 0.2037037037037037
1 0.7564432989690721 0.9444444444444444 0.15206185567010308 0.1111111111111111