10 0.14752252252252251 0.046296296296296294 0.15765765765765766 0.08950617283950617
5 0.30292792792792794 0.07407407407407407 0.11148648648648649 0.08641975308641975
4 0.3716216216216216 0.08950617283950617 0.1036036036036036 0.08333333333333333
18 0.527027027027027 0.11728395061728394 0.14527027027027026 0.09567901234567901
9 0.10135135135135136 0.13271604938271606 0.18018018018018017 0.11728395061728394
9 0.25563063063063063 0.16358024691358025 0.1858108108108108 0.11728395061728394
7 0.40315315315315314 0.18518518518518517 0.17792792792792791 0.11419753086419752
5 0.5484234234234234 0.2037037037037037 0.17792792792792791 0.09567901234567901
10 0.704954954954955 0.19444444444444445 0.07207207207207207 0.1419753086419753
4 0.7849099099099099 0.19753086419753085 0.10135135135135136 0.13580246913580246
11 0.8738738738738738 0.1882716049382716 0.11261261261261261 0.15432098765432098
2 0.9538288288288288 0.2037037037037037 0.09234234234234234 0.12345679012345678
4 0.05067567567567568 0.5802469135802469 0.10135135135135136 0.5432098765432098
11 0.12906599865859153 0.6194397778033578 0.23288043175335302 0.6199055315557787
2 0.27190075308882167 0.6662855538266029 0.18645606093199832 0.5709455625992663
1 0.3724777012339669 0.6999316468136341 0.20467112548948896 0.5794184390707603
6 0.48423423423423423 0.7160493827160493 0.1981981981981982 0.5679012345679012
6 0.5844594594594594 0.7253086419753086 0.16891891891891891 0.5493827160493827
10 0.777027027027027 0.4876543209876543 0.08108108108108109 0.24074074074074073
1 0.8344594594594594 0.49074074074074076 0.05405405405405406 0.2191358024691358
2 0.8704954954954955 0.4845679012345679 0.05067567567567568 0.19444444444444445
11 0.9144144144144144 0.4660493827160494 0.06644144144144144 0.22839506172839505
1 0.740990990990991 0.7345679012345679 0.09009009009009009 0.27469135802469136
6 0.8130630630630631 0.7129629629629629 0.08220720720720721 0.25617283950617287
4 0.875 0.6975308641975309 0.08220720720720721 0.2716049382716049
4 0.9425675675675675 0.6728395061728395 0.07995495495495496 0.2808641975308642