10 0.13295880149812733 0.12579617834394904 0.09925093632958802 0.1337579617834395
8 0.23595505617977527 0.09872611464968153 0.07209737827715355 0.11305732484076433
2 0.2883895131086142 0.07961783439490445 0.06835205992509363 0.11305732484076433
18 0.36891385767790263 0.06210191082802548 0.08707865168539326 0.12261146496815287
8 0.10486891385767791 0.2914012738853503 0.1348314606741573 0.17197452229299362
5 0.21348314606741572 0.2627388535031847 0.12827715355805244 0.17197452229299362
4 0.31741573033707865 0.2340764331210191 0.12453183520599251 0.16878980891719744
1 0.4297752808988764 0.2085987261146497 0.13295880149812733 0.17834394904458598
7 0.6666666666666666 0.18789808917197454 0.2846441947565543 0.37579617834394907
2 0.8838951310861424 0.15445859872611464 0.23220973782771537 0.3089171974522293
10 0.20938067839468005 0.5430856080800698 0.20961627499718027 0.2841964180468112
6 0.3792134831460674 0.4888535031847134 0.14794007490636704 0.2197452229299363
0 0.4700374531835206 0.46337579617834396 0.09737827715355805 0.16878980891719744
9 0.1956928838951311 0.8407643312101911 0.22284644194756553 0.3184713375796178
2 0.37920887833594596 0.7774729829952663 0.21785655617645802 0.3323564200617577
8 0.47752808988764045 0.7070063694267515 0.08239700374531835 0.34394904458598724
10 0.6338951310861424 0.535031847133758 0.12453183520599251 0.16719745222929935
2 0.7387640449438202 0.5111464968152867 0.09831460674157304 0.14968152866242038
16 0.8136704119850188 0.49363057324840764 0.11235955056179775 0.17038216560509553
5 0.647003745318352 0.7245222929936306 0.10486891385767791 0.19904458598726116
0 0.7172284644194756 0.6990445859872612 0.11142322097378277 0.21019108280254778
9 0.7930711610486891 0.6735668789808917 0.11235955056179775 0.21815286624203822
5 0.8651685393258427 0.6544585987261147 0.10112359550561797 0.19745222929936307