10 0.22340425531914893 0.12362637362637363 0.18439716312056736 0.24725274725274726
8 0.39958704186750993 0.20974261309650047 0.13410090139490152 0.21773836449129583
2 0.46808510638297873 0.24175824175824176 0.07801418439716312 0.2087912087912088
8 0.10460992907801418 0.30494505494505497 0.20921985815602837 0.2692307692307692
5 0.26773049645390073 0.3489010989010989 0.23049645390070922 0.1813186813186813
4 0.42021276595744683 0.39285714285714285 0.17375886524822695 0.09340659340659341
2 0.950354609929078 0.07692307692307693 0.09929078014184398 0.15384615384615385
8 0.6187943262411347 0.20604395604395603 0.22340425531914893 0.41208791208791207
3 0.7730496453900709 0.21978021978021978 0.3049645390070922 0.43956043956043955
7 0.9131205673758865 0.27197802197802196 0.17375886524822695 0.33516483516483514
10 0.1702127659574468 0.5741758241758241 0.10638297872340426 0.21703296703296704
18 0.41134751773049644 0.7225274725274725 0.10106382978723404 0.22252747252747251
6 0.26595744680851063 0.6456043956043956 0.10106382978723404 0.22802197802197802
3 0.33156028368794327 0.6895604395604396 0.09219858156028368 0.23626373626373626
4 0.0851063829787234 0.7884615384615384 0.14184397163120568 0.2857142857142857
5 0.20035460992907803 0.8598901098901099 0.14716312056737588 0.2802197802197802
7 0.3191489361702128 0.8956043956043956 0.13120567375886524 0.2087912087912088
2 0.425531914893617 0.9313186813186813 0.11524822695035461 0.1346153846153846
10 0.5762411347517731 0.6126373626373627 0.11702127659574468 0.34615384615384615
2 0.6773049645390071 0.6978021978021978 0.08333333333333333 0.33791208791208793
0 0.7216312056737588 0.75 0.07801418439716312 0.3489010989010989
11 0.8014184397163121 0.8296703296703297 0.09929078014184398 0.34065934065934067
4 0.8705673758865248 0.8736263736263736 0.08156028368794327 0.25274725274725274
9 0.9166666666666666 0.9065934065934066 0.07624113475177305 0.18681318681318682
9 0.9592198581560284 0.9313186813186813 0.06560283687943262 0.13736263736263737