10 0.028846153846153848 0.12912087912087913 0.05631868131868132 0.11263736263736264
8 0.061813186813186816 0.12637362637362637 0.05631868131868132 0.09340659340659341
7 0.09340659340659341 0.12362637362637363 0.05631868131868132 0.09340659340659341
18 0.1662087912087912 0.13186813186813187 0.08516483516483517 0.12087912087912088
6 0.2706043956043956 0.15934065934065933 0.07005494505494506 0.10989010989010989
8 0.34203296703296704 0.17307692307692307 0.07005494505494506 0.11263736263736264
9 0.39285714285714285 0.18681318681318682 0.07280219780219781 0.10714285714285714
5 0.4491758241758242 0.20054945054945056 0.0673076923076923 0.11813186813186813
1 0.532967032967033 0.12912087912087913 0.08791208791208792 0.25824175824175827
3 0.6483516483516484 0.07417582417582418 0.1978021978021978 0.14835164835164835
6 0.03571428571428571 0.46153846153846156 0.07142857142857142 0.2087912087912088
13 0.20467032967032966 0.4175824175824176 0.25 0.12087912087912088
4 0.11401098901098901 0.7142857142857143 0.22802197802197802 0.46153846153846156
7 0.31847423626942856 0.5997455829559538 0.25800099691761225 0.4816880163780052
10 0.5755494505494505 0.8186813186813187 0.17307692307692307 0.3626373626373626
4 0.7029315703661417 0.7617493549501985 0.1285564420683102 0.33952122314744004
11 0.7997251932857538 0.7264408894845151 0.15417740426565707 0.37999771709293273
1 0.9008316283559745 0.6825548398630812 0.13718206636952796 0.35667639145894114
2 0.9615384615384616 0.6236263736263736 0.07692307692307693 0.34615384615384615