10 0.03571428571428571 0.18371212121212122 0.0546218487394958 0.23674242424242425
8 0.07352941176470588 0.19507575757575757 0.038865546218487396 0.20075757575757575
7 0.09873949579831932 0.21401515151515152 0.038865546218487396 0.19128787878787878
18 0.15861344537815125 0.2803030303030303 0.058823529411764705 0.2537878787878788
6 0.24579831932773108 0.4090909090909091 0.046218487394957986 0.22727272727272727
8 0.30567226890756305 0.48674242424242425 0.046218487394957986 0.23484848484848486
9 0.3476890756302521 0.5511363636363636 0.051470588235294115 0.21022727272727273
5 0.3855042016806723 0.6231060606060606 0.0273109243697479 0.23295454545454544
0 0.6292016806722689 0.11553030303030302 0.17016806722689076 0.23106060606060605
6 0.8088235294117647 0.11363636363636363 0.11764705882352941 0.22727272727272727
11 0.9054621848739496 0.10037878787878787 0.09663865546218488 0.20075757575757575
10 0.5557225589216979 0.45569133600405887 0.19653927275638813 0.37009857434159826
3 0.7668203457086035 0.45540440925394854 0.20082650974940644 0.39683415788885995
3 0.9327731092436975 0.44886363636363635 0.13445378151260504 0.4053030303030303
0 0.0934873949579832 0.8390151515151515 0.12815126050420167 0.14015151515151514
6 0.20063025210084034 0.7973484848484849 0.0861344537815126 0.056818181818181816
5 0.10189075630252101 0.9545454545454546 0.12815126050420167 0.09090909090909091
3 0.21008403361344538 0.9185606060606061 0.13445378151260504 0.16287878787878787
10 0.31092436974789917 0.8863636363636364 0.12184873949579832 0.22727272727272727
1 0.3792016806722689 0.8560606060606061 0.03991596638655462 0.17424242424242425
10 0.5724789915966386 0.8484848484848485 0.14495798319327732 0.07575757575757576
3 0.6964285714285714 0.8428030303030303 0.10504201680672269 0.07196969696969698
11 0.8004201680672269 0.8352272727272727 0.12394957983193278 0.06818181818181818
2 0.4989495798319328 0.9450757575757576 0.148109243697479 0.10984848484848485
6 0.6449579831932774 0.9375 0.15441176470588236 0.10795454545454546
0 0.7836134453781513 0.9261363636363636 0.13655462184873948 0.09848484848484848
8 0.9191176470588235 0.9128787878787878 0.15966386554621848 0.10795454545454546