10 0.07015306122448979 0.24 0.10459183673469388 0.256
8 0.1556122448979592 0.276 0.05994897959183673 0.214
2 0.20790816326530612 0.326 0.05102040816326531 0.198
18 0.2512755102040816 0.36 0.0548469387755102 0.214
1 0.2971938775510204 0.388 0.047193877551020405 0.198
5 0.3392857142857143 0.414 0.05739795918367347 0.202
4 0.4030612244897959 0.458 0.04846938775510204 0.192
5 0.44387755102040816 0.49 0.0548469387755102 0.218
10 0.8206083783315311 0.22887000756170603 0.15182544236118878 0.19332646519689786
5 0.951530612244898 0.182 0.09693877551020408 0.188
9 0.7502927431497791 0.5014285192235577 0.19249722814459364 0.26567553498555524
2 0.9087179713685417 0.45399733309006274 0.18162467993945283 0.24558244970857981
10 0.16581632653061223 0.78 0.13010204081632654 0.096
1 0.26913265306122447 0.782 0.0778061224489796 0.09
14 0.36989795918367346 0.782 0.125 0.09
4 0.09311224489795919 0.906 0.12244897959183673 0.132
6 0.21683673469387754 0.91 0.13520408163265307 0.134
0 0.3252551020408163 0.912 0.10586734693877552 0.13
6 0.42346938775510207 0.918 0.11734693877551021 0.14
7 0.6760204081632653 0.708 0.07142857142857142 0.056
18 0.7665816326530612 0.73 0.09438775510204081 0.1
9 0.9148515926863647 0.7717297129187588 0.07543937086349797 0.12065159693882697
1 0.9846938775510204 0.81 0.030612244897959183 0.124