10 0.04571984435797665 0.358974358974359 0.0914396887159533 0.25256410256410255
8 0.11867704280155641 0.3153846153846154 0.08657587548638132 0.21666666666666667
2 0.17996108949416342 0.2987179487179487 0.07392996108949416 0.1935897435897436
18 0.23054474708171208 0.2794871794871795 0.08073929961089495 0.21153846153846154
1 0.2821011673151751 0.25256410256410255 0.07003891050583658 0.18846153846153846
5 0.33073929961089493 0.23076923076923078 0.08268482490272373 0.20384615384615384
4 0.4027237354085603 0.1987179487179487 0.07198443579766536 0.18846153846153846
5 0.45038910505836577 0.18205128205128204 0.08073929961089495 0.21153846153846154
10 0.5447470817120622 0.2423076923076923 0.07003891050583658 0.34615384615384615
6 0.622568093385214 0.13205128205128205 0.1867704280155642 0.2641025641025641
11 0.7577821011673151 0.08461538461538462 0.20817120622568094 0.16923076923076924
8 0.6760700389105059 0.3384615384615385 0.25486381322957197 0.30256410256410254
4 0.8881322957198443 0.19743589743589743 0.2237354085603113 0.358974358974359
10 0.05544747081712062 0.9102564102564102 0.10603112840466926 0.17692307692307693
1 0.122568093385214 0.8641025641025641 0.08171206225680934 0.2358974358974359
5 0.17607003891050585 0.8205128205128205 0.08657587548638132 0.3
11 0.23443579766536965 0.7653846153846153 0.0933852140077821 0.37051282051282053
6 0.29377431906614787 0.6884615384615385 0.08560311284046693 0.36923076923076925
8 0.3463035019455253 0.6461538461538462 0.08171206225680934 0.3128205128205128
9 0.3939688715953307 0.6076923076923076 0.07684824902723736 0.2358974358974359
3 0.44357976653696496 0.5756410256410256 0.08171206225680934 0.1717948717948718
3 0.7392996108949417 0.6435897435897436 0.02821011673151751 0.10256410256410256
0 0.7704280155642024 0.6025641025641025 0.027237354085603113 0.1064102564102564
1 0.7908560311284046 0.5820512820512821 0.032101167315175094 0.11923076923076924
0 0.5535019455252919 0.958974358974359 0.0632295719844358 0.07564102564102564
2 0.5982490272373541 0.9230769230769231 0.06614785992217899 0.1294871794871795
3 0.6449416342412452 0.8858974358974359 0.0651750972762646 0.18333333333333332
11 0.7159533073929961 0.8243589743589743 0.08365758754863813 0.2692307692307692
5 0.7811284046692607 0.7346153846153847 0.0651750972762646 0.22948717948717948
0 0.8268482490272373 0.6884615384615385 0.05933852140077821 0.21666666666666667
2 0.8706225680933852 0.6294871794871795 0.06420233463035019 0.22564102564102564
8 0.9163424124513618 0.5871794871794872 0.06614785992217899 0.19487179487179487