10 0.11435331230283911 0.13221153846153846 0.11356466876971609 0.20673076923076922
6 0.18454258675078863 0.21153846153846154 0.07570977917981073 0.17067307692307693
1 0.25709779179810727 0.2932692307692308 0.07570977917981073 0.1658653846153846
18 0.31624605678233436 0.3629807692307692 0.08911671924290221 0.1875
1 0.37933753943217663 0.44471153846153844 0.07807570977917981 0.1875
0 0.4550473186119874 0.5096153846153846 0.06466876971608833 0.1346153846153846
2 0.5205047318611987 0.5408653846153846 0.07255520504731862 0.07211538461538461
0 0.6790220820189274 0.3485576923076923 0.16246056782334384 0.4567307692307692
10 0.8249211356466877 0.39903846153846156 0.11356466876971609 0.3557692307692308
9 0.9345425867507886 0.4495192307692308 0.1309148264984227 0.2548076923076923
0 0.2531545741324921 0.7163461538461539 0.08990536277602523 0.125
3 0.32413249211356465 0.7451923076923077 0.061514195583596214 0.10817307692307693
18 0.37066246056782337 0.7668269230769231 0.06466876971608833 0.10576923076923077
9 0.4242902208201893 0.7884615384615384 0.07570977917981073 0.11057692307692307
4 0.1529968454258675 0.8221153846153846 0.11829652996845426 0.1658653846153846
1 0.24842271293375395 0.8629807692307693 0.1167192429022082 0.16105769230769232
5 0.34463722397476343 0.9014423076923077 0.11514195583596215 0.16346153846153846
1 0.444794952681388 0.9326923076923077 0.1167192429022082 0.13221153846153846
10 0.7342271293375394 0.7067307692307693 0.11198738170347003 0.17548076923076922
5 0.8130914826498423 0.75 0.0749211356466877 0.15384615384615385
11 0.8801261829652997 0.7860576923076923 0.08990536277602523 0.16346153846153846
3 0.6703470031545742 0.8485576923076923 0.12697160883280756 0.22596153846153846
2 0.7791798107255521 0.8990384615384616 0.11514195583596215 0.20192307692307693
4 0.8903785488958991 0.9326923076923077 0.14037854889589904 0.1346153846153846