10 0.01903292181069959 0.18769230769230769 0.03806584362139918 0.20307692307692307
6 0.060699588477366256 0.24153846153846154 0.038580246913580245 0.1776923076923077
1 0.11522633744855967 0.29923076923076924 0.038580246913580245 0.1723076923076923
18 0.1610082304526749 0.35 0.045781893004115226 0.1930769230769231
1 0.20987654320987653 0.41384615384615386 0.038580246913580245 0.1976923076923077
0 0.2664609053497942 0.4623076923076923 0.03137860082304527 0.1723076923076923
2 0.31635802469135804 0.4976923076923077 0.037037037037037035 0.16230769230769232
10 0.5261796702062499 0.15846153846153846 0.1737253485720385 0.2276923076923077
1 0.7037037037037037 0.10846153846153846 0.10082304526748971 0.2169230769230769
5 0.7875514403292181 0.09461538461538462 0.09156378600823045 0.18923076923076923
11 0.9022633744855967 0.06153846153846154 0.11728395061728394 0.12307692307692308
4 0.4742798353909465 0.4576923076923077 0.1934156378600823 0.3030769230769231
7 0.6579500229736048 0.4015384615384615 0.18623861938963793 0.27076923076923076
0 0.8300779499077414 0.32 0.15952556072591964 0.28
6 0.9557613168724279 0.2623076923076923 0.08847736625514403 0.3030769230769231
10 0.09567901234567901 0.7215384615384616 0.07407407407407407 0.13923076923076924
5 0.1743827160493827 0.7253846153846154 0.062242798353909466 0.13923076923076924
11 0.24537037037037038 0.7315384615384616 0.07150205761316872 0.13923076923076924
3 0.032407407407407406 0.8976923076923077 0.06481481481481481 0.1723076923076923
3 0.10905349794238683 0.9123076923076923 0.07047325102880658 0.1753846153846154
7 0.1918724279835391 0.9138461538461539 0.07407407407407407 0.1723076923076923
1 0.27314814814814814 0.9153846153846154 0.07253086419753087 0.16923076923076924
10 0.45987654320987653 0.7115384615384616 0.13991769547325103 0.10461538461538461
1 0.5967078189300411 0.7115384615384616 0.07304526748971193 0.09538461538461539
0 0.6718106995884774 0.7069230769230769 0.07818930041152264 0.09538461538461539
11 0.7618312757201646 0.7023076923076923 0.10390946502057613 0.10461538461538461
3 0.3904320987654321 0.8907692307692308 0.10185185185185185 0.1453846153846154
8 0.5339506172839507 0.8861538461538462 0.1558641975308642 0.1453846153846154
7 0.7067901234567902 0.8838461538461538 0.1712962962962963 0.15
1 0.8744855967078189 0.8838461538461538 0.1558641975308642 0.15