10 0.047018348623853214 0.02099236641221374 0.09403669724770643 0.04198473282442748
7 0.11811926605504587 0.07251908396946564 0.08944954128440367 0.1450381679389313
8 0.1927701942216617 0.15002596960658782 0.0920119550483181 0.19013913814260383
18 0.2628053569330787 0.23247912816982272 0.10806700091987774 0.1913835283709788
1 0.32339449541284404 0.30725190839694655 0.0871559633027523 0.16412213740458015
1 0.3795871559633027 0.3530534351145038 0.08486238532110092 0.07251908396946564
3 0.4288990825688073 0.37786259541984735 0.0779816513761468 0.022900763358778626
3 0.9438073394495413 0.09351145038167939 0.11238532110091744 0.18702290076335878
10 0.05389908256880734 0.5095419847328244 0.10779816513761468 0.24045801526717558
1 0.11926605504587157 0.5324427480916031 0.07339449541284404 0.2862595419847328
6 0.1628440366972477 0.5706106870229007 0.07568807339449542 0.3511450381679389
11 0.2213302752293578 0.6297709923664122 0.09403669724770643 0.3683206106870229
5 0.29357798165137616 0.7118320610687023 0.10321100917431193 0.39122137404580154
5 0.3555045871559633 0.7767175572519084 0.09862385321100918 0.3549618320610687
4 0.4197247706422018 0.8110687022900763 0.09403669724770643 0.26908396946564883
9 0.47477064220183485 0.8377862595419847 0.08142201834862385 0.1965648854961832
10 0.6880733944954128 0.6106870229007634 0.11697247706422019 0.22709923664122136
1 0.7637614678899083 0.6335877862595419 0.08371559633027523 0.20610687022900764
0 0.8142201834862385 0.6526717557251909 0.08142201834862385 0.21564885496183206
11 0.8795871559633027 0.6698473282442748 0.11238532110091744 0.23091603053435114
3 0.6089449541284404 0.7843511450381679 0.143348623853211 0.2958015267175573
9 0.7121559633027523 0.8320610687022901 0.143348623853211 0.2919847328244275
7 0.8107798165137615 0.8568702290076335 0.1353211009174312 0.24618320610687022
4 0.9151376146788991 0.8625954198473282 0.13990825688073394 0.21564885496183206