10 0.06872852233676977 0.3004032258064516 0.12371134020618557 0.19556451612903225
7 0.17096219931271478 0.3024193548387097 0.08419243986254296 0.16330645161290322
8 0.25257731958762886 0.3004032258064516 0.08419243986254296 0.1693548387096774
18 0.3290378006872852 0.2923387096774194 0.09879725085910653 0.17338709677419356
1 0.39776632302405496 0.29435483870967744 0.08161512027491409 0.15120967741935484
1 0.4690721649484536 0.31048387096774194 0.08075601374570447 0.16532258064516128
3 0.5197594501718213 0.2963709677419355 0.07646048109965636 0.1592741935483871
6 0.5713058419243986 0.2923387096774194 0.07560137457044673 0.14919354838709678
0 0.6572164948453608 0.09475806451612903 0.07731958762886598 0.18951612903225806
6 0.7336769759450171 0.034274193548387094 0.12371134020618557 0.06854838709677419
4 0.7018900343642611 0.32661290322580644 0.16666666666666666 0.4838709677419355
10 0.8273195876288659 0.23790322580645162 0.19759450171821305 0.47580645161290325
11 0.9338487972508591 0.1875 0.1323024054982818 0.375
10 0.07989690721649484 0.8387096774193549 0.07731958762886598 0.12096774193548387
18 0.30498281786941583 0.7741935483870968 0.070446735395189 0.12096774193548387
3 0.1486254295532646 0.8185483870967742 0.06013745704467354 0.0967741935483871
3 0.22766323024054982 0.7923387096774194 0.05670103092783505 0.0907258064516129
5 0.44329896907216493 0.7338709677419355 0.06958762886597938 0.10887096774193548
0 0.4957044673539519 0.7237903225806451 0.0661512027491409 0.10080645161290322
8 0.5506872852233677 0.7116935483870968 0.0661512027491409 0.1028225806451613
15 0.7603092783505154 0.9254032258064516 0.22164948453608246 0.14919354838709678
1 0.936426116838488 0.8669354838709677 0.12714776632302405 0.2661290322580645
13 0.9802405498281787 0.8064516129032258 0.03951890034364261 0.3870967741935484