10 0.09472049689440994 0.10394736842105264 0.09006211180124224 0.19736842105263158
8 0.17003105590062112 0.14736842105263157 0.06133540372670807 0.21842105263157896
11 0.22437888198757763 0.19210526315789472 0.06832298136645963 0.2236842105263158
9 0.03493788819875776 0.2578947368421053 0.06909937888198758 0.32105263157894737
6 0.09627329192546584 0.3368421052631579 0.09937888198757763 0.3473684210526316
6 0.16847826086956522 0.4039473684210526 0.0986024844720497 0.34210526315789475
1 0.23680124223602483 0.4421052631578947 0.08229813664596274 0.29473684210526313
10 0.375 0.12368421052631579 0.15062111801242237 0.24736842105263157
1 0.46506211180124224 0.1736842105263158 0.11335403726708075 0.32894736842105265
9 0.5364906832298136 0.21052631578947367 0.11645962732919254 0.3881578947368421
11 0.6187888198757764 0.3 0.14751552795031056 0.4513157894736842
7 0.702639751552795 0.39210526315789473 0.12111801242236025 0.39473684210526316
5 0.7740683229813664 0.425 0.11956521739130435 0.32894736842105265
2 0.842391304347826 0.4631578947368421 0.1172360248447205 0.25263157894736843
3 0.9145962732919255 0.5 0.12422360248447205 0.17894736842105263
4 0.042701863354037264 0.8223684210526315 0.08540372670807453 0.25526315789473686
18 0.10559006211180125 0.881578947368421 0.14906832298136646 0.23684210526315788
10 0.42934782608695654 0.6907894736842105 0.18322981366459629 0.15394736842105264
1 0.5489130434782609 0.7157894736842105 0.14673913043478262 0.14736842105263157
5 0.6381987577639752 0.7355263157894737 0.1529503105590062 0.14736842105263157
11 0.7531055900621118 0.7592105263157894 0.17158385093167702 0.15657894736842104
8 0.3687888198757764 0.8171052631578948 0.13819875776397517 0.19736842105263158
8 0.47593167701863354 0.85 0.20729813664596272 0.19605263157894737
8 0.6281055900621118 0.8828947368421053 0.20419254658385094 0.19605263157894737
4 0.7732919254658385 0.9052631578947369 0.21428571428571427 0.18947368421052632