10 0.2372093023255814 0.16237113402061856 0.17325581395348838 0.26288659793814434
8 0.3825581395348837 0.2268041237113402 0.11395348837209303 0.22938144329896906
11 0.48953488372093024 0.26804123711340205 0.1313953488372093 0.2345360824742268
9 0.0941860465116279 0.3556701030927835 0.1883720930232558 0.3402061855670103
6 0.2453488372093023 0.4381443298969072 0.1872093023255814 0.36082474226804123
6 0.3883720930232558 0.4845360824742268 0.18488372093023256 0.327319587628866
1 0.5232558139534884 0.5128865979381443 0.1558139534883721 0.27319587628865977
10 0.7686046511627908 0.20103092783505155 0.09534883720930233 0.22164948453608246
5 0.8383720930232558 0.25257731958762886 0.07093023255813953 0.2036082474226804
11 0.8988372093023256 0.2912371134020619 0.08255813953488372 0.21391752577319587
4 0.686046511627907 0.37628865979381443 0.11744186046511627 0.2860824742268041
4 0.772093023255814 0.44329896907216493 0.10697674418604651 0.2860824742268041
9 0.8511627906976744 0.4896907216494845 0.0941860465116279 0.2551546391752577
3 0.9255813953488372 0.5283505154639175 0.10697674418604651 0.2422680412371134
0 0.18953488372093022 0.7731958762886598 0.20232558139534884 0.24742268041237114
5 0.32906976744186045 0.8067010309278351 0.14186046511627906 0.31443298969072164
4 0.436046511627907 0.845360824742268 0.1511627906976744 0.30927835051546393
8 0.5430232558139535 0.8737113402061856 0.1511627906976744 0.25257731958762886
5 0.07441860465116279 0.8943298969072165 0.14883720930232558 0.211340206185567
10 0.19651162790697674 0.9484536082474226 0.2069767441860465 0.10309278350515463
3 0.6965116279069767 0.7963917525773195 0.14186046511627906 0.29381443298969073
11 0.8127906976744186 0.8247422680412371 0.18372093023255814 0.35051546391752575
6 0.9313953488372093 0.8634020618556701 0.1372093023255814 0.27319587628865977